NOVOSIBIRS LATITUDE    54.8      LONGITUDE     83        ALTITUDE    0 M
NOVOSIBIRS INSTRUMENT   12-NM-64  NEUTRON MONITOR
NOVOSIBIRS STANDARD PRESSURE    985.5   MB     COEFFICIENT   -0.72     % / MB
NOVOSIBIRS PRE-INCREASE BASELINE TIME INTERVAL    000714    090000-100000   UT
NOVOSIBIRS PRE-INCREASE AVERAGE COUNTING RATE    163.77      COUNTS PER SECOND
NOVOSIBIRS TIME INTERVALS    300         3600     
NOVOSIBIRS SCALE FACTORS     1           1        
STATION    YYMMDD  SEC   TIME (UT)   CODE    UNCORR. PRESS.    CORR.    % INC.	DETRENDED
                         INTERVAL    TD      C/S     (MB)      C/S
NOVOSIBIRS 000713 3600 000000-010000   00     180.55  981.2    175.05     6.90    -9999
NOVOSIBIRS 000713 3600 010000-020000   00     180.00  981.8    175.26     7.00    -9999
NOVOSIBIRS 000713 3600 020000-030000   00     179.86  981.9    175.26     7.00    -9999
NOVOSIBIRS 000713 3600 030000-040000   00     180.38  982.0    175.89     7.40    -9999
NOVOSIBIRS 000713 3600 040000-050000   00     180.03  982.8    176.57     7.80    -9999
NOVOSIBIRS 000713 3600 050000-060000   00     178.92  983.1    175.85     7.40    -9999
NOVOSIBIRS 000713 3600 060000-070000   00     178.57  982.1    174.25     6.40    -9999
NOVOSIBIRS 000713 3600 070000-080000   00     179.65  982.5    175.81     7.40    -9999
NOVOSIBIRS 000713 3600 080000-090000   00     179.89  982.7    176.30     7.70    -9999
NOVOSIBIRS 000713 3600 090000-100000   00     179.20  982.4    175.24     7.00    -9999
NOVOSIBIRS 000713 3600 100000-110000   00     177.00  983.7    174.72     6.70    -9999
NOVOSIBIRS 000713 3600 110000-120000   00     174.18  984.0    172.31     5.20    -9999
NOVOSIBIRS 000713 3600 120000-130000   00     172.69  984.2    171.08     4.50    -9999
NOVOSIBIRS 000713 3600 130000-140000   00     170.67  984.5    169.44     3.50    -9999
NOVOSIBIRS 000713 3600 140000-150000   00     165.62  984.7    164.67     0.50    -9999
NOVOSIBIRS 000713 3600 150000-160000   00     164.16  984.9    163.45    -0.20    -9999
NOVOSIBIRS 000713 3600 160000-170000   00     163.64  984.9    162.93    -0.50    -9999
NOVOSIBIRS 000713 3600 170000-180000   00     163.08  985.1    162.61    -0.70    -9999
NOVOSIBIRS 000713 3600 180000-190000   00     163.39  985.1    162.92    -0.50    -9999
NOVOSIBIRS 000713 3600 190000-200000   00     162.98  985.1    162.51    -0.80    -9999
NOVOSIBIRS 000713 3600 200000-210000   00     163.11  985.0    162.53    -0.80    -9999
NOVOSIBIRS 000713 3600 210000-220000   00     163.64  984.8    162.81    -0.60    -9999
NOVOSIBIRS 000713 3600 220000-230000   00     164.09  984.8    163.26    -0.30    -9999
NOVOSIBIRS 000713 3600 230000-240000   00     165.52  985.2    165.16     0.80    -9999
NOVOSIBIRS 000714 300  000000-000500   00     165.12  985.2    164.72     0.60    -9999
NOVOSIBIRS 000714 300  000500-001000   00     163.41  985.2    163.02    -0.50    -9999
NOVOSIBIRS 000714 300  001000-001500   00     164.69  985.2    164.30     0.30    -9999
NOVOSIBIRS 000714 300  001500-002000   00     164.69  985.2    164.31     0.30    -9999
NOVOSIBIRS 000714 300  002000-002500   00     163.84  985.2    163.47    -0.20    -9999
NOVOSIBIRS 000714 300  002500-003000   00     165.55  985.2    165.18     0.90    -9999
NOVOSIBIRS 000714 300  003000-003500   00     165.55  985.2    165.20     0.90    -9999
NOVOSIBIRS 000714 300  003500-004000   00     163.84  985.2    163.51    -0.20    -9999
NOVOSIBIRS 000714 300  004000-004500   00     164.69  985.2    164.38     0.40    -9999
NOVOSIBIRS 000714 300  004500-005000   00     165.97  985.3    165.68     1.20    -9999
NOVOSIBIRS 000714 300  005000-005500   00     162.99  985.3    162.73    -0.60    -9999
NOVOSIBIRS 000714 300  005500-010000   00     164.27  985.3    164.03     0.20    -9999
NOVOSIBIRS 000714 300  010000-010500   00     164.27  985.4    164.10     0.20    -9999
NOVOSIBIRS 000714 300  010500-011000   00     167.25  985.4    167.12     2.00    -9999
NOVOSIBIRS 000714 300  011000-011500   00     165.12  985.4    165.02     0.80    -9999
NOVOSIBIRS 000714 300  011500-012000   00     163.84  985.4    163.77     0.00    -9999
NOVOSIBIRS 000714 300  012000-012500   00     165.55  985.5    165.50     1.10    -9999
NOVOSIBIRS 000714 300  012500-013000   00     164.69  985.5    164.68     0.60    -9999
NOVOSIBIRS 000714 300  013000-013500   00     163.41  985.5    163.43    -0.20    -9999
NOVOSIBIRS 000714 300  013500-014000   00     164.27  985.5    164.31     0.30    -9999
NOVOSIBIRS 000714 300  014000-014500   00     165.55  985.6    165.62     1.10    -9999
NOVOSIBIRS 000714 300  014500-015000   00     162.99  985.6    163.09    -0.40    -9999
NOVOSIBIRS 000714 300  015000-015500   00     164.69  985.6    164.83     0.60    -9999
NOVOSIBIRS 000714 300  015500-020000   00     162.99  985.6    163.15    -0.40    -9999
NOVOSIBIRS 000714 300  020000-020500   00     162.56  985.7    162.79    -0.60    -9999
NOVOSIBIRS 000714 300  020500-021000   00     163.41  985.7    163.68    -0.10    -9999
NOVOSIBIRS 000714 300  021000-021500   00     163.84  985.7    164.13     0.20    -9999
NOVOSIBIRS 000714 300  021500-022000   00     163.84  985.8    164.15     0.20    -9999
NOVOSIBIRS 000714 300  022000-022500   00     162.56  985.8    162.89    -0.50    -9999
NOVOSIBIRS 000714 300  022500-023000   00     163.84  985.8    164.19     0.30    -9999
NOVOSIBIRS 000714 300  023000-023500   00     164.27  985.8    164.63     0.50    -9999
NOVOSIBIRS 000714 300  023500-024000   00     163.84  985.8    164.21     0.30    -9999
NOVOSIBIRS 000714 300  024000-024500   00     164.69  985.8    165.08     0.80    -9999
NOVOSIBIRS 000714 300  024500-025000   00     163.84  985.8    164.23     0.30    -9999
NOVOSIBIRS 000714 300  025000-025500   00     164.69  985.8    165.09     0.80    -9999
NOVOSIBIRS 000714 300  025500-030000   00     163.84  985.8    164.24     0.30    -9999
NOVOSIBIRS 000714 300  030000-030500   00     163.84  985.8    164.16     0.20    -9999
NOVOSIBIRS 000714 300  030500-031000   00     165.12  985.8    165.45     1.00    -9999
NOVOSIBIRS 000714 300  031000-031500   00     164.27  985.8    164.60     0.50    -9999
NOVOSIBIRS 000714 300  031500-032000   00     163.84  985.8    164.17     0.20    -9999
NOVOSIBIRS 000714 300  032000-032500   00     163.84  985.8    164.18     0.30    -9999
NOVOSIBIRS 000714 300  032500-033000   00     165.12  985.8    165.47     1.00    -9999
NOVOSIBIRS 000714 300  033000-033500   00     163.41  985.8    163.77     0.00    -9999
NOVOSIBIRS 000714 300  033500-034000   00     163.41  985.8    163.78     0.00    -9999
NOVOSIBIRS 000714 300  034000-034500   00     164.27  985.8    164.65     0.50    -9999
NOVOSIBIRS 000714 300  034500-035000   00     164.69  985.8    165.09     0.80    -9999
NOVOSIBIRS 000714 300  035000-035500   00     163.84  985.9    164.26     0.30    -9999
NOVOSIBIRS 000714 300  035500-040000   00     162.56  985.9    162.99    -0.50    -9999
NOVOSIBIRS 000714 300  040000-040500   00     163.84  986.0    164.40     0.40    -9999
NOVOSIBIRS 000714 300  040500-041000   00     163.84  986.0    164.41     0.40    -9999
NOVOSIBIRS 000714 300  041000-041500   00     161.71  986.0    162.28    -0.90    -9999
NOVOSIBIRS 000714 300  041500-042000   00     162.99  986.0    163.57    -0.10    -9999
NOVOSIBIRS 000714 300  042000-042500   00     163.41  986.0    164.01     0.10    -9999
NOVOSIBIRS 000714 300  042500-043000   00     162.99  986.0    163.58    -0.10    -9999
NOVOSIBIRS 000714 300  043000-043500   00     162.56  986.0    163.14    -0.40    -9999
NOVOSIBIRS 000714 300  043500-044000   00     162.99  986.0    163.56    -0.10    -9999
NOVOSIBIRS 000714 300  044000-044500   00     161.71  986.0    162.27    -0.90    -9999
NOVOSIBIRS 000714 300  044500-045000   00     163.84  986.0    164.39     0.40    -9999
NOVOSIBIRS 000714 300  045000-045500   00     164.27  985.9    164.80     0.60    -9999
NOVOSIBIRS 000714 300  045500-050000   00     162.56  985.9    163.06    -0.40    -9999
NOVOSIBIRS 000714 300  050000-050500   00     163.41  985.8    163.75     0.00    -9999
NOVOSIBIRS 000714 300  050500-051000   00     163.41  985.8    163.73     0.00    -9999
NOVOSIBIRS 000714 300  051000-051500   00     163.41  985.7    163.70     0.00    -9999
NOVOSIBIRS 000714 300  051500-052000   00     164.27  985.7    164.54     0.50    -9999
NOVOSIBIRS 000714 300  052000-052500   00     163.41  985.7    163.67    -0.10    -9999
NOVOSIBIRS 000714 300  052500-053000   00     161.71  985.7    161.94    -1.10    -9999
NOVOSIBIRS 000714 300  053000-053500   00     162.13  985.7    162.36    -0.90    -9999
NOVOSIBIRS 000714 300  053500-054000   00     160.43  985.7    160.65    -1.90    -9999
NOVOSIBIRS 000714 300  054000-054500   00     163.84  985.7    164.06     0.20    -9999
NOVOSIBIRS 000714 300  054500-055000   00     163.41  985.7    163.63    -0.10    -9999
NOVOSIBIRS 000714 300  055000-055500   00     160.85  985.7    161.07    -1.60    -9999
NOVOSIBIRS 000714 300  055500-060000   00     163.84  985.7    164.07     0.20    -9999
NOVOSIBIRS 000714 300  060000-060500   00     162.99  985.8    163.33    -0.30    -9999
NOVOSIBIRS 000714 300  060500-061000   00     163.84  985.8    164.19     0.30    -9999
NOVOSIBIRS 000714 300  061000-061500   00     164.27  985.8    164.62     0.50    -9999
NOVOSIBIRS 000714 300  061500-062000   00     164.27  985.8    164.63     0.50    -9999
NOVOSIBIRS 000714 300  062000-062500   00     162.99  985.8    163.34    -0.30    -9999
NOVOSIBIRS 000714 300  062500-063000   00     163.84  985.8    164.20     0.30    -9999
NOVOSIBIRS 000714 300  063000-063500   00     164.27  985.8    164.62     0.50    -9999
NOVOSIBIRS 000714 300  063500-064000   00     163.41  985.8    163.76     0.00    -9999
NOVOSIBIRS 000714 300  064000-064500   00     162.99  985.8    163.32    -0.30    -9999
NOVOSIBIRS 000714 300  064500-065000   00     162.99  985.8    163.31    -0.30    -9999
NOVOSIBIRS 000714 300  065000-065500   00     164.27  985.8    164.57     0.50    -9999
NOVOSIBIRS 000714 300  065500-070000   00     162.99  985.7    163.28    -0.30    -9999
NOVOSIBIRS 000714 300  070000-070500   00     164.69  985.7    164.94     0.70    -9999
NOVOSIBIRS 000714 300  070500-071000   00     164.27  985.7    164.49     0.40    -9999
NOVOSIBIRS 000714 300  071000-071500   00     164.27  985.7    164.47     0.40    -9999
NOVOSIBIRS 000714 300  071500-072000   00     165.12  985.6    165.30     0.90    -9999
NOVOSIBIRS 000714 300  072000-072500   00     166.40  985.6    166.56     1.70    -9999
NOVOSIBIRS 000714 300  072500-073000   00     164.27  985.6    164.40     0.40    -9999
NOVOSIBIRS 000714 300  073000-073500   00     164.69  985.6    164.80     0.60    -9999
NOVOSIBIRS 000714 300  073500-074000   00     164.69  985.6    164.77     0.60    -9999
NOVOSIBIRS 000714 300  074000-074500   00     165.12  985.5    165.17     0.90    -9999
NOVOSIBIRS 000714 300  074500-075000   00     162.99  985.5    163.01    -0.50    -9999
NOVOSIBIRS 000714 300  075000-075500   00     166.40  985.5    166.40     1.60    -9999
NOVOSIBIRS 000714 300  075500-080000   00     164.69  985.5    164.66     0.50    -9999
NOVOSIBIRS 000714 300  080000-080500   00     164.69  985.4    164.55     0.50    -9999
NOVOSIBIRS 000714 300  080500-081000   00     167.25  985.4    167.08     2.00    -9999
NOVOSIBIRS 000714 300  081000-081500   00     163.84  985.3    163.65    -0.10    -9999
NOVOSIBIRS 000714 300  081500-082000   00     164.27  985.3    164.06     0.20    -9999
NOVOSIBIRS 000714 300  082000-082500   00     164.69  985.3    164.47     0.40    -9999
NOVOSIBIRS 000714 300  082500-083000   00     162.99  985.3    162.76    -0.60    -9999
NOVOSIBIRS 000714 300  083000-083500   00     164.27  985.3    164.03     0.20    -9999
NOVOSIBIRS 000714 300  083500-084000   00     164.27  985.3    164.03     0.20    -9999
NOVOSIBIRS 000714 300  084000-084500   00     166.40  985.3    166.16     1.50    -9999
NOVOSIBIRS 000714 300  084500-085000   00     165.12  985.3    164.89     0.70    -9999
NOVOSIBIRS 000714 300  085000-085500   00     162.99  985.3    162.77    -0.60    -9999
NOVOSIBIRS 000714 300  085500-090000   00     163.84  985.3    163.64    -0.10    -9999
NOVOSIBIRS 000714 300  090000-090500   00     164.69  985.5    164.64     0.50    -9999
NOVOSIBIRS 000714 300  090500-091000   00     164.69  985.5    164.66     0.50    -9999
NOVOSIBIRS 000714 300  091000-091500   00     164.69  985.5    164.67     0.60    -9999
NOVOSIBIRS 000714 300  091500-092000   00     161.71  985.5    161.70    -1.30    -9999
NOVOSIBIRS 000714 300  092000-092500   00     164.69  985.5    164.69     0.60    -9999
NOVOSIBIRS 000714 300  092500-093000   00     162.99  985.5    162.99    -0.50    -9999
NOVOSIBIRS 000714 300  093000-093500   00     162.99  985.5    162.99    -0.50    -9999
NOVOSIBIRS 000714 300  093500-094000   00     163.41  985.5    163.41    -0.20    -9999
NOVOSIBIRS 000714 300  094000-094500   00     163.84  985.5    163.83     0.00    -9999
NOVOSIBIRS 000714 300  094500-095000   00     163.84  985.5    163.82     0.00    -9999
NOVOSIBIRS 000714 300  095000-095500   00     162.13  985.5    162.10    -1.00    -9999
NOVOSIBIRS 000714 300  095500-100000   00     165.55  985.5    165.50     1.10    -9999
NOVOSIBIRS 000714 300  100000-100500   00     165.55  985.3    165.36     1.00     1.50
NOVOSIBIRS 000714 300  100500-101000   00     162.13  985.3    161.93    -1.10    -0.60
NOVOSIBIRS 000714 300  101000-101500   00     162.13  985.3    161.92    -1.10    -0.60
NOVOSIBIRS 000714 300  101500-102000   00     162.56  985.3    162.34    -0.90    -0.40
NOVOSIBIRS 000714 300  102000-102500   00     161.28  985.3    161.05    -1.70    -1.20
NOVOSIBIRS 000714 300  102500-103000   00     161.71  985.3    161.47    -1.40    -0.90
NOVOSIBIRS 000714 300  103000-103500   00     162.99  985.3    162.75    -0.60    -0.10
NOVOSIBIRS 000714 300  103500-104000   00     169.39  985.3    169.15     3.30     3.80
NOVOSIBIRS 000714 300  104000-104500   00     170.67  985.3    170.43     4.10     4.60
NOVOSIBIRS 000714 300  104500-105000   00     172.37  985.3    172.15     5.10     5.60
NOVOSIBIRS 000714 300  105000-105500   00     169.81  985.3    169.60     3.60     4.10
NOVOSIBIRS 000714 300  105500-110000   00     170.24  985.3    170.05     3.80     4.30
NOVOSIBIRS 000714 300  110000-110500   00     166.83  985.4    166.70     1.80     2.30
NOVOSIBIRS 000714 300  110500-111000   00     168.53  985.4    168.43     2.80     3.30
NOVOSIBIRS 000714 300  111000-111500   00     171.52  985.4    171.44     4.70     5.20
NOVOSIBIRS 000714 300  111500-112000   00     167.25  985.5    167.19     2.10     2.60
NOVOSIBIRS 000714 300  112000-112500   00     168.53  985.5    168.50     2.90     3.40
NOVOSIBIRS 000714 300  112500-113000   00     165.55  985.5    165.53     1.10     1.60
NOVOSIBIRS 000714 300  113000-113500   00     166.83  985.5    166.84     1.90     2.40
NOVOSIBIRS 000714 300  113500-114000   00     163.84  985.5    163.88     0.10     0.60
NOVOSIBIRS 000714 300  114000-114500   00     165.97  985.6    166.04     1.40     1.90
NOVOSIBIRS 000714 300  114500-115000   00     165.97  985.6    166.07     1.40     1.90
NOVOSIBIRS 000714 300  115000-115500   00     164.27  985.6    164.39     0.40     0.90
NOVOSIBIRS 000714 300  115500-120000   00     165.12  985.6    165.27     0.90     1.40
NOVOSIBIRS 000714 300  120000-120500   00     163.84  985.7    164.05     0.20     0.70
NOVOSIBIRS 000714 300  120500-121000   00     163.84  985.7    164.08     0.20     0.70
NOVOSIBIRS 000714 300  121000-121500   00     165.55  985.7    165.81     1.20     1.70
NOVOSIBIRS 000714 300  121500-122000   00     163.41  985.7    163.70     0.00     0.50
NOVOSIBIRS 000714 300  122000-122500   00     163.41  985.8    163.73     0.00     0.50
NOVOSIBIRS 000714 300  122500-123000   00     165.12  985.8    165.46     1.00     1.50
NOVOSIBIRS 000714 300  123000-123500   00     163.84  985.8    164.21     0.30     0.80
NOVOSIBIRS 000714 300  123500-124000   00     163.84  985.8    164.23     0.30     0.80
NOVOSIBIRS 000714 300  124000-124500   00     164.27  985.8    164.68     0.60     1.10
NOVOSIBIRS 000714 300  124500-125000   00     163.84  985.9    164.28     0.30     0.80
NOVOSIBIRS 000714 300  125000-125500   00     165.55  985.9    166.01     1.40     1.90
NOVOSIBIRS 000714 300  125500-130000   00     163.84  985.9    164.32     0.30     0.80
NOVOSIBIRS 000714 300  130000-130500   00     165.12  986.0    165.67     1.20     1.70
NOVOSIBIRS 000714 300  130500-131000   00     163.84  986.0    164.40     0.40     0.90
NOVOSIBIRS 000714 300  131000-131500   00     162.99  986.0    163.55    -0.10     0.40
NOVOSIBIRS 000714 300  131500-132000   00     162.13  986.0    162.71    -0.60    -0.10
NOVOSIBIRS 000714 300  132000-132500   00     162.99  986.0    163.57    -0.10     0.40
NOVOSIBIRS 000714 300  132500-133000   00     163.41  986.0    164.00     0.10     0.60
NOVOSIBIRS 000714 300  133000-133500   00     165.12  986.0    165.72     1.20     1.70
NOVOSIBIRS 000714 300  133500-134000   00     163.41  986.0    164.00     0.10     0.60
NOVOSIBIRS 000714 300  134000-134500   00     162.99  986.0    163.56    -0.10     0.40
NOVOSIBIRS 000714 300  134500-135000   00     163.84  986.0    164.41     0.40     0.90
NOVOSIBIRS 000714 300  135000-135500   00     163.41  986.0    163.97     0.10     0.60
NOVOSIBIRS 000714 300  135500-140000   00     161.28  986.0    161.81    -1.20    -0.70
NOVOSIBIRS 000714 300  140000-140500   00     160.85  985.9    161.34    -1.50    -1.00
NOVOSIBIRS 000714 300  140500-141000   00     163.41  985.9    163.88     0.10     0.60
NOVOSIBIRS 000714 300  141000-141500   00     163.41  985.9    163.86     0.10     0.60
NOVOSIBIRS 000714 300  141500-142000   00     163.41  985.9    163.84     0.00     0.50
NOVOSIBIRS 000714 300  142000-142500   00     162.13  985.8    162.53    -0.80    -0.30
NOVOSIBIRS 000714 300  142500-143000   00     163.84  985.8    164.21     0.30     0.80
NOVOSIBIRS 000714 300  143000-143500   00     163.41  985.8    163.75     0.00     0.50
NOVOSIBIRS 000714 300  143500-144000   00     163.41  985.8    163.72     0.00     0.50
NOVOSIBIRS 000714 300  144000-144500   00     161.71  985.7    161.98    -1.10    -0.60
NOVOSIBIRS 000714 300  144500-145000   00     163.41  985.7    163.65    -0.10     0.40
NOVOSIBIRS 000714 300  145000-145500   00     164.69  985.7    164.90     0.70     1.20
NOVOSIBIRS 000714 300  145500-150000   00     162.13  985.6    162.30    -0.90    -0.40
NOVOSIBIRS 000714 300  150000-150500   00     165.55  985.5    165.50     1.10     1.60
NOVOSIBIRS 000714 300  150500-151000   00     162.99  985.4    162.91    -0.50     0.00
NOVOSIBIRS 000714 300  151000-151500   00     162.56  985.4    162.46    -0.80    -0.30
NOVOSIBIRS 000714 300  151500-152000   00     161.28  985.4    161.16    -1.60    -1.10
NOVOSIBIRS 000714 300  152000-152500   00     163.41  985.4    163.29    -0.30     0.20
NOVOSIBIRS 000714 300  152500-153000   00     163.84  985.4    163.72     0.00     0.50
NOVOSIBIRS 000714 300  153000-153500   00     164.69  985.4    164.58     0.50     1.00
NOVOSIBIRS 000714 300  153500-154000   00     162.56  985.4    162.47    -0.80    -0.30
NOVOSIBIRS 000714 300  154000-154500   00     163.41  985.4    163.35    -0.30     0.20
NOVOSIBIRS 000714 300  154500-155000   00     161.71  985.5    161.67    -1.30    -0.80
NOVOSIBIRS 000714 300  155000-155500   00     162.56  985.5    162.57    -0.70    -0.20
NOVOSIBIRS 000714 300  155500-160000   00     161.28  985.6    161.34    -1.50    -1.00
NOVOSIBIRS 000714 300  160000-160500   00     162.56  985.9    162.98    -0.50     0.00
NOVOSIBIRS 000714 300  160500-161000   00     164.69  985.9    165.17     0.90     1.40
NOVOSIBIRS 000714 300  161000-161500   00     163.84  985.9    164.36     0.40     0.90
NOVOSIBIRS 000714 300  161500-162000   00     162.56  986.0    163.11    -0.40     0.10
NOVOSIBIRS 000714 300  162000-162500   00     162.56  986.0    163.13    -0.40     0.10
NOVOSIBIRS 000714 300  162500-163000   00     162.13  986.0    162.71    -0.60    -0.10
NOVOSIBIRS 000714 300  163000-163500   00     161.28  986.0    161.86    -1.20    -0.70
NOVOSIBIRS 000714 300  163500-164000   00     161.28  986.0    161.86    -1.20    -0.70
NOVOSIBIRS 000714 300  164000-164500   00     161.28  986.0    161.85    -1.20    -0.70
NOVOSIBIRS 000714 300  164500-165000   00     162.56  986.0    163.11    -0.40     0.10
NOVOSIBIRS 000714 300  165000-165500   00     162.99  985.9    163.51    -0.20     0.30
NOVOSIBIRS 000714 300  165500-170000   00     164.69  985.9    165.18     0.90     1.40
NOVOSIBIRS 000714 300  170000-170500   00     162.56  985.7    162.76    -0.60    -0.10
NOVOSIBIRS 000714 300  170500-171000   00     161.28  985.6    161.43    -1.40    -0.90
NOVOSIBIRS 000714 300  171000-171500   00     163.84  985.6    163.95     0.10     0.60
NOVOSIBIRS 000714 300  171500-172000   00     161.71  985.6    161.78    -1.20    -0.70
NOVOSIBIRS 000714 300  172000-172500   00     165.97  985.5    166.02     1.40     1.90
NOVOSIBIRS 000714 300  172500-173000   00     161.71  985.5    161.72    -1.30    -0.80
NOVOSIBIRS 000714 300  173000-173500   00     162.99  985.5    162.97    -0.50     0.00
NOVOSIBIRS 000714 300  173500-174000   00     164.69  985.5    164.66     0.50     1.00
NOVOSIBIRS 000714 300  174000-174500   00     162.99  985.5    162.94    -0.50     0.00
NOVOSIBIRS 000714 300  174500-175000   00     161.71  985.4    161.65    -1.30    -0.80
NOVOSIBIRS 000714 300  175000-175500   00     159.57  985.4    159.51    -2.60    -2.10
NOVOSIBIRS 000714 300  175500-180000   00     163.84  985.4    163.77     0.00     0.50
NOVOSIBIRS 000714 300  180000-180500   00     162.99  985.5    163.00    -0.50    -9999
NOVOSIBIRS 000714 300  180500-181000   00     160.00  985.5    160.01    -2.30    -9999
NOVOSIBIRS 000714 300  181000-181500   00     162.56  985.5    162.57    -0.70    -9999
NOVOSIBIRS 000714 300  181500-182000   00     164.27  985.5    164.28     0.30    -9999
NOVOSIBIRS 000714 300  182000-182500   00     163.41  985.5    163.42    -0.20    -9999
NOVOSIBIRS 000714 300  182500-183000   00     162.99  985.5    162.99    -0.50    -9999
NOVOSIBIRS 000714 300  183000-183500   00     163.84  985.5    163.84     0.00    -9999
NOVOSIBIRS 000714 300  183500-184000   00     161.71  985.5    161.70    -1.30    -9999
NOVOSIBIRS 000714 300  184000-184500   00     162.56  985.5    162.55    -0.70    -9999
NOVOSIBIRS 000714 300  184500-185000   00     164.69  985.5    164.67     0.60    -9999
NOVOSIBIRS 000714 300  185000-185500   00     164.27  985.5    164.24     0.30    -9999
NOVOSIBIRS 000714 300  185500-190000   00     162.13  985.5    162.09    -1.00    -9999
NOVOSIBIRS 000714 300  190000-190500   00     161.71  985.4    161.60    -1.30    -9999
NOVOSIBIRS 000714 300  190500-191000   00     164.27  985.4    164.15     0.20    -9999
NOVOSIBIRS 000714 300  191000-191500   00     164.27  985.4    164.15     0.20    -9999
NOVOSIBIRS 000714 300  191500-192000   00     165.12  985.4    165.00     0.70    -9999
NOVOSIBIRS 000714 300  192000-192500   00     163.84  985.4    163.72     0.00    -9999
NOVOSIBIRS 000714 300  192500-193000   00     164.27  985.4    164.15     0.20    -9999
NOVOSIBIRS 000714 300  193000-193500   00     163.84  985.4    163.72     0.00    -9999
NOVOSIBIRS 000714 300  193500-194000   00     163.84  985.4    163.73     0.00    -9999
NOVOSIBIRS 000714 300  194000-194500   00     162.13  985.4    162.04    -1.10    -9999
NOVOSIBIRS 000714 300  194500-195000   00     163.41  985.4    163.33    -0.30    -9999
NOVOSIBIRS 000714 300  195000-195500   00     163.84  985.4    163.77     0.00    -9999
NOVOSIBIRS 000714 300  195500-200000   00     162.56  985.5    162.51    -0.80    -9999
NOVOSIBIRS 000714 300  200000-200500   00     165.55  985.6    165.63     1.10    -9999
NOVOSIBIRS 000714 300  200500-201000   00     162.56  985.6    162.66    -0.70    -9999
NOVOSIBIRS 000714 300  201000-201500   00     163.41  985.6    163.52    -0.20    -9999
NOVOSIBIRS 000714 300  201500-202000   00     166.40  985.6    166.52     1.70    -9999
NOVOSIBIRS 000714 300  202000-202500   00     164.27  985.6    164.39     0.40    -9999
NOVOSIBIRS 000714 300  202500-203000   00     163.41  985.6    163.53    -0.10    -9999
NOVOSIBIRS 000714 300  203000-203500   00     160.85  985.6    160.97    -1.70    -9999
NOVOSIBIRS 000714 300  203500-204000   00     163.84  985.6    163.95     0.10    -9999
NOVOSIBIRS 000714 300  204000-204500   00     159.57  985.6    159.66    -2.50    -9999
NOVOSIBIRS 000714 300  204500-205000   00     162.13  985.6    162.21    -1.00    -9999
NOVOSIBIRS 000714 300  205000-205500   00     162.13  985.5    162.19    -1.00    -9999
NOVOSIBIRS 000714 300  205500-210000   00     164.69  985.5    164.72     0.60    -9999
NOVOSIBIRS 000714 300  210000-210500   00     162.56  985.4    162.40    -0.80    -9999
NOVOSIBIRS 000714 300  210500-211000   00     161.28  985.3    161.10    -1.60    -9999
NOVOSIBIRS 000714 300  211000-211500   00     161.71  985.3    161.50    -1.40    -9999
NOVOSIBIRS 000714 300  211500-212000   00     164.27  985.3    164.05     0.20    -9999
NOVOSIBIRS 000714 300  212000-212500   00     164.69  985.3    164.46     0.40    -9999
NOVOSIBIRS 000714 300  212500-213000   00     162.99  985.3    162.75    -0.60    -9999
NOVOSIBIRS 000714 300  213000-213500   00     162.99  985.3    162.75    -0.60    -9999
NOVOSIBIRS 000714 300  213500-214000   00     161.28  985.3    161.05    -1.70    -9999
NOVOSIBIRS 000714 300  214000-214500   00     163.84  985.3    163.62    -0.10    -9999
NOVOSIBIRS 000714 300  214500-215000   00     163.41  985.3    163.21    -0.30    -9999
NOVOSIBIRS 000714 300  215000-215500   00     164.27  985.3    164.08     0.20    -9999
NOVOSIBIRS 000714 300  215500-220000   00     161.71  985.4    161.55    -1.40    -9999
NOVOSIBIRS 000714 300  220000-220500   00     162.56  985.5    162.57    -0.70    -9999
NOVOSIBIRS 000714 300  220500-221000   00     161.71  985.5    161.75    -1.20    -9999
NOVOSIBIRS 000714 300  221000-221500   00     161.28  985.6    161.34    -1.50    -9999
NOVOSIBIRS 000714 300  221500-222000   00     163.41  985.6    163.50    -0.20    -9999
NOVOSIBIRS 000714 300  222000-222500   00     162.13  985.6    162.23    -0.90    -9999
NOVOSIBIRS 000714 300  222500-223000   00     162.56  985.6    162.67    -0.70    -9999
NOVOSIBIRS 000714 300  223000-223500   00     162.99  985.6    163.11    -0.40    -9999
NOVOSIBIRS 000714 300  223500-224000   00     160.43  985.6    160.55    -2.00    -9999
NOVOSIBIRS 000714 300  224000-224500   00     162.13  985.6    162.26    -0.90    -9999
NOVOSIBIRS 000714 300  224500-225000   00     159.57  985.6    159.70    -2.50    -9999
NOVOSIBIRS 000714 300  225000-225500   00     161.28  985.6    161.41    -1.40    -9999
NOVOSIBIRS 000714 300  225500-230000   00     162.56  985.6    162.68    -0.70    -9999
NOVOSIBIRS 000714 300  230000-230500   00     163.41  985.5    163.38    -0.20    -9999
NOVOSIBIRS 000714 300  230500-231000   00     161.71  985.5    161.67    -1.30    -9999
NOVOSIBIRS 000714 300  231000-231500   00     162.99  985.5    162.95    -0.50    -9999
NOVOSIBIRS 000714 300  231500-232000   00     161.71  985.5    161.67    -1.30    -9999
NOVOSIBIRS 000714 300  232000-232500   00     161.71  985.5    161.68    -1.30    -9999
NOVOSIBIRS 000714 300  232500-233000   00     162.99  985.5    162.98    -0.50    -9999
NOVOSIBIRS 000714 300  233000-233500   00     161.71  985.5    161.72    -1.30    -9999
NOVOSIBIRS 000714 300  233500-234000   00     161.28  985.5    161.31    -1.50    -9999
NOVOSIBIRS 000714 300  234000-234500   00     162.13  985.6    162.20    -1.00    -9999
NOVOSIBIRS 000714 300  234500-235000   00     160.43  985.6    160.52    -2.00    -9999
NOVOSIBIRS 000714 300  235000-235500   00     161.71  985.6    161.84    -1.20    -9999
NOVOSIBIRS 000714 300  235500-240000   00     162.56  985.7    162.74    -0.60    -9999
NOVOSIBIRS 000715 3600 000000-010000   00     162.52  986.0    163.11    -0.40    -9999
NOVOSIBIRS 000715 3600 010000-020000   00     161.55  986.2    162.36    -0.90    -9999
NOVOSIBIRS 000715 3600 020000-030000   00     162.59  986.5    163.77     0.00    -9999
NOVOSIBIRS 000715 3600 030000-040000   00     163.01  986.1    163.72     0.00    -9999
NOVOSIBIRS 000715 3600 040000-050000   00     162.45  986.7    163.86     0.10    -9999
NOVOSIBIRS 000715 3600 050000-060000   00     163.01  986.8    164.54     0.50    -9999
NOVOSIBIRS 000715 3600 060000-070000   00     162.84  986.9    164.49     0.40    -9999
NOVOSIBIRS 000715 3600 070000-080000   00     163.32  986.9    164.98     0.70    -9999
NOVOSIBIRS 000715 3600 080000-090000   00     162.45  986.7    163.86     0.10    -9999
NOVOSIBIRS 000715 3600 090000-100000   00     162.24  986.9    163.89     0.10    -9999
NOVOSIBIRS 000715 3600 100000-110000   00     161.79  987.3    163.90     0.10    -9999
NOVOSIBIRS 000715 3600 110000-120000   00     161.10  987.5    163.43    -0.20    -9999
NOVOSIBIRS 000715 3600 120000-130000   00     160.82  987.5    163.15    -0.40    -9999
NOVOSIBIRS 000715 3600 130000-140000   00     159.88  988.1    162.90    -0.50    -9999
NOVOSIBIRS 000715 3600 140000-150000   00     159.42  988.3    162.67    -0.70    -9999
NOVOSIBIRS 000715 3600 150000-160000   00     159.84  988.2    162.98    -0.50    -9999
NOVOSIBIRS 000715 3600 160000-170000   00     159.88  988.4    163.25    -0.30    -9999
NOVOSIBIRS 000715 3600 170000-180000   00     158.59  988.4    161.94    -1.10    -9999
NOVOSIBIRS 000715 3600 180000-190000   00     157.75  988.2    160.85    -1.80    -9999
NOVOSIBIRS 000715 3600 190000-200000   00     158.10  987.6    160.51    -2.00    -9999
NOVOSIBIRS 000715 3600 200000-210000   00     155.35  987.7    157.83    -3.60    -9999
NOVOSIBIRS 000715 3600 210000-220000   00     154.13  988.1    157.05    -4.10    -9999
NOVOSIBIRS 000715 3600 220000-230000   00     150.06  987.9    152.68    -6.80    -9999
NOVOSIBIRS 000715 3600 230000-240000   00    -999.00 -999.0   -999.00    -9999    -9999
*
*	
*COMMENT    DATA VERIFIED0BY E.A.EROSHENKO	
COMMENT UNIVERISTY OF OULU: FILE GENERATED FROM DATABASE AND OBTAINED FROM
COMMENT https://gle.oulu.fi at 2022-05-13 14:50:50 +00:00
COMMENT FOR HISTORICAL/ORIGINAL TEXT FILES SEE https://gle.oulu.fi/txtarchive/
COMMENT ORIGINAL AT https://gle.oulu.fi/txtarchive/GLE59/C059NVBK_cor.DAT
COMMENT DETRENDED DATA SHOW -9999 IF EQUAL TO INC% COLUMN 