POTCHEFSTR LATITUDE    -26.68    LONGITUDE     27.1      ALTITUDE    1351 M
POTCHEFSTR INSTRUMENT   IGY     NEUTRON MONITOR
POTCHEFSTR STANDARD PRESSURE    867.69  MB     COEFFICIENT   -0.74     % / MB
POTCHEFSTR PRE-INCREASE BASELINE TIME INTERVAL    000714    090000-100000   UT
POTCHEFSTR PRE-INCREASE AVERAGE COUNTING RATE     49.72      COUNTS PER SECOND
POTCHEFSTR TIME INTERVALS    3600     
POTCHEFSTR SCALE FACTORS     1        
STATION    YYMMDD  SEC   TIME (UT)   CODE    UNCORR. PRESS.    CORR.    % INC.	DETRENDED
                         INTERVAL    TD      C/S     (MB)      C/S
POTCHEFSTR 000713 3600 000000-010000   00    -999.00  870.4     53.39     7.40    -9999
POTCHEFSTR 000713 3600 010000-020000   00    -999.00  870.3     52.94     6.50    -9999
POTCHEFSTR 000713 3600 020000-030000   00    -999.00  870.1     53.19     7.00    -9999
POTCHEFSTR 000713 3600 030000-040000   00    -999.00  870.1     52.56     5.70    -9999
POTCHEFSTR 000713 3600 040000-050000   00    -999.00  870.4     52.58     5.80    -9999
POTCHEFSTR 000713 3600 050000-060000   00    -999.00  870.5     52.47     5.50    -9999
POTCHEFSTR 000713 3600 060000-070000   00    -999.00  870.8     52.61     5.80    -9999
POTCHEFSTR 000713 3600 070000-080000   00    -999.00  871.1     52.92     6.40    -9999
POTCHEFSTR 000713 3600 080000-090000   00    -999.00  870.8     52.94     6.50    -9999
POTCHEFSTR 000713 3600 090000-100000   00    -999.00  870.0     53.22     7.00    -9999
POTCHEFSTR 000713 3600 100000-110000   00    -999.00  868.9     52.58     5.80    -9999
POTCHEFSTR 000713 3600 110000-120000   00    -999.00  867.9     52.42     5.40    -9999
POTCHEFSTR 000713 3600 120000-130000   00    -999.00  867.2     52.47     5.50    -9999
POTCHEFSTR 000713 3600 130000-140000   00    -999.00  867.1     52.00     4.60    -9999
POTCHEFSTR 000713 3600 140000-150000   00    -999.00  867.1     50.81     2.20    -9999
POTCHEFSTR 000713 3600 150000-160000   00    -999.00  867.2     50.81     2.20    -9999
POTCHEFSTR 000713 3600 160000-170000   00    -999.00  867.5     50.67     1.90    -9999
POTCHEFSTR 000713 3600 170000-180000   00    -999.00  868.0     50.19     0.90    -9999
POTCHEFSTR 000713 3600 180000-190000   00    -999.00  868.4     49.89     0.30    -9999
POTCHEFSTR 000713 3600 190000-200000   00    -999.00  868.7     49.64    -0.20    -9999
POTCHEFSTR 000713 3600 200000-210000   00    -999.00  868.7     50.03     0.60    -9999
POTCHEFSTR 000713 3600 210000-220000   00    -999.00  868.7     49.53    -0.40    -9999
POTCHEFSTR 000713 3600 220000-230000   00    -999.00  868.5     49.81     0.20    -9999
POTCHEFSTR 000713 3600 230000-240000   00    -999.00  868.1     49.94     0.40    -9999
POTCHEFSTR 000714 3600 000000-010000   00    -999.00  867.7     49.47    -0.50    -9999
POTCHEFSTR 000714 3600 010000-020000   00    -999.00  867.2     49.72     0.00    -9999
POTCHEFSTR 000714 3600 020000-030000   00    -999.00  866.5     50.11     0.80    -9999
POTCHEFSTR 000714 3600 030000-040000   00    -999.00  866.3     50.03     0.60    -9999
POTCHEFSTR 000714 3600 040000-050000   00    -999.00  866.3     50.31     1.20    -9999
POTCHEFSTR 000714 3600 050000-060000   00    -999.00  866.3     50.19     0.90    -9999
POTCHEFSTR 000714 3600 060000-070000   00    -999.00  866.7     50.39     1.30    -9999
POTCHEFSTR 000714 3600 070000-080000   00    -999.00  866.9     50.28     1.10    -9999
POTCHEFSTR 000714 3600 080000-090000   00    -999.00  866.5     49.81     0.20    -9999
POTCHEFSTR 000714 3600 090000-100000   00    -999.00  865.5     49.72     0.00    -9999
POTCHEFSTR 000714 3600 100000-110000   00    -999.00  864.5     50.28     1.10    -9999
POTCHEFSTR 000714 3600 110000-120000   00    -999.00  863.6     50.31     1.20    -9999
POTCHEFSTR 000714 3600 120000-130000   00    -999.00  862.9     50.22     1.00    -9999
POTCHEFSTR 000714 3600 130000-140000   00    -999.00  862.5     49.86     0.30    -9999
POTCHEFSTR 000714 3600 140000-150000   00    -999.00  862.7     49.97     0.50    -9999
POTCHEFSTR 000714 3600 150000-160000   00    -999.00  862.8     49.92     0.40    -9999
POTCHEFSTR 000714 3600 160000-170000   00    -999.00  863.2     50.00     0.60    -9999
POTCHEFSTR 000714 3600 170000-180000   00    -999.00  862.9     49.58    -0.30    -9999
POTCHEFSTR 000714 3600 180000-190000   00    -999.00  862.9     49.53    -0.40    -9999
POTCHEFSTR 000714 3600 190000-200000   00    -999.00  862.9     49.81     0.20    -9999
POTCHEFSTR 000714 3600 200000-210000   00    -999.00  862.3     49.92     0.40    -9999
POTCHEFSTR 000714 3600 210000-220000   00    -999.00  861.9     49.64    -0.20    -9999
POTCHEFSTR 000714 3600 220000-230000   00    -999.00  861.3     49.56    -0.30    -9999
POTCHEFSTR 000714 3600 230000-240000   00    -999.00  861.2     50.00     0.60    -9999
POTCHEFSTR 000715 3600 000000-010000   00    -999.00  862.3     49.64    -0.20    -9999
POTCHEFSTR 000715 3600 010000-020000   00    -999.00  862.4     49.67    -0.10    -9999
POTCHEFSTR 000715 3600 020000-030000   00    -999.00  862.4     49.78     0.10    -9999
POTCHEFSTR 000715 3600 030000-040000   00    -999.00  862.5     50.06     0.70    -9999
POTCHEFSTR 000715 3600 040000-050000   00    -999.00  862.9     50.42     1.40    -9999
POTCHEFSTR 000715 3600 050000-060000   00    -999.00  862.9     50.22     1.00    -9999
POTCHEFSTR 000715 3600 060000-070000   00    -999.00  863.3     50.28     1.10    -9999
POTCHEFSTR 000715 3600 070000-080000   00    -999.00  863.7     50.47     1.50    -9999
POTCHEFSTR 000715 3600 080000-090000   00    -999.00  864.0     50.39     1.30    -9999
POTCHEFSTR 000715 3600 090000-100000   00    -999.00  863.7     50.33     1.20    -9999
POTCHEFSTR 000715 3600 100000-110000   00    -999.00  863.2     50.25     1.10    -9999
POTCHEFSTR 000715 3600 110000-120000   00    -999.00  862.8     50.72     2.00    -9999
POTCHEFSTR 000715 3600 120000-130000   00    -999.00  863.1     50.28     1.10    -9999
POTCHEFSTR 000715 3600 130000-140000   00    -999.00  863.5     50.61     1.80    -9999
POTCHEFSTR 000715 3600 140000-150000   00    -999.00  864.0     50.14     0.80    -9999
POTCHEFSTR 000715 3600 150000-160000   00    -999.00  864.8     49.50    -0.40    -9999
POTCHEFSTR 000715 3600 160000-170000   00    -999.00  866.0     50.36     1.30    -9999
POTCHEFSTR 000715 3600 170000-180000   00    -999.00  866.8     50.06     0.70    -9999
POTCHEFSTR 000715 3600 180000-190000   00    -999.00  867.6     50.06     0.70    -9999
POTCHEFSTR 000715 3600 190000-200000   00    -999.00  868.5     49.94     0.40    -9999
POTCHEFSTR 000715 3600 200000-210000   00    -999.00  869.1     49.58    -0.30    -9999
POTCHEFSTR 000715 3600 210000-220000   00    -999.00  869.7     50.11     0.80    -9999
POTCHEFSTR 000715 3600 220000-230000   00    -999.00  870.3     48.06    -3.30    -9999
POTCHEFSTR 000715 3600 230000-240000   00    -999.00  870.8     48.42    -2.60    -9999
*
COMMENT UNIVERISTY OF OULU: FILE GENERATED FROM DATABASE AND OBTAINED FROM
COMMENT https://gle.oulu.fi at 2022-05-13 14:50:50 +00:00
COMMENT FOR HISTORICAL/ORIGINAL TEXT FILES SEE https://gle.oulu.fi/txtarchive/
COMMENT ORIGINAL AT https://gle.oulu.fi/txtarchive/GLE59/C059PTFM.DAT
COMMENT DETRENDED DATA SHOW -9999 IF EQUAL TO INC% COLUMN 