THULE      LATITUDE    76.58     LONGITUDE     291.58    ALTITUDE    260 M
THULE      INSTRUMENT   IGY     NEUTRON MONITOR                           
THULE      STANDARD PRESSURE    754     MMHG   COEFFICIENT   -0.99     % / MMHG
THULE      PRE-INCREASE BASELINE TIME INTERVAL    000714    090000-100000   UT
THULE      PRE-INCREASE AVERAGE COUNTING RATE    104.19      COUNTS PER SECOND
THULE      TIME INTERVALS    300         3600     
THULE      SCALE FACTORS     1           1        
STATION    YYMMDD  SEC   TIME (UT)   CODE    UNCORR. PRESS.    CORR.    % INC.	DETRENDED
                         INTERVAL    TD      C/S    (MMHG)     C/S
THULE      000713 3600 000000-010000   00     113.64  751.4    110.72     6.30    -9999
THULE      000713 3600 010000-020000   00     114.06  751.2    110.97     6.50    -9999
THULE      000713 3600 020000-030000   00     114.00  751.0    110.72     6.30    -9999
THULE      000713 3600 030000-040000   00     114.50  751.0    111.11     6.60    -9999
THULE      000713 3600 040000-050000   00     114.83  751.0    111.42     6.90    -9999
THULE      000713 3600 050000-060000   00     114.22  750.9    110.72     6.30    -9999
THULE      000713 3600 060000-070000   00     114.19  750.9    110.69     6.20    -9999
THULE      000713 3600 070000-080000   00     114.44  750.7    110.81     6.30    -9999
THULE      000713 3600 080000-090000   00     112.72  750.5    108.94     4.60    -9999
THULE      000713 3600 090000-100000   00     112.83  750.4    108.83     4.50    -9999
THULE      000713 3600 100000-110000   00     111.31  750.4    107.33     3.00    -9999
THULE      000713 3600 110000-120000   00     110.08  750.2    105.97     1.70    -9999
THULE      000713 3600 120000-130000   00     110.25  750.0    106.03     1.80    -9999
THULE      000713 3600 130000-140000   00     108.72  750.0    104.56     0.30    -9999
THULE      000713 3600 140000-150000   00     108.08  749.9    103.72    -0.50    -9999
THULE      000713 3600 150000-160000   00     110.53  749.7    105.89     1.60    -9999
THULE      000713 3600 160000-170000   00     107.78  749.7    103.36    -0.80    -9999
THULE      000713 3600 170000-180000   00     107.69  749.7    103.14    -1.00    -9999
THULE      000713 3600 180000-190000   00     107.25  749.5    102.64    -1.50    -9999
THULE      000713 3600 190000-200000   00     107.47  749.5    102.83    -1.30    -9999
THULE      000713 3600 200000-210000   00     107.36  749.7    102.83    -1.30    -9999
THULE      000713 3600 210000-220000   00     106.97  749.7    102.44    -1.70    -9999
THULE      000713 3600 220000-230000   00     106.50  749.5    101.92    -2.20    -9999
THULE      000713 3600 230000-240000   00     106.17  749.7    101.69    -2.40    -9999
THULE      000714 3600 000000-010000   00     106.50  749.9    102.22    -1.90    -9999
THULE      000714 3600 010000-020000   00     106.50  750.0    102.31    -1.80    -9999
THULE      000714 3600 020000-030000   00     107.11  749.9    102.81    -1.30    -9999
THULE      000714 3600 030000-040000   00     107.28  749.7    102.86    -1.30    -9999
THULE      000714 3600 040000-050000   00     107.58  749.9    103.25    -0.90    -9999
THULE      000714 3600 050000-060000   00     108.00  749.9    103.67    -0.50    -9999
THULE      000714 3600 060000-070000   00     108.53  749.9    104.17     0.00    -9999
THULE      000714 3600 070000-080000   00     108.25  749.7    103.81    -0.40    -9999
THULE      000714 300  080000-080500   00     110.26  749.8    105.71     1.40    -9999
THULE      000714 300  080500-081000   00     107.25  749.8    102.83    -1.30    -9999
THULE      000714 300  081000-081500   00     109.82  749.8    105.30     1.00    -9999
THULE      000714 300  081500-082000   00     108.54  749.8    104.07    -0.10    -9999
THULE      000714 300  082000-082500   00     108.11  749.8    103.66    -0.50    -9999
THULE      000714 300  082500-083000   00     108.11  749.8    103.66    -0.50    -9999
THULE      000714 300  083000-083500   00     108.54  749.8    104.07    -0.10    -9999
THULE      000714 300  083500-084000   00     108.97  749.8    104.48     0.30    -9999
THULE      000714 300  084000-084500   00     108.97  749.8    104.48     0.30    -9999
THULE      000714 300  084500-085000   00     108.97  749.8    104.48     0.30    -9999
THULE      000714 300  085000-085500   00     108.97  749.8    104.48     0.30    -9999
THULE      000714 300  085500-090000   00     108.97  749.9    104.57     0.30    -9999
THULE      000714 300  090000-090500   00     108.11  749.9    103.76    -0.40    -9999
THULE      000714 300  090500-091000   00     108.11  749.9    103.76    -0.40    -9999
THULE      000714 300  091000-091500   00     108.54  749.9    104.17     0.00    -9999
THULE      000714 300  091500-092000   00     110.69  749.9    106.23     2.00    -9999
THULE      000714 300  092000-092500   00     108.11  749.9    103.76    -0.40    -9999
THULE      000714 300  092500-093000   00     108.11  749.9    103.76    -0.40    -9999
THULE      000714 300  093000-093500   00     107.25  749.9    102.91    -1.20    -9999
THULE      000714 300  093500-094000   00     108.11  749.8    103.66    -0.50    -9999
THULE      000714 300  094000-094500   00     109.40  749.8    104.89     0.70    -9999
THULE      000714 300  094500-095000   00     109.40  749.8    104.89     0.70    -9999
THULE      000714 300  095000-095500   00     109.40  749.8    104.89     0.70    -9999
THULE      000714 300  095500-100000   00     108.97  749.8    104.48     0.30    -9999
THULE      000714 300  100000-100500   00     108.54  749.7    103.97    -0.20    -0.26
THULE      000714 300  100500-101000   00     107.68  749.7    103.14    -1.00    -1.06
THULE      000714 300  101000-101500   00     110.68  749.7    106.02     1.70     1.64
THULE      000714 300  101500-102000   00     109.40  749.7    104.79     0.50     0.44
THULE      000714 300  102000-102500   00     107.25  749.7    102.73    -1.40    -1.45
THULE      000714 300  102500-103000   00     108.11  749.7    103.56    -0.60    -0.65
THULE      000714 300  103000-103500   00     111.97  749.7    107.25     2.90     2.85
THULE      000714 300  103500-104000   00     135.14  749.7    129.44    24.20    24.15
THULE      000714 300  104000-104500   00     152.73  749.7    146.29    40.40    40.36
THULE      000714 300  104500-105000   00     146.72  749.7    140.54    34.90    34.86
THULE      000714 300  105000-105500   00     148.44  749.7    142.18    36.50    36.46
THULE      000714 300  105500-110000   00     144.57  749.7    138.49    32.90    32.86
THULE      000714 300  110000-110500   00     140.71  749.7    134.79    29.30    29.27
THULE      000714 300  110500-111000   00     142.86  749.7    136.84    31.30    31.27
THULE      000714 300  111000-111500   00     143.29  749.7    137.25    31.70    31.67
THULE      000714 300  111500-112000   00     145.43  749.7    139.31    33.70    33.67
THULE      000714 300  112000-112500   00     140.29  749.7    134.37    29.00    28.98
THULE      000714 300  112500-113000   00     142.43  749.7    136.43    30.90    30.88
THULE      000714 300  113000-113500   00     140.72  749.7    134.78    29.40    29.38
THULE      000714 300  113500-114000   00     137.71  749.7    131.91    26.60    26.58
THULE      000714 300  114000-114500   00     137.28  749.7    131.50    26.20    26.19
THULE      000714 300  114500-115000   00     140.28  749.7    134.38    28.90    28.89
THULE      000714 300  115000-115500   00     136.85  749.7    131.09    25.80    25.79
THULE      000714 300  115500-120000   00     132.99  749.7    127.39    22.30    22.29
THULE      000714 300  120000-120500   00     134.28  749.7    128.62    23.40    23.39
THULE      000714 300  120500-121000   00     130.85  749.7    125.33    20.30    20.30
THULE      000714 300  121000-121500   00     132.56  749.7    126.98    21.90    21.90
THULE      000714 300  121500-122000   00     129.56  749.7    124.10    19.10    19.10
THULE      000714 300  122000-122500   00     131.28  749.7    125.74    20.70    20.70
THULE      000714 300  122500-123000   00     130.85  749.7    125.33    20.30    20.30
THULE      000714 300  123000-123500   00     126.56  749.7    121.22    16.30    16.31
THULE      000714 300  123500-124000   00     126.99  749.7    121.63    16.70    16.71
THULE      000714 300  124000-124500   00     126.56  749.7    121.22    16.40    16.41
THULE      000714 300  124500-125000   00     122.70  749.7    117.52    12.80    12.81
THULE      000714 300  125000-125500   00     124.84  749.8    119.65    14.80    14.81
THULE      000714 300  125500-130000   00     125.27  749.8    120.11    15.30    15.31
THULE      000714 300  130000-130500   00     121.84  749.8    116.82    12.10    12.11
THULE      000714 300  130500-131000   00     123.12  749.8    118.05    13.30    13.32
THULE      000714 300  131000-131500   00     122.27  749.8    117.23    12.50    12.52
THULE      000714 300  131500-132000   00     123.56  749.8    118.46    13.70    13.72
THULE      000714 300  132000-132500   00     122.27  749.8    117.23    12.50    12.52
THULE      000714 300  132500-133000   00     120.12  749.8    115.17    10.50    10.52
THULE      000714 300  133000-133500   00     120.55  749.8    115.58    10.90    10.92
THULE      000714 300  133500-134000   00     120.12  749.8    115.17    10.50    10.52
THULE      000714 300  134000-134500   00     120.12  749.8    115.17    10.50    10.53
THULE      000714 300  134500-135000   00     119.69  749.8    114.76    10.10    10.13
THULE      000714 300  135000-135500   00     117.55  749.8    112.71     8.20     8.23
THULE      000714 300  135500-140000   00     120.12  749.8    115.17    10.50    10.53
THULE      000714 300  140000-140500   00     117.55  749.8    112.71     8.20     8.23
THULE      000714 300  140500-141000   00     116.26  749.8    111.47     7.00     7.03
THULE      000714 300  141000-141500   00     117.98  749.8    113.12     8.60     8.63
THULE      000714 300  141500-142000   00     116.69  749.8    111.88     7.40     7.43
THULE      000714 300  142000-142500   00     115.40  749.8    110.65     6.20     6.23
THULE      000714 300  142500-143000   00     116.26  749.8    111.47     7.00     7.03
THULE      000714 300  143000-143500   00     115.40  749.8    110.65     6.20     6.23
THULE      000714 300  143500-144000   00     116.26  749.8    111.47     7.00     7.04
THULE      000714 300  144000-144500   00     115.83  749.8    111.06     6.60     6.64
THULE      000714 300  144500-145000   00     114.98  749.8    110.24     5.80     5.84
THULE      000714 300  145000-145500   00     115.41  749.8    110.65     6.20     6.24
THULE      000714 300  145500-150000   00     116.69  749.8    111.88     7.40     7.44
THULE      000714 300  150000-150500   00     114.97  749.8    110.24     5.80     5.84
THULE      000714 300  150500-151000   00     115.83  749.8    111.06     6.60     6.64
THULE      000714 300  151000-151500   00     114.55  749.8    109.83     5.40     5.44
THULE      000714 300  151500-152000   00     115.40  749.7    110.61     6.10     6.14
THULE      000714 300  152000-152500   00     114.97  749.8    110.24     5.80     5.84
THULE      000714 300  152500-153000   00     114.55  749.8    109.82     5.40     5.44
THULE      000714 300  153000-153500   00     114.55  749.8    109.82     5.40     5.44
THULE      000714 300  153500-154000   00     113.69  749.8    109.00     4.60     4.64
THULE      000714 300  154000-154500   00     111.97  749.8    107.36     3.00     3.04
THULE      000714 300  154500-155000   00     111.97  749.7    107.31     3.00     3.04
THULE      000714 300  155000-155500   00     114.98  749.7    110.13     5.70     5.74
THULE      000714 300  155500-160000   00     114.54  749.7    109.72     5.30     5.34
THULE      000714 300  160000-160500   00     111.54  749.7    106.87     2.60     2.64
THULE      000714 300  160500-161000   00     112.83  749.8    108.18     3.80     3.84
THULE      000714 300  161000-161500   00     112.40  749.8    107.77     3.40     3.44
THULE      000714 300  161500-162000   00     112.83  749.8    108.18     3.80     3.84
THULE      000714 300  162000-162500   00     115.83  749.8    111.06     6.60     6.64
THULE      000714 300  162500-163000   00     112.83  749.9    108.27     3.90     3.94
THULE      000714 300  163000-163500   00     112.40  749.9    107.88     3.50     3.54
THULE      000714 300  163500-164000   00     112.83  749.9    108.29     3.90     3.94
THULE      000714 300  164000-164500   00     111.97  749.9    107.46     3.10     3.14
THULE      000714 300  164500-165000   00     112.83  749.9    108.29     3.90     3.94
THULE      000714 300  165000-165500   00     111.11  749.9    106.66     2.40     2.44
THULE      000714 300  165500-170000   00     113.26  750.0    108.81     4.40     4.44
THULE      000714 300  170000-170500   00     111.11  750.0    106.75     2.40     2.44
THULE      000714 300  170500-171000   00     112.83  750.0    108.40     4.00     4.04
THULE      000714 300  171000-171500   00     113.26  750.0    108.81     4.40     4.44
THULE      000714 300  171500-172000   00     112.40  750.0    107.99     3.60     3.64
THULE      000714 300  172000-172500   00     113.26  750.0    108.91     4.50     4.54
THULE      000714 300  172500-173000   00     111.97  750.0    107.68     3.30     3.34
THULE      000714 300  173000-173500   00     113.69  750.0    109.33     4.90     4.94
THULE      000714 300  173500-174000   00     112.40  750.0    108.09     3.70     3.74
THULE      000714 300  174000-174500   00     113.26  750.1    108.94     4.50     4.53
THULE      000714 300  174500-175000   00     111.12  750.2    106.96     2.70     2.73
THULE      000714 300  175000-175500   00     110.68  750.2    106.55     2.20     2.23
THULE      000714 300  175500-180000   00     109.83  750.2    105.72     1.50     1.53
THULE      000714 300  180000-180500   00     111.54  750.2    107.37     3.00     3.03
THULE      000714 300  180500-181000   00     111.54  750.2    107.37     3.00     3.03
THULE      000714 300  181000-181500   00     108.97  750.2    104.90     0.70     0.73
THULE      000714 300  181500-182000   00     114.12  750.2    109.85     5.40     5.43
THULE      000714 300  182000-182500   00     110.68  750.3    106.65     2.40     2.43
THULE      000714 300  182500-183000   00     112.83  750.3    108.72     4.40     4.43
THULE      000714 300  183000-183500   00     111.54  750.3    107.48     3.20     3.22
THULE      000714 300  183500-184000   00     111.97  750.4    107.98     3.70     3.72
THULE      000714 300  184000-184500   00     110.68  750.4    106.76     2.50     2.52
THULE      000714 300  184500-185000   00     112.40  750.4    108.41     4.10     4.12
THULE      000714 300  185000-185500   00     111.11  750.5    107.24     2.90     2.92
THULE      000714 300  185500-190000   00     110.68  750.5    106.86     2.60     2.62
THULE      000714 300  190000-190500   00     109.40  750.5    105.62     1.40     1.42
THULE      000714 300  190500-191000   00     109.40  750.5    105.70     1.50     1.52
THULE      000714 300  191000-191500   00     109.40  750.5    105.72     1.50     1.51
THULE      000714 300  191500-192000   00     110.68  750.5    106.97     2.70     2.71
THULE      000714 300  192000-192500   00     109.40  750.6    105.79     1.60     1.61
THULE      000714 300  192500-193000   00     111.97  750.7    108.32     4.00     4.01
THULE      000714 300  193000-193500   00     109.83  750.7    106.27     2.00     2.01
THULE      000714 300  193500-194000   00     110.26  750.8    106.76     2.50     2.51
THULE      000714 300  194000-194500   00     108.97  750.8    105.52     1.30     1.30
THULE      000714 300  194500-195000   00     112.83  750.8    109.26     4.90     4.90
THULE      000714 300  195000-195500   00     110.68  750.8    107.18     2.90     2.90
THULE      000714 300  195500-200000   00     111.11  750.8    107.59     3.30     3.30
THULE      000714 300  200000-200500   00     110.26  750.9    106.83     2.60     2.60
THULE      000714 300  200500-201000   00     108.97  750.9    105.62     1.40     1.40
THULE      000714 300  201000-201500   00     110.68  750.9    107.29     3.00     2.99
THULE      000714 300  201500-202000   00     109.40  750.9    106.04     1.80     1.79
THULE      000714 300  202000-202500   00     112.40  751.0    109.06     4.70     4.69
THULE      000714 300  202500-203000   00     110.26  751.0    106.97     2.70     2.69
THULE      000714 300  203000-203500   00     109.40  751.0    106.14     1.90     1.88
THULE      000714 300  203500-204000   00     110.69  751.0    107.48     3.20     3.18
THULE      000714 300  204000-204500   00     108.97  751.1    105.86     1.60     1.58
THULE      000714 300  204500-205000   00     108.97  751.2    105.93     1.70     1.68
THULE      000714 300  205000-205500   00     107.68  751.2    104.68     0.50     0.48
THULE      000714 300  205500-210000   00     109.40  751.2    106.36     2.10     2.07
THULE      000714 300  210000-210500   00     108.97  751.2    106.04     1.80     1.77
THULE      000714 300  210500-211000   00     108.54  751.2    105.63     1.40     1.37
THULE      000714 300  211000-211500   00     109.82  751.4    106.98     2.70     2.67
THULE      000714 300  211500-212000   00     108.54  751.4    105.73     1.50     1.46
THULE      000714 300  212000-212500   00     108.11  751.4    105.31     1.10     1.06
THULE      000714 300  212500-213000   00     107.25  751.4    104.48     0.30     0.26
THULE      000714 300  213000-213500   00     108.11  751.5    105.42     1.20     1.16
THULE      000714 300  213500-214000   00     108.11  751.5    105.42     1.20     1.15
THULE      000714 300  214000-214500   00     108.11  751.5    105.48     1.30     1.25
THULE      000714 300  214500-215000   00     108.54  751.5    105.94     1.70     1.65
THULE      000714 300  215000-215500   00     107.68  751.5    105.10     0.90     0.85
THULE      000714 300  215500-220000   00     109.83  751.6    107.24     2.90     2.84
THULE      000714 300  220000-220500   00     108.11  751.7    105.63     1.40     1.34
THULE      000714 300  220500-221000   00     108.11  751.7    105.63     1.40     1.34
THULE      000714 300  221000-221500   00     110.26  751.7    107.76     3.40     3.33
THULE      000714 300  221500-222000   00     107.68  751.7    105.29     1.10     1.03
THULE      000714 300  222000-222500   00     106.40  751.7    104.05    -0.10    -0.17
THULE      000714 300  222500-223000   00     108.54  751.8    106.19     1.90     1.82
THULE      000714 300  223000-223500   00     107.68  751.9    105.41     1.20     1.12
THULE      000714 300  223500-224000   00     107.68  751.9    105.41     1.20     1.12
THULE      000714 300  224000-224500   00     107.68  752.0    105.52     1.30     1.22
THULE      000714 300  224500-225000   00     108.11  752.0    105.94     1.70     1.61
THULE      000714 300  225000-225500   00     108.11  752.0    105.94     1.70     1.61
THULE      000714 300  225500-230000   00     108.97  752.0    106.78     2.50     2.41
THULE      000714 300  230000-230500   00     107.25  752.0    105.10     0.90     0.80
THULE      000714 300  230500-231000   00     109.40  752.0    107.25     2.90     2.80
THULE      000714 300  231000-231500   00     108.54  752.0    106.46     2.20     2.10
THULE      000714 300  231500-232000   00     108.11  752.0    106.04     1.80     1.69
THULE      000714 300  232000-232500   00     107.68  752.0    105.62     1.30     1.19
THULE      000714 300  232500-233000   00     107.25  752.1    105.25     1.00     0.89
THULE      000714 300  233000-233500   00     108.11  752.2    106.15     1.90     1.78
THULE      000714 300  233500-234000   00     107.25  752.2    105.31     1.10     0.98
THULE      000714 300  234000-234500   00     104.68  752.2    102.78    -1.40    -1.53
THULE      000714 300  234500-235000   00     105.97  752.2    104.05    -0.10    -0.23
THULE      000714 300  235000-235500   00     108.97  752.3    107.10     2.80     2.67
THULE      000714 300  235500-240000   00     108.11  752.3    106.25     2.00     1.86
THULE      000715 3600 000000-010000   00     106.72  752.4    105.00     0.80     0.64
THULE      000715 3600 010000-020000   00     106.39  752.7    104.97     0.70     0.48
THULE      000715 3600 020000-030000   00     105.58  753.0    104.47     0.30     0.03
THULE      000715 3600 030000-040000   00     105.39  753.2    104.50     0.30    -9999
THULE      000715 3600 040000-050000   00     105.28  753.4    104.61     0.40    -9999
THULE      000715 3600 050000-060000   00     105.17  753.5    104.72     0.50    -9999
THULE      000715 3600 060000-070000   00     105.53  753.7    105.28     1.00    -9999
THULE      000715 3600 070000-080000   00     104.50  754.0    104.44     0.20    -9999
THULE      000715 3600 080000-090000   00     104.75  754.0    104.69     0.50    -9999
THULE      000715 3600 090000-100000   00     104.91  753.9    104.75     0.50    -9999
THULE      000715 3600 100000-110000   00     105.00  753.9    104.83     0.60    -9999
THULE      000715 3600 110000-120000   00     105.08  754.0    105.03     0.80    -9999
THULE      000715 3600 120000-130000   00     103.97  753.9    103.81    -0.40    -9999
THULE      000715 3600 130000-140000   00     103.89  753.7    103.64    -0.50    -9999
THULE      000715 3600 140000-150000   00     103.58  753.7    103.31    -0.90    -9999
THULE      000715 3600 150000-160000   00     103.33  753.5    102.86    -1.30    -9999
THULE      000715 3600 160000-170000   00     102.86  753.7    102.50    -1.60    -9999
THULE      000715 3600 170000-180000   00     102.81  753.5    102.36    -1.80    -9999
THULE      000715 3600 180000-190000   00     102.22  753.4    101.56    -2.50    -9999
THULE      000715 3600 190000-200000   00     101.61  753.0    100.64    -3.40    -9999
THULE      000715 3600 200000-210000   00      97.06  752.7     95.86    -8.00    -9999
THULE      000715 3600 210000-220000   00      98.25  752.5     96.83    -7.10    -9999
THULE      000715 3600 220000-230000   00      96.53  752.5     95.06    -8.80    -9999
THULE      000715 3600 230000-240000   00      96.81  752.4     95.25    -8.60    -9999
*
*	
COMMENT    PRELIMINARY DATA ... ROGER PYLE, BARTOL RESEARCH INSTITUTE, 15 AUG 2000	
COMMENT UNIVERISTY OF OULU: FILE GENERATED FROM DATABASE AND OBTAINED FROM
COMMENT https://gle.oulu.fi at 2022-05-13 14:50:50 +00:00
COMMENT FOR HISTORICAL/ORIGINAL TEXT FILES SEE https://gle.oulu.fi/txtarchive/
COMMENT ORIGINAL AT https://gle.oulu.fi/txtarchive/GLE59/C059THUL_cor.DAT
COMMENT DETRENDED DATA SHOW -9999 IF EQUAL TO INC% COLUMN 