KIEL       LATITUDE    54.33     LONGITUDE     10.13     ALTITUDE    33 M
KIEL       INSTRUMENT   IGY     NEUTRON MONITOR
KIEL       STANDARD PRESSURE    993.5   mb     COEFFICIENT   -0.72     % / mb
KIEL       PRE-INCREASE BASELINE TIME INTERVAL    000714    090000-100000   UT
KIEL       PRE-INCREASE AVERAGE COUNTING RATE    165.62      COUNTS PER SECOND
KIEL       TIME INTERVALS    300         3600     
KIEL       SCALE FACTORS     1           1        
STATION    YYMMDD  SEC   TIME (UT)   CODE    UNCORR. PRESS.    CORR.    % INC.	DETRENDED
                         INTERVAL    TD      C/S     (mb)      C/S
KIEL       000713 3600 000000-010000   00     163.51 1003.3    175.47     5.90    -9999
KIEL       000713 3600 010000-020000   00     163.76 1003.2    175.60     6.00    -9999
KIEL       000713 3600 020000-030000   00     164.68 1002.6    175.83     6.20    -9999
KIEL       000713 3600 030000-040000   00     164.46 1002.3    175.21     5.80    -9999
KIEL       000713 3600 040000-050000   00     164.53 1002.1    175.04     5.70    -9999
KIEL       000713 3600 050000-060000   00     163.74 1002.0    174.08     5.10    -9999
KIEL       000713 3600 060000-070000   00     164.27 1001.7    174.27     5.20    -9999
KIEL       000713 3600 070000-080000   00     166.10 1001.6    176.08     6.30    -9999
KIEL       000713 3600 080000-090000   00     167.01 1001.3    176.66     6.70    -9999
KIEL       000713 3600 090000-100000   00     167.20 1001.1    176.61     6.60    -9999
KIEL       000713 3600 100000-110000   00     167.24 1000.8    176.27     6.40    -9999
KIEL       000713 3600 110000-120000   00     166.37 1000.6    175.10     5.70    -9999
KIEL       000713 3600 120000-130000   00     163.98 1000.2    172.09     3.90    -9999
KIEL       000713 3600 130000-140000   00     164.07  999.9    171.81     3.70    -9999
KIEL       000713 3600 140000-150000   00     160.72  999.7    168.06     1.50    -9999
KIEL       000713 3600 150000-160000   00     161.06  999.4    168.05     1.50    -9999
KIEL       000713 3600 160000-170000   00     159.30  999.1    165.85     0.10    -9999
KIEL       000713 3600 170000-180000   00     157.73  998.6    163.63    -1.20    -9999
KIEL       000713 3600 180000-190000   00     157.51  998.2    162.93    -1.60    -9999
KIEL       000713 3600 190000-200000   00     158.46  997.8    163.45    -1.30    -9999
KIEL       000713 3600 200000-210000   00     158.76  997.5    163.40    -1.30    -9999
KIEL       000713 3600 210000-220000   00     158.27  997.0    162.31    -2.00    -9999
KIEL       000713 3600 220000-230000   00     159.64  996.3    162.89    -1.60    -9999
KIEL       000713 3600 230000-240000   00     160.35  995.8    163.03    -1.60    -9999
KIEL       000714 3600 000000-010000   00     161.03  995.4    163.25    -1.40    -9999
KIEL       000714 3600 010000-020000   00     162.49  994.9    164.13    -0.90    -9999
KIEL       000714 3600 020000-030000   00     163.88  994.5    165.07    -0.30    -9999
KIEL       000714 3600 030000-040000   00     165.19  994.2    166.02     0.20    -9999
KIEL       000714 3600 040000-050000   00     165.04  993.9    165.51    -0.10    -9999
KIEL       000714 3600 050000-060000   00     165.88  993.7    166.12     0.30    -9999
KIEL       000714 3600 060000-070000   00     165.62  993.6    165.74     0.10    -9999
KIEL       000714 3600 070000-080000   00     165.43  993.7    165.66     0.00    -9999
KIEL       000714 3600 080000-090000   00     165.16  993.7    165.40    -0.10    -9999
KIEL       000714 300  090000-090500   00     163.96  993.6    164.07    -0.90    -9999
KIEL       000714 300  090500-091000   00     164.19  993.6    164.29    -0.80    -9999
KIEL       000714 300  091000-091500   00     166.52  993.6    166.60     0.60    -9999
KIEL       000714 300  091500-092000   00     167.01  993.5    167.07     0.90    -9999
KIEL       000714 300  092000-092500   00     166.29  993.5    166.33     0.40    -9999
KIEL       000714 300  092500-093000   00     164.45  993.5    164.46    -0.70    -9999
KIEL       000714 300  093000-093500   00     167.27  993.5    167.27     1.00    -9999
KIEL       000714 300  093500-094000   00     164.02  993.5    164.00    -1.00    -9999
KIEL       000714 300  094000-094500   00     164.62  993.5    164.58    -0.60    -9999
KIEL       000714 300  094500-095000   00     166.87  993.4    166.81     0.70    -9999
KIEL       000714 300  095000-095500   00     165.12  993.4    165.04    -0.30    -9999
KIEL       000714 300  095500-100000   00     167.10  993.4    167.00     0.80    -9999
KIEL       000714 300  100000-100500   00     164.70  993.3    164.51    -0.70    -0.70
KIEL       000714 300  100500-101000   00     162.96  993.3    162.76    -1.70    -1.70
KIEL       000714 300  101000-101500   00     166.80  993.3    166.58     0.60     0.60
KIEL       000714 300  101500-102000   00     163.34  993.3    163.10    -1.50    -1.50
KIEL       000714 300  102000-102500   00     162.24  993.3    162.01    -2.20    -2.20
KIEL       000714 300  102500-103000   00     166.04  993.3    165.80     0.10     0.10
KIEL       000714 300  103000-103500   00     167.39  993.3    167.15     0.90     0.90
KIEL       000714 300  103500-104000   00     171.49  993.3    171.25     3.40     3.40
KIEL       000714 300  104000-104500   00     178.51  993.3    178.27     7.60     7.60
KIEL       000714 300  104500-105000   00     179.97  993.3    179.75     8.50     8.50
KIEL       000714 300  105000-105500   00     177.69  993.3    177.49     7.20     7.20
KIEL       000714 300  105500-110000   00     177.29  993.4    177.12     6.90     6.90
KIEL       000714 300  110000-110500   00     176.76  993.5    176.73     6.70     6.70
KIEL       000714 300  110500-111000   00     174.27  993.5    174.28     5.20     5.20
KIEL       000714 300  111000-111500   00     173.74  993.5    173.77     4.90     4.90
KIEL       000714 300  111500-112000   00     172.74  993.5    172.79     4.30     4.30
KIEL       000714 300  112000-112500   00     173.27  993.6    173.35     4.60     4.60
KIEL       000714 300  112500-113000   00     170.24  993.6    170.34     2.80     2.80
KIEL       000714 300  113000-113500   00     170.71  993.6    170.84     3.10     3.10
KIEL       000714 300  113500-114000   00     170.14  993.6    170.28     2.80     2.80
KIEL       000714 300  114000-114500   00     167.95  993.6    168.11     1.50     1.50
KIEL       000714 300  114500-115000   00     170.11  993.6    170.29     2.80     2.80
KIEL       000714 300  115000-115500   00     169.91  993.7    170.10     2.70     2.70
KIEL       000714 300  115500-120000   00     171.92  993.7    172.12     3.90     3.90
KIEL       000714 300  120000-120500   00     168.71  993.6    168.86     2.00     2.00
KIEL       000714 300  120500-121000   00     170.90  993.6    171.07     3.30     3.30
KIEL       000714 300  121000-121500   00     170.01  993.6    170.19     2.80     2.80
KIEL       000714 300  121500-122000   00     170.63  993.7    170.82     3.10     3.10
KIEL       000714 300  122000-122500   00     168.60  993.7    168.80     1.90     1.90
KIEL       000714 300  122500-123000   00     171.04  993.7    171.27     3.40     3.40
KIEL       000714 300  123000-123500   00     168.39  993.7    168.64     1.80     1.80
KIEL       000714 300  123500-124000   00     166.31  993.7    166.57     0.60     0.60
KIEL       000714 300  124000-124500   00     170.57  993.7    170.87     3.20     3.20
KIEL       000714 300  124500-125000   00     168.10  993.8    168.42     1.70     1.70
KIEL       000714 300  125000-125500   00     168.75  993.8    169.09     2.10     2.10
KIEL       000714 300  125500-130000   00     169.09  993.8    169.46     2.30     2.30
KIEL       000714 300  130000-130500   00     168.47  993.8    168.89     2.00     2.00
KIEL       000714 300  130500-131000   00     166.56  993.9    167.00     0.80     0.80
KIEL       000714 300  131000-131500   00     168.13  993.9    168.60     1.80     1.80
KIEL       000714 300  131500-132000   00     168.74  993.9    169.24     2.20     2.20
KIEL       000714 300  132000-132500   00     165.66  993.9    166.19     0.30     0.30
KIEL       000714 300  132500-133000   00     167.84  994.0    168.41     1.70     1.70
KIEL       000714 300  133000-133500   00     167.14  994.0    167.75     1.30     1.30
KIEL       000714 300  133500-134000   00     167.86  994.0    168.51     1.80     1.80
KIEL       000714 300  134000-134500   00     165.63  994.1    166.31     0.40     0.40
KIEL       000714 300  134500-135000   00     167.51  994.1    168.22     1.50     1.50
KIEL       000714 300  135000-135500   00     167.27  994.1    168.03     1.40     1.40
KIEL       000714 300  135500-140000   00     165.37  994.2    166.15     0.30     0.30
KIEL       000714 300  140000-140500   00     165.95  994.2    166.79     0.70     0.70
KIEL       000714 300  140500-141000   00     165.01  994.2    165.89     0.10     0.10
KIEL       000714 300  141000-141500   00     164.93  994.3    165.85     0.20     0.20
KIEL       000714 300  141500-142000   00     166.77  994.3    167.74     1.30     1.30
KIEL       000714 300  142000-142500   00     166.26  994.3    167.26     1.00     1.00
KIEL       000714 300  142500-143000   00     167.36  994.4    168.41     1.70     1.70
KIEL       000714 300  143000-143500   00     163.57  994.4    164.64    -0.60    -0.60
KIEL       000714 300  143500-144000   00     164.57  994.4    165.68     0.00     0.00
KIEL       000714 300  144000-144500   00     164.65  994.5    165.81     0.10     0.10
KIEL       000714 300  144500-145000   00     164.88  994.5    166.08     0.30     0.30
KIEL       000714 300  145000-145500   00     162.19  994.5    163.40    -1.30    -1.30
KIEL       000714 300  145500-150000   00     166.82  994.6    168.11     1.50     1.50
KIEL       000714 300  150000-150500   00     164.12  994.6    165.46    -0.10    -0.10
KIEL       000714 300  150500-151000   00     165.77  994.7    167.16     0.90     0.90
KIEL       000714 300  151000-151500   00     163.37  994.7    164.77    -0.50    -0.50
KIEL       000714 300  151500-152000   00     164.93  994.7    166.39     0.50     0.50
KIEL       000714 300  152000-152500   00     163.47  994.8    164.95    -0.40    -0.40
KIEL       000714 300  152500-153000   00     164.72  994.8    166.24     0.40     0.40
KIEL       000714 300  153000-153500   00     165.24  994.8    166.80     0.70     0.70
KIEL       000714 300  153500-154000   00     163.20  994.8    164.76    -0.50    -0.50
KIEL       000714 300  154000-154500   00     164.10  994.8    165.70     0.00     0.00
KIEL       000714 300  154500-155000   00     164.77  994.9    166.40     0.50     0.50
KIEL       000714 300  155000-155500   00     164.60  994.9    166.26     0.40     0.40
KIEL       000714 300  155500-160000   00     164.91  994.9    166.59     0.60     0.60
KIEL       000714 300  160000-160500   00     165.26  994.9    166.93     0.80     0.80
KIEL       000714 300  160500-161000   00     164.75  994.9    166.42     0.50    -9999
KIEL       000714 300  161000-161500   00     166.86  994.9    168.58     1.80    -9999
KIEL       000714 300  161500-162000   00     163.55  994.9    165.25    -0.20    -9999
KIEL       000714 300  162000-162500   00     164.70  995.0    166.44     0.50    -9999
KIEL       000714 300  162500-163000   00     163.44  995.0    165.19    -0.30    -9999
KIEL       000714 300  163000-163500   00     163.10  995.0    164.88    -0.50    -9999
KIEL       000714 300  163500-164000   00     163.44  995.0    165.24    -0.20    -9999
KIEL       000714 300  164000-164500   00     162.55  995.0    164.37    -0.80    -9999
KIEL       000714 300  164500-165000   00     164.28  995.1    166.15     0.30    -9999
KIEL       000714 300  165000-165500   00     163.86  995.1    165.75     0.10    -9999
KIEL       000714 300  165500-170000   00     164.50  995.1    166.42     0.50    -9999
KIEL       000714 3600 170000-180000   00     161.20  995.3    163.30    -1.40    -9999
KIEL       000714 3600 180000-190000   00     160.96  995.6    163.41    -1.30    -9999
KIEL       000714 3600 190000-200000   00     161.24  996.1    164.29    -0.80    -9999
KIEL       000714 3600 200000-210000   00     160.72  996.5    164.23    -0.80    -9999
KIEL       000714 3600 210000-220000   00     160.07  996.7    163.80    -1.10    -9999
KIEL       000714 3600 220000-230000   00     160.22  996.7    163.95    -1.00    -9999
KIEL       000714 3600 230000-240000   00     160.59  996.6    164.21    -0.90    -9999
KIEL       000715 3600 000000-010000   00     160.23  996.9    164.20    -0.90    -9999
KIEL       000715 3600 010000-020000   00     159.01  997.4    163.53    -1.30    -9999
KIEL       000715 3600 020000-030000   00     159.74  997.4    164.28    -0.80    -9999
KIEL       000715 3600 030000-040000   00     160.62  997.2    164.96    -0.40    -9999
KIEL       000715 3600 040000-050000   00     160.44  997.1    164.65    -0.60    -9999
KIEL       000715 3600 050000-060000   00     161.32  997.2    165.68     0.00    -9999
KIEL       000715 3600 060000-070000   00     161.01  997.4    165.59     0.00    -9999
KIEL       000715 3600 070000-080000   00     160.76  997.9    165.94     0.20    -9999
KIEL       000715 3600 080000-090000   00     160.72  998.3    166.38     0.50    -9999
KIEL       000715 3600 090000-100000   00     160.96  998.6    166.98     0.80    -9999
KIEL       000715 3600 100000-110000   00     161.34  998.8    167.62     1.20    -9999
KIEL       000715 3600 110000-120000   00     160.20  999.0    166.67     0.60    -9999
KIEL       000715 3600 120000-130000   00     158.61  999.2    165.25    -0.20    -9999
KIEL       000715 3600 130000-140000   00     157.60  999.4    164.44    -0.70    -9999
KIEL       000715 3600 140000-150000   00     157.47  999.6    164.54    -0.70    -9999
KIEL       000715 3600 150000-160000   00     154.78  999.9    162.08    -2.10    -9999
KIEL       000715 3600 160000-170000   00     155.30 1000.2    162.98    -1.60    -9999
KIEL       000715 3600 170000-180000   00     154.09 1000.5    162.06    -2.20    -9999
KIEL       000715 3600 180000-190000   00     152.57 1000.7    160.69    -3.00    -9999
KIEL       000715 3600 190000-200000   00     151.06 1001.0    159.45    -3.70    -9999
KIEL       000715 3600 200000-210000   00     146.53 1001.5    155.22    -6.30    -9999
KIEL       000715 3600 210000-220000   00     145.05 1001.9    154.09    -7.00    -9999
KIEL       000715 3600 220000-230000   00     142.53 1002.0    151.52    -8.50    -9999
KIEL       000715 3600 230000-240000   00     142.42 1002.0    151.41    -8.60    -9999
*
*	
COMMENT UNIVERISTY OF OULU: FILE GENERATED FROM DATABASE AND OBTAINED FROM
COMMENT https://gle.oulu.fi at 2022-05-13 14:50:50 +00:00
COMMENT FOR HISTORICAL/ORIGINAL TEXT FILES SEE https://gle.oulu.fi/txtarchive/
COMMENT ORIGINAL AT https://gle.oulu.fi/txtarchive/GLE59/C059KIEL_cor.DAT
COMMENT DETRENDED DATA SHOW -9999 IF EQUAL TO INC% COLUMN 