NEWARK     LATITUDE    39.7      LONGITUDE     284.3     ALTITUDE    50 M
NEWARK     INSTRUMENT   9-NM-64  NEUTRON MONITOR                           	
NEWARK     STANDARD PRESSURE    760     MMHG   COEFFICIENT   -0.98     % / MMHG
NEWARK     PRE-INCREASE BASELINE TIME INTERVAL    000714    090000-100000   UT
NEWARK     PRE-INCREASE AVERAGE COUNTING RATE     83.60      COUNTS PER SECOND
NEWARK     TIME INTERVALS    300         3600     
NEWARK     SCALE FACTORS     1           1        
STATION    YYMMDD  SEC   TIME (UT)   CODE    UNCORR. PRESS.    CORR.    % INC.	DETRENDED
                         INTERVAL    TD      C/S    (MMHG)     C/S
NEWARK     000713 3600 000000-010000   00      88.28  758.0     86.53     3.50    -9999
NEWARK     000713 3600 010000-020000   00      87.81  758.4     86.42     3.40    -9999
NEWARK     000713 3600 020000-030000   00      87.06  758.9     86.08     3.00    -9999
NEWARK     000713 3600 030000-040000   00      87.58  759.2     86.86     3.90    -9999
NEWARK     000713 3600 040000-050000   00      87.78  759.1     86.97     4.00    -9999
NEWARK     000713 3600 050000-060000   00      87.47  759.0     86.58     3.60    -9999
NEWARK     000713 3600 060000-070000   00      87.61  758.9     86.64     3.60    -9999
NEWARK     000713 3600 070000-080000   00      87.69  758.6     86.47     3.40    -9999
NEWARK     000713 3600 080000-090000   00      86.86  758.5     85.56     2.30    -9999
NEWARK     000713 3600 090000-100000   00      86.47  758.7     85.36     2.10    -9999
NEWARK     000713 3600 100000-110000   00      85.83  758.8     84.81     1.40    -9999
NEWARK     000713 3600 110000-120000   00      84.64  758.8     83.61     0.00    -9999
NEWARK     000713 3600 120000-130000   00      84.22  758.9     83.28    -0.40    -9999
NEWARK     000713 3600 130000-140000   00      83.81  758.9     82.86    -0.90    -9999
NEWARK     000713 3600 140000-150000   00      82.94  758.8     81.94    -2.00    -9999
NEWARK     000713 3600 150000-160000   00      82.25  758.6     81.08    -3.00    -9999
NEWARK     000713 3600 160000-170000   00      82.17  758.2     80.69    -3.50    -9999
NEWARK     000713 3600 170000-180000   00      82.53  757.9     80.83    -3.30    -9999
NEWARK     000713 3600 180000-190000   00      82.92  757.7     81.03    -3.10    -9999
NEWARK     000713 3600 190000-200000   00      82.86  757.7     80.97    -3.10    -9999
NEWARK     000713 3600 200000-210000   00      82.14  757.7     80.28    -4.00    -9999
NEWARK     000713 3600 210000-220000   00      82.19  757.6     80.25    -4.00    -9999
NEWARK     000713 3600 220000-230000   00      82.08  757.4     80.00    -4.30    -9999
NEWARK     000713 3600 230000-240000   00      82.78  757.2     80.50    -3.70    -9999
NEWARK     000714 3600 000000-010000   00      82.97  756.8     80.36    -3.90    -9999
NEWARK     000714 3600 010000-020000   00      83.31  756.8     80.72    -3.40    -9999
NEWARK     000714 3600 020000-030000   00      83.89  756.8     81.28    -2.80    -9999
NEWARK     000714 3600 030000-040000   00      83.97  756.8     81.36    -2.70    -9999
NEWARK     000714 3600 040000-050000   00      83.78  756.7     81.06    -3.00    -9999
NEWARK     000714 3600 050000-060000   00      84.19  756.4     81.25    -2.80    -9999
NEWARK     000714 3600 060000-070000   00      84.89  756.0     81.58    -2.40    -9999
NEWARK     000714 3600 070000-080000   00      86.33  755.6     82.64    -1.10    -9999
NEWARK     000714 300  080000-080500   00      84.06  757.1     81.71    -2.30    -9999
NEWARK     000714 300  080500-081000   00      86.62  757.1     84.22     0.70    -9999
NEWARK     000714 300  081000-081500   00      85.66  757.1     83.26    -0.40    -9999
NEWARK     000714 300  081500-082000   00      85.02  757.1     82.67    -1.10    -9999
NEWARK     000714 300  082000-082500   00      85.65  757.1     83.24    -0.40    -9999
NEWARK     000714 300  082500-083000   00      84.38  757.0     81.97    -1.90    -9999
NEWARK     000714 300  083000-083500   00      86.93  757.0     84.45     1.00    -9999
NEWARK     000714 300  083500-084000   00      85.66  757.0     83.21    -0.50    -9999
NEWARK     000714 300  084000-084500   00      85.98  757.0     83.50    -0.10    -9999
NEWARK     000714 300  084500-085000   00      86.30  756.9     83.75     0.20    -9999
NEWARK     000714 300  085000-085500   00      85.66  757.0     83.18    -0.50    -9999
NEWARK     000714 300  085500-090000   00      86.61  757.0     84.14     0.60    -9999
NEWARK     000714 300  090000-090500   00      84.70  756.9     82.23    -1.60    -9999
NEWARK     000714 300  090500-091000   00      86.30  756.9     83.75     0.20    -9999
NEWARK     000714 300  091000-091500   00      85.02  757.0     82.54    -1.30    -9999
NEWARK     000714 300  091500-092000   00      86.94  757.0     84.40     1.00    -9999
NEWARK     000714 300  092000-092500   00      85.98  757.0     83.52    -0.10    -9999
NEWARK     000714 300  092500-093000   00      86.30  757.0     83.83     0.30    -9999
NEWARK     000714 300  093000-093500   00      86.29  757.0     83.83     0.30    -9999
NEWARK     000714 300  093500-094000   00      87.25  757.0     84.76     1.40    -9999
NEWARK     000714 300  094000-094500   00      86.93  757.0     84.45     1.00    -9999
NEWARK     000714 300  094500-095000   00      85.66  757.0     83.21    -0.50    -9999
NEWARK     000714 300  095000-095500   00      85.66  757.0     83.21    -0.50    -9999
NEWARK     000714 300  095500-100000   00      85.98  757.0     83.49    -0.10    -9999
NEWARK     000714 300  100000-100500   00      85.98  757.0     83.49    -0.10     0.04
NEWARK     000714 300  100500-101000   00      85.34  757.0     82.90    -0.80    -0.64
NEWARK     000714 300  101000-101500   00      85.02  757.0     82.59    -1.20    -1.02
NEWARK     000714 300  101500-102000   00      87.57  757.0     85.07     1.80     2.00
NEWARK     000714 300  102000-102500   00      85.98  757.0     83.50    -0.10     0.11
NEWARK     000714 300  102500-103000   00      85.98  756.9     83.40    -0.20     0.03
NEWARK     000714 300  103000-103500   00      86.93  756.8     84.28     0.80     1.05
NEWARK     000714 300  103500-104000   00      91.73  756.8     88.93     6.40     6.67
NEWARK     000714 300  104000-104500   00      93.97  756.8     91.10     9.00     9.28
NEWARK     000714 300  104500-105000   00      93.01  756.8     90.17     7.90     8.20
NEWARK     000714 300  105000-105500   00      93.97  756.8     91.07     8.90     9.22
NEWARK     000714 300  105500-110000   00      92.69  756.7     89.79     7.40     7.74
NEWARK     000714 300  110000-110500   00      91.09  756.7     88.23     5.50     5.86
NEWARK     000714 300  110500-111000   00      93.01  756.8     90.12     7.80     8.17
NEWARK     000714 300  111000-111500   00      90.45  756.7     87.64     4.80     5.19
NEWARK     000714 300  111500-112000   00      88.85  756.8     86.10     3.00     3.41
NEWARK     000714 300  112000-112500   00      89.17  756.8     86.45     3.40     3.83
NEWARK     000714 300  112500-113000   00      89.81  756.8     87.07     4.20     4.65
NEWARK     000714 300  113000-113500   00      88.85  756.8     86.14     3.00     3.46
NEWARK     000714 300  113500-114000   00      89.81  756.8     87.07     4.20     4.68
NEWARK     000714 300  114000-114500   00      88.85  756.8     86.14     3.00     3.50
NEWARK     000714 300  114500-115000   00      90.13  756.8     87.35     4.50     5.02
NEWARK     000714 300  115000-115500   00      87.26  756.7     84.51     1.10     1.63
NEWARK     000714 300  115500-120000   00      90.13  756.6     87.23     4.30     4.85
NEWARK     000714 300  120000-120500   00      88.21  756.5     85.30     2.00     2.57
NEWARK     000714 300  120500-121000   00      87.26  756.5     84.34     0.90     1.49
NEWARK     000714 300  121000-121500   00      89.17  756.5     86.20     3.10     3.71
NEWARK     000714 300  121500-122000   00      87.26  756.5     84.35     0.90     1.52
NEWARK     000714 300  122000-122500   00      88.85  756.5     85.89     2.70     3.34
NEWARK     000714 300  122500-123000   00      86.30  756.6     83.45    -0.20     0.46
NEWARK     000714 300  123000-123500   00      86.94  756.6     84.10     0.60     1.28
NEWARK     000714 300  123500-124000   00      88.85  756.6     85.96     2.80     3.49
NEWARK     000714 300  124000-124500   00      88.21  756.6     85.36     2.10     2.81
NEWARK     000714 300  124500-125000   00      88.53  756.5     85.60     2.40     3.13
NEWARK     000714 300  125000-125500   00      86.93  756.6     84.12     0.60     1.35
NEWARK     000714 300  125500-130000   00      88.21  756.7     85.39     2.10     2.87
NEWARK     000714 300  130000-130500   00      85.02  756.7     82.35    -1.50    -0.72
NEWARK     000714 300  130500-131000   00      87.25  756.7     84.51     1.10     1.90
NEWARK     000714 300  131000-131500   00      85.66  756.7     82.97    -0.80     0.02
NEWARK     000714 300  131500-132000   00      85.66  756.7     82.93    -0.80     0.04
NEWARK     000714 300  132000-132500   00      86.62  756.6     83.81     0.30     1.15
NEWARK     000714 300  132500-133000   00      86.30  756.6     83.47    -0.20     0.67
NEWARK     000714 300  133000-133500   00      86.62  756.6     83.78     0.20     1.09
NEWARK     000714 300  133500-134000   00      86.62  756.5     83.74     0.20     1.11
NEWARK     000714 300  134000-134500   00      85.98  756.6     83.16    -0.50     0.43
NEWARK     000714 300  134500-135000   00      86.93  756.6     84.12     0.60     1.54
NEWARK     000714 300  135000-135500   00      84.38  756.6     81.64    -2.30    -1.34
NEWARK     000714 300  135500-140000   00      87.26  756.5     84.36     0.90     1.88
NEWARK     000714 300  140000-140500   00      85.02  756.5     82.18    -1.70    -0.70
NEWARK     000714 300  140500-141000   00      89.17  756.5     86.20     3.10     4.12
NEWARK     000714 300  141000-141500   00      86.62  756.5     83.71     0.10     1.13
NEWARK     000714 300  141500-142000   00      86.62  756.5     83.68     0.10     1.15
NEWARK     000714 300  142000-142500   00      85.66  756.4     82.72    -1.10    -0.03
NEWARK     000714 300  142500-143000   00      85.98  756.5     83.06    -0.60     0.49
NEWARK     000714 300  143000-143500   00      87.57  756.4     84.57     1.20     2.30
NEWARK     000714 300  143500-144000   00      87.89  756.5     84.92     1.60     2.72
NEWARK     000714 300  144000-144500   00      86.62  756.5     83.70     0.10     1.24
NEWARK     000714 300  144500-145000   00      85.66  756.6     82.84    -0.90     0.26
NEWARK     000714 300  145000-145500   00      87.25  756.6     84.43     1.00     2.18
NEWARK     000714 300  145500-150000   00      87.57  756.5     84.67     1.30     2.49
NEWARK     000714 300  150000-150500   00      85.34  756.5     82.49    -1.30    -0.09
NEWARK     000714 300  150500-151000   00      85.02  756.5     82.15    -1.70    -9999
NEWARK     000714 300  151000-151500   00      86.94  756.5     83.99     0.50    -9999
NEWARK     000714 300  151500-152000   00      86.30  756.4     83.33    -0.30    -9999
NEWARK     000714 300  152000-152500   00      87.89  756.4     84.85     1.50    -9999
NEWARK     000714 300  152500-153000   00      86.62  756.4     83.65     0.10    -9999
NEWARK     000714 300  153000-153500   00      87.57  756.3     84.52     1.10    -9999
NEWARK     000714 300  153500-154000   00      86.62  756.3     83.53    -0.10    -9999
NEWARK     000714 300  154000-154500   00      85.34  756.2     82.25    -1.60    -9999
NEWARK     000714 300  154500-155000   00      85.98  756.2     82.86    -0.90    -9999
NEWARK     000714 300  155000-155500   00      86.29  756.2     83.17    -0.50    -9999
NEWARK     000714 300  155500-160000   00      86.62  756.2     83.48    -0.10    -9999
NEWARK     000714 300  160000-160500   00      85.34  756.2     82.23    -1.60    -9999
NEWARK     000714 300  160500-161000   00      86.94  756.2     83.77     0.20    -9999
NEWARK     000714 300  161000-161500   00      87.25  756.1     84.02     0.50    -9999
NEWARK     000714 300  161500-162000   00      87.57  756.1     84.29     0.80    -9999
NEWARK     000714 300  162000-162500   00      88.53  756.0     85.19     1.90    -9999
NEWARK     000714 300  162500-163000   00      86.30  756.1     83.06    -0.60    -9999
NEWARK     000714 300  163000-163500   00      84.70  756.0     81.44    -2.60    -9999
NEWARK     000714 300  163500-164000   00      85.98  756.0     82.67    -1.10    -9999
NEWARK     000714 300  164000-164500   00      87.25  755.8     83.80     0.20    -9999
NEWARK     000714 300  164500-165000   00      85.66  755.8     82.23    -1.60    -9999
NEWARK     000714 300  165000-165500   00      86.30  755.8     82.85    -0.90    -9999
NEWARK     000714 300  165500-170000   00      85.98  755.8     82.54    -1.30    -9999
NEWARK     000714 300  170000-170500   00      86.30  755.8     82.83    -0.90    -9999
NEWARK     000714 300  170500-171000   00      85.34  755.6     81.78    -2.20    -9999
NEWARK     000714 300  171000-171500   00      86.62  755.7     83.06    -0.60    -9999
NEWARK     000714 300  171500-172000   00      85.34  755.7     81.80    -2.20    -9999
NEWARK     000714 300  172000-172500   00      85.66  755.6     82.08    -1.80    -9999
NEWARK     000714 300  172500-173000   00      85.02  755.6     81.46    -2.60    -9999
NEWARK     000714 300  173000-173500   00      85.34  755.5     81.72    -2.20    -9999
NEWARK     000714 300  173500-174000   00      86.30  755.5     82.60    -1.20    -9999
NEWARK     000714 300  174000-174500   00      85.34  755.3     81.53    -2.50    -9999
NEWARK     000714 300  174500-175000   00      85.66  755.4     81.90    -2.00    -9999
NEWARK     000714 300  175000-175500   00      85.66  755.3     81.83    -2.10    -9999
NEWARK     000714 300  175500-180000   00      85.34  755.4     81.59    -2.40    -9999
NEWARK     000714 300  180000-180500   00      85.66  755.3     81.84    -2.10    -9999
NEWARK     000714 300  180500-181000   00      85.02  755.5     81.35    -2.70    -9999
NEWARK     000714 300  181000-181500   00      85.02  755.2     81.14    -2.90    -9999
NEWARK     000714 300  181500-182000   00      85.02  755.3     81.20    -2.90    -9999
NEWARK     000714 300  182000-182500   00      86.30  755.2     82.33    -1.50    -9999
NEWARK     000714 300  182500-183000   00      86.62  755.1     82.60    -1.20    -9999
NEWARK     000714 300  183000-183500   00      85.02  755.0     80.98    -3.10    -9999
NEWARK     000714 300  183500-184000   00      86.94  755.0     82.81    -0.90    -9999
NEWARK     000714 300  184000-184500   00      87.58  755.0     83.42    -0.20    -9999
NEWARK     000714 300  184500-185000   00      84.38  754.9     80.28    -4.00    -9999
NEWARK     000714 300  185000-185500   00      86.29  754.8     82.07    -1.80    -9999
NEWARK     000714 300  185500-190000   00      86.30  754.9     82.07    -1.80    -9999
NEWARK     000714 300  190000-190500   00      86.62  754.9     82.44    -1.40    -9999
NEWARK     000714 300  190500-191000   00      85.98  754.9     81.83    -2.10    -9999
NEWARK     000714 300  191000-191500   00      86.93  754.9     82.73    -1.00    -9999
NEWARK     000714 300  191500-192000   00      87.89  754.9     83.61     0.00    -9999
NEWARK     000714 300  192000-192500   00      85.34  754.8     81.15    -2.90    -9999
NEWARK     000714 300  192500-193000   00      86.30  754.9     82.12    -1.80    -9999
NEWARK     000714 300  193000-193500   00      86.93  754.8     82.65    -1.10    -9999
NEWARK     000714 300  193500-194000   00      84.70  754.8     80.52    -3.70    -9999
NEWARK     000714 300  194000-194500   00      85.98  754.8     81.74    -2.20    -9999
NEWARK     000714 300  194500-195000   00      86.94  754.8     82.61    -1.20    -9999
NEWARK     000714 300  195000-195500   00      84.06  754.6     79.77    -4.60    -9999
NEWARK     000714 300  195500-200000   00      86.93  754.6     82.45    -1.40    -9999
NEWARK     000714 300  200000-200500   00      85.66  754.7     81.36    -2.70    -9999
NEWARK     000714 300  200500-201000   00      86.30  754.7     81.96    -2.00    -9999
NEWARK     000714 300  201000-201500   00      85.98  754.6     81.61    -2.40    -9999
NEWARK     000714 300  201500-202000   00      86.62  754.6     82.15    -1.70    -9999
NEWARK     000714 300  202000-202500   00      85.34  754.6     80.92    -3.20    -9999
NEWARK     000714 300  202500-203000   00      87.89  754.4     83.25    -0.40    -9999
NEWARK     000714 300  203000-203500   00      86.62  754.4     81.98    -1.90    -9999
NEWARK     000714 300  203500-204000   00      86.29  754.1     81.49    -2.50    -9999
NEWARK     000714 300  204000-204500   00      85.34  754.1     80.59    -3.60    -9999
NEWARK     000714 300  204500-205000   00      86.30  754.0     81.40    -2.60    -9999
NEWARK     000714 300  205000-205500   00      85.98  754.0     81.11    -3.00    -9999
NEWARK     000714 300  205500-210000   00      86.62  753.8     81.52    -2.50    -9999
NEWARK     000714 300  210000-210500   00      86.62  753.8     81.51    -2.50    -9999
NEWARK     000714 300  210500-211000   00      86.30  753.8     81.24    -2.80    -9999
NEWARK     000714 300  211000-211500   00      87.90  753.9     82.80    -1.00    -9999
NEWARK     000714 300  211500-212000   00      85.98  754.0     81.08    -3.00    -9999
NEWARK     000714 300  212000-212500   00      85.02  754.0     80.20    -4.10    -9999
NEWARK     000714 300  212500-213000   00      86.94  754.0     81.97    -1.90    -9999
NEWARK     000714 300  213000-213500   00      85.66  753.9     80.72    -3.40    -9999
NEWARK     000714 300  213500-214000   00      87.25  754.0     82.26    -1.60    -9999
NEWARK     000714 300  214000-214500   00      86.30  754.0     81.35    -2.70    -9999
NEWARK     000714 300  214500-215000   00      86.62  753.8     81.55    -2.50    -9999
NEWARK     000714 300  215000-215500   00      85.34  753.6     80.16    -4.10    -9999
NEWARK     000714 300  215500-220000   00      87.26  753.4     81.83    -2.10    -9999
NEWARK     000714 300  220000-220500   00      86.94  753.4     81.54    -2.50    -9999
NEWARK     000714 300  220500-221000   00      85.98  753.5     80.70    -3.50    -9999
NEWARK     000714 300  221000-221500   00      88.21  753.8     83.02    -0.70    -9999
NEWARK     000714 300  221500-222000   00      86.30  754.0     81.40    -2.60    -9999
NEWARK     000714 300  222000-222500   00      84.06  753.8     79.15    -5.30    -9999
NEWARK     000714 300  222500-223000   00      87.57  754.0     82.56    -1.20    -9999
NEWARK     000714 300  223000-223500   00      86.62  754.1     81.77    -2.20    -9999
NEWARK     000714 300  223500-224000   00      87.58  754.2     82.77    -1.00    -9999
NEWARK     000714 300  224000-224500   00      86.30  754.2     81.54    -2.50    -9999
NEWARK     000714 300  224500-225000   00      84.06  754.1     79.36    -5.10    -9999
NEWARK     000714 300  225000-225500   00      86.30  754.0     81.37    -2.70    -9999
NEWARK     000714 300  225500-230000   00      87.25  754.0     82.30    -1.60    -9999
NEWARK     000714 300  230000-230500   00      85.98  753.8     80.97    -3.10    -9999
NEWARK     000714 300  230500-231000   00      87.25  754.0     82.27    -1.60    -9999
NEWARK     000714 300  231000-231500   00      85.66  754.0     80.79    -3.40    -9999
NEWARK     000714 300  231500-232000   00      85.66  754.1     80.84    -3.30    -9999
NEWARK     000714 300  232000-232500   00      87.26  754.0     82.29    -1.60    -9999
NEWARK     000714 300  232500-233000   00      85.34  754.1     80.58    -3.60    -9999
NEWARK     000714 300  233000-233500   00      86.30  754.2     81.56    -2.40    -9999
NEWARK     000714 300  233500-234000   00      85.66  754.2     80.96    -3.20    -9999
NEWARK     000714 300  234000-234500   00      86.94  754.3     82.22    -1.70    -9999
NEWARK     000714 300  234500-235000   00      85.98  754.3     81.34    -2.70    -9999
NEWARK     000714 300  235000-235500   00      85.98  754.3     81.34    -2.70    -9999
NEWARK     000714 300  235500-240000   00      85.02  754.3     80.43    -3.80    -9999
NEWARK     000715 3600 000000-010000   00      86.44  752.8     80.53    -3.70    -9999
NEWARK     000715 3600 010000-020000   00      86.47  752.2     80.08    -4.20    -9999
NEWARK     000715 3600 020000-030000   00      87.08  752.0     80.50    -3.70    -9999
NEWARK     000715 3600 030000-040000   00      87.19  751.9     80.53    -3.70    -9999
NEWARK     000715 3600 040000-050000   00      87.33  751.6     80.39    -3.80    -9999
NEWARK     000715 3600 050000-060000   00      88.22  751.1     80.81    -3.30    -9999
NEWARK     000715 3600 060000-070000   00      88.92  751.0     81.36    -2.70    -9999
NEWARK     000715 3600 070000-080000   00      89.33  750.2     81.11    -3.00    -9999
NEWARK     000715 3600 080000-090000   00      90.36  749.6     81.58    -2.40    -9999
NEWARK     000715 3600 090000-100000   00      90.64  750.0     82.14    -1.70    -9999
NEWARK     000715 3600 100000-110000   00      90.69  750.0     82.19    -1.70    -9999
NEWARK     000715 3600 110000-120000   00      89.92  750.6     81.97    -1.90    -9999
NEWARK     000715 3600 120000-130000   00      89.50  750.4     81.42    -2.60    -9999
NEWARK     000715 3600 130000-140000   00      89.83  750.3     81.67    -2.30    -9999
NEWARK     000715 3600 140000-150000   00      89.86  750.2     81.61    -2.40    -9999
NEWARK     000715 3600 150000-160000   00      88.58  750.2     80.44    -3.80    -9999
NEWARK     000715 3600 160000-170000   00      88.11  750.4     80.17    -4.10    -9999
NEWARK     000715 3600 170000-180000   00      87.50  750.2     79.44    -5.00    -9999
NEWARK     000715 3600 180000-190000   00      87.31  750.0     79.14    -5.30    -9999
NEWARK     000715 3600 190000-200000   00      86.58  749.6     78.17    -6.50    -9999
NEWARK     000715 3600 200000-210000   00      85.11  749.6     76.83    -8.10    -9999
NEWARK     000715 3600 210000-220000   00      83.56  749.7     75.50    -9.70    -9999
NEWARK     000715 3600 220000-230000   00      83.00  749.9     75.14   -10.10    -9999
NEWARK     000715 3600 230000-240000   00      80.53  750.1     73.06   -12.60    -9999
*
* 	
COMMENT    PRELIMINARY DATA ... ROGER PYLE, BARTOL RESEARCH INSTITUTE, 	
COMMENT UNIVERISTY OF OULU: FILE GENERATED FROM DATABASE AND OBTAINED FROM
COMMENT https://gle.oulu.fi at 2022-05-13 14:50:50 +00:00
COMMENT FOR HISTORICAL/ORIGINAL TEXT FILES SEE https://gle.oulu.fi/txtarchive/
COMMENT ORIGINAL AT https://gle.oulu.fi/txtarchive/GLE59/C059NWRK_cor.DAT
COMMENT DETRENDED DATA SHOW -9999 IF EQUAL TO INC% COLUMN 