JUNGFRAUJ  LATITUDE    46.55     LONGITUDE     7.98      ALTITUDE    3550 M
JUNGFRAUJ  INSTRUMENT   IGY     NEUTRON MONITOR
JUNGFRAUJ  STANDARD PRESSURE    482     MMHG   COEFFICIENT   -0.96     % / MMHG
JUNGFRAUJ  PRE-INCREASE BASELINE TIME INTERVAL    000714    090000-100000   UT
JUNGFRAUJ  PRE-INCREASE AVERAGE COUNTING RATE    131.87      COUNTS PER SECOND
JUNGFRAUJ  TIME INTERVALS    60          300         3600     
JUNGFRAUJ  SCALE FACTORS     1           1           1        
STATION    YYMMDD  SEC   TIME (UT)   CODE    UNCORR. PRESS.    CORR.    % INC.	DETRENDED
                         INTERVAL    TD      C/S    (MMHG)     C/S
JUNGFRAUJ  000713 3600 000000-010000   30     127.85  491.3    139.81     6.00    -9999
JUNGFRAUJ  000713 3600 010000-020000   30     128.50  491.2    140.32     6.40    -9999
JUNGFRAUJ  000713 3600 020000-030000   30     128.61  491.1    140.33     6.40    -9999
JUNGFRAUJ  000713 3600 030000-040000   30     127.50  491.1    139.13     5.50    -9999
JUNGFRAUJ  000713 3600 040000-050000   30     128.03  491.2    139.78     6.00    -9999
JUNGFRAUJ  000713 3600 050000-060000   30     127.77  491.3    139.71     5.90    -9999
JUNGFRAUJ  000713 3600 060000-070000   30     128.63  491.5    140.96     6.90    -9999
JUNGFRAUJ  000713 3600 070000-080000   30     128.50  491.7    141.09     7.00    -9999
JUNGFRAUJ  000713 3600 080000-090000   30     128.95  491.9    141.87     7.60    -9999
JUNGFRAUJ  000713 3600 090000-100000   30     128.70  492.2    141.91     7.60    -9999
JUNGFRAUJ  000713 3600 100000-110000   30     127.65  492.4    140.98     6.90    -9999
JUNGFRAUJ  000713 3600 110000-120000   30     127.37  492.5    140.90     6.80    -9999
JUNGFRAUJ  000713 3600 120000-130000   30     126.73  492.6    140.31     6.40    -9999
JUNGFRAUJ  000713 3600 130000-140000   30     124.67  492.7    138.08     4.70    -9999
JUNGFRAUJ  000713 3600 140000-150000   30     122.91  492.6    136.08     3.20    -9999
JUNGFRAUJ  000713 3600 150000-160000   30     122.71  492.5    135.77     3.00    -9999
JUNGFRAUJ  000713 3600 160000-170000   30     120.07  492.2    132.36     0.40    -9999
JUNGFRAUJ  000713 3600 170000-180000   30     119.18  492.3    131.51    -0.30    -9999
JUNGFRAUJ  000713 3600 180000-190000   30     118.47  492.2    130.61    -1.00    -9999
JUNGFRAUJ  000713 3600 190000-200000   30     118.49  492.2    130.67    -0.90    -9999
JUNGFRAUJ  000713 3600 200000-210000   30     118.27  492.3    130.53    -1.00    -9999
JUNGFRAUJ  000713 3600 210000-220000   30     118.21  492.1    130.29    -1.20    -9999
JUNGFRAUJ  000713 3600 220000-230000   30     118.43  492.1    130.44    -1.10    -9999
JUNGFRAUJ  000713 3600 230000-240000   30     119.38  491.9    131.24    -0.50    -9999
JUNGFRAUJ  000714 3600 000000-010000   30     119.39  491.6    130.96    -0.70    -9999
JUNGFRAUJ  000714 3600 010000-020000   30     120.82  491.2    131.92     0.00    -9999
JUNGFRAUJ  000714 3600 020000-030000   30     121.88  491.0    132.82     0.70    -9999
JUNGFRAUJ  000714 3600 030000-040000   30     121.79  490.7    132.34     0.40    -9999
JUNGFRAUJ  000714 3600 040000-050000   30     122.20  490.6    132.66     0.60    -9999
JUNGFRAUJ  000714 3600 050000-060000   30     122.01  490.4    132.26     0.30    -9999
JUNGFRAUJ  000714 3600 060000-070000   30     121.79  490.1    131.64    -0.20    -9999
JUNGFRAUJ  000714 3600 070000-080000   30     121.83  489.9    131.41    -0.30    -9999
JUNGFRAUJ  000714 3600 080000-090000   30     122.18  489.8    131.69    -0.10    -9999
JUNGFRAUJ  000714 60   090000-090100   30     120.57  489.9    130.07    -1.40    -9999
JUNGFRAUJ  000714 60   090100-090200   30     123.45  489.8    133.05     0.90    -9999
JUNGFRAUJ  000714 60   090200-090300   30     124.22  489.9    134.00     1.60    -9999
JUNGFRAUJ  000714 60   090300-090400   30     123.22  489.7    132.67     0.60    -9999
JUNGFRAUJ  000714 60   090400-090500   30     122.92  489.9    132.60     0.60    -9999
JUNGFRAUJ  000714 60   090500-090600   30     118.48  489.8    127.68    -3.20    -9999
JUNGFRAUJ  000714 60   090600-090700   30     123.60  489.7    133.08     0.90    -9999
JUNGFRAUJ  000714 60   090700-090800   30     125.13  489.8    134.87     2.30    -9999
JUNGFRAUJ  000714 60   090800-090900   30     121.45  489.9    131.02    -0.60    -9999
JUNGFRAUJ  000714 60   090900-091000   30     127.47  489.9    137.52     4.30    -9999
JUNGFRAUJ  000714 60   091000-091100   30     121.97  489.9    131.58    -0.20    -9999
JUNGFRAUJ  000714 60   091100-091200   30     120.83  489.8    130.22    -1.30    -9999
JUNGFRAUJ  000714 60   091200-091300   30     122.55  489.8    132.08     0.20    -9999
JUNGFRAUJ  000714 60   091300-091400   30     123.73  489.8    133.35     1.10    -9999
JUNGFRAUJ  000714 60   091400-091500   30     125.05  489.8    134.77     2.20    -9999
JUNGFRAUJ  000714 60   091500-091600   30     121.93  489.8    131.42    -0.30    -9999
JUNGFRAUJ  000714 60   091600-091700   30     124.22  489.9    134.00     1.60    -9999
JUNGFRAUJ  000714 60   091700-091800   30     121.60  489.8    131.07    -0.60    -9999
JUNGFRAUJ  000714 60   091800-091900   30     124.02  489.8    133.67     1.40    -9999
JUNGFRAUJ  000714 60   091900-092000   30     122.98  489.9    132.68     0.60    -9999
JUNGFRAUJ  000714 60   092000-092100   30     119.80  489.9    129.23    -2.00    -9999
JUNGFRAUJ  000714 60   092100-092200   30     122.93  489.8    132.48     0.50    -9999
JUNGFRAUJ  000714 60   092200-092300   30     127.27  489.9    137.28     4.10    -9999
JUNGFRAUJ  000714 60   092300-092400   30     121.02  489.8    130.43    -1.10    -9999
JUNGFRAUJ  000714 60   092400-092500   30     125.50  489.9    135.40     2.70    -9999
JUNGFRAUJ  000714 60   092500-092600   30     122.85  489.9    132.53     0.50    -9999
JUNGFRAUJ  000714 60   092600-092700   30     121.62  489.8    131.07    -0.60    -9999
JUNGFRAUJ  000714 60   092700-092800   30     122.08  489.9    131.70    -0.10    -9999
JUNGFRAUJ  000714 60   092800-092900   30     121.63  489.9    131.22    -0.50    -9999
JUNGFRAUJ  000714 60   092900-093000   30     122.55  489.7    131.95     0.10    -9999
JUNGFRAUJ  000714 60   093000-093100   30     122.18  489.9    131.82     0.00    -9999
JUNGFRAUJ  000714 60   093100-093200   30     122.30  489.5    131.43    -0.30    -9999
JUNGFRAUJ  000714 60   093200-093300   30     122.17  489.7    131.55    -0.20    -9999
JUNGFRAUJ  000714 60   093300-093400   30     121.98  489.6    131.22    -0.50    -9999
JUNGFRAUJ  000714 60   093400-093500   30     121.88  489.6    131.10    -0.60    -9999
JUNGFRAUJ  000714 60   093500-093600   30     121.48  489.7    130.80    -0.80    -9999
JUNGFRAUJ  000714 60   093600-093700   30     119.00  489.6    128.02    -2.90    -9999
JUNGFRAUJ  000714 60   093700-093800   30     121.57  489.6    130.77    -0.80    -9999
JUNGFRAUJ  000714 60   093800-093900   30     119.15  489.6    128.17    -2.80    -9999
JUNGFRAUJ  000714 60   093900-094000   30     122.37  489.7    131.75    -0.10    -9999
JUNGFRAUJ  000714 60   094000-094100   30     120.27  489.8    129.62    -1.70    -9999
JUNGFRAUJ  000714 60   094100-094200   30     124.52  489.7    134.07     1.70    -9999
JUNGFRAUJ  000714 60   094200-094300   30     120.90  489.6    130.05    -1.40    -9999
JUNGFRAUJ  000714 60   094300-094400   30     122.47  489.6    131.73    -0.10    -9999
JUNGFRAUJ  000714 60   094400-094500   30     117.70  489.6    126.60    -4.00    -9999
JUNGFRAUJ  000714 60   094500-094600   30     123.92  489.7    133.42     1.20    -9999
JUNGFRAUJ  000714 60   094600-094700   30     124.33  489.6    133.75     1.40    -9999
JUNGFRAUJ  000714 60   094700-094800   30     122.05  489.6    131.30    -0.40    -9999
JUNGFRAUJ  000714 60   094800-094900   30     122.05  489.6    131.28    -0.40    -9999
JUNGFRAUJ  000714 60   094900-095000   30     121.63  489.6    130.83    -0.80    -9999
JUNGFRAUJ  000714 60   095000-095100   30     122.17  489.7    131.53    -0.30    -9999
JUNGFRAUJ  000714 60   095100-095200   30     120.37  489.7    129.60    -1.70    -9999
JUNGFRAUJ  000714 60   095200-095300   30     122.90  489.7    132.33     0.40    -9999
JUNGFRAUJ  000714 60   095300-095400   30     123.28  489.7    132.75     0.70    -9999
JUNGFRAUJ  000714 60   095400-095500   30     122.87  489.7    132.30     0.30    -9999
JUNGFRAUJ  000714 60   095500-095600   30     123.45  489.6    132.80     0.70    -9999
JUNGFRAUJ  000714 60   095600-095700   30     123.30  489.7    132.77     0.70    -9999
JUNGFRAUJ  000714 60   095700-095800   30     124.60  489.7    134.15     1.70    -9999
JUNGFRAUJ  000714 60   095800-095900   30     121.68  489.7    131.02    -0.60    -9999
JUNGFRAUJ  000714 60   095900-100000   30     119.73  489.6    128.80    -2.30    -9999
JUNGFRAUJ  000714 60   100000-100100   30     123.70  489.7    133.20     1.00    -9999
JUNGFRAUJ  000714 60   100100-100200   30     123.40  489.8    133.00     0.90    -9999
JUNGFRAUJ  000714 60   100200-100300   30     120.48  489.6    129.60    -1.70    -9999
JUNGFRAUJ  000714 60   100300-100400   30     118.08  489.7    127.13    -3.60    -9999
JUNGFRAUJ  000714 60   100400-100500   30     121.45  489.6    130.63    -0.90    -9999
JUNGFRAUJ  000714 60   100500-100600   30     119.82  489.7    129.02    -2.20    -9999
JUNGFRAUJ  000714 60   100600-100700   30     120.52  489.6    129.63    -1.70    -9999
JUNGFRAUJ  000714 60   100700-100800   30     123.00  489.6    132.30     0.30    -9999
JUNGFRAUJ  000714 60   100800-100900   30     124.60  489.6    134.03     1.60    -9999
JUNGFRAUJ  000714 60   100900-101000   30     125.30  489.6    134.78     2.20    -9999
JUNGFRAUJ  000714 60   101000-101100   30     122.60  489.5    131.75    -0.10    -9999
JUNGFRAUJ  000714 60   101100-101200   30     122.55  489.4    131.57    -0.20    -9999
JUNGFRAUJ  000714 60   101200-101300   30     125.63  489.6    135.15     2.50    -9999
JUNGFRAUJ  000714 60   101300-101400   30     124.87  489.6    134.32     1.90    -9999
JUNGFRAUJ  000714 60   101400-101500   30     121.82  489.4    130.78    -0.80    -9999
JUNGFRAUJ  000714 60   101500-101600   30     123.22  489.7    132.67     0.60    -9999
JUNGFRAUJ  000714 60   101600-101700   30     122.15  489.6    131.40    -0.40    -9999
JUNGFRAUJ  000714 60   101700-101800   30     123.03  489.5    132.22     0.30    -9999
JUNGFRAUJ  000714 60   101800-101900   30     126.15  489.6    135.70     2.90    -9999
JUNGFRAUJ  000714 60   101900-102000   30     123.73  489.6    133.10     0.90    -9999
JUNGFRAUJ  000714 60   102000-102100   30     122.50  489.4    131.53    -0.30    -9999
JUNGFRAUJ  000714 60   102100-102200   30     124.95  489.6    134.42     1.90    -9999
JUNGFRAUJ  000714 60   102200-102300   30     121.70  489.5    130.80    -0.80    -9999
JUNGFRAUJ  000714 60   102300-102400   30     122.55  489.4    131.57    -0.20    -9999
JUNGFRAUJ  000714 60   102400-102500   30     119.75  489.5    128.68    -2.40    -9999
JUNGFRAUJ  000714 60   102500-102600   30     124.42  489.2    133.32     1.10    -9999
JUNGFRAUJ  000714 60   102600-102700   30     124.70  489.4    133.87     1.50    -9999
JUNGFRAUJ  000714 60   102700-102800   30     121.32  489.3    130.13    -1.30    -9999
JUNGFRAUJ  000714 60   102800-102900   30     121.32  489.5    130.37    -1.10    -9999
JUNGFRAUJ  000714 60   102900-103000   30     123.67  489.5    132.90     0.80    -9999
JUNGFRAUJ  000714 60   103000-103100   30     122.02  489.4    131.00    -0.70    -9999
JUNGFRAUJ  000714 60   103100-103200   30     124.87  489.4    134.05     1.70    -9999
JUNGFRAUJ  000714 60   103200-103300   30     124.07  489.6    133.45     1.20    -9999
JUNGFRAUJ  000714 60   103300-103400   30     120.18  489.5    129.15    -2.10    -9999
JUNGFRAUJ  000714 60   103400-103500   30     123.50  489.5    132.73     0.70    -9999
JUNGFRAUJ  000714 60   103500-103600   30     123.72  489.4    132.82     0.70    -9999
JUNGFRAUJ  000714 60   103600-103700   30     122.77  489.4    131.82     0.00    -9999
JUNGFRAUJ  000714 60   103700-103800   30     123.10  489.4    132.17     0.20    -9999
JUNGFRAUJ  000714 60   103800-103900   30     125.58  489.6    135.10     2.50    -9999
JUNGFRAUJ  000714 60   103900-104000   30     127.90  489.5    137.45     4.20    -9999
JUNGFRAUJ  000714 60   104000-104100   30     123.18  489.5    132.38     0.40    -9999
JUNGFRAUJ  000714 60   104100-104200   30     123.70  489.6    133.07     0.90    -9999
JUNGFRAUJ  000714 60   104200-104300   30     122.12  489.4    131.12    -0.60    -9999
JUNGFRAUJ  000714 60   104300-104400   30     125.40  489.5    134.77     2.20    -9999
JUNGFRAUJ  000714 60   104400-104500   30     125.12  489.5    134.45     2.00    -9999
JUNGFRAUJ  000714 60   104500-104600   30     127.32  489.5    136.82     3.80    -9999
JUNGFRAUJ  000714 60   104600-104700   30     122.50  489.5    131.65    -0.20    -9999
JUNGFRAUJ  000714 60   104700-104800   30     124.63  489.6    134.05     1.70    -9999
JUNGFRAUJ  000714 60   104800-104900   30     125.32  489.6    134.80     2.20    -9999
JUNGFRAUJ  000714 60   104900-105000   30     125.10  489.5    134.43     1.90    -9999
JUNGFRAUJ  000714 60   105000-105100   30     126.70  489.5    136.17     3.30    -9999
JUNGFRAUJ  000714 60   105100-105200   30     124.98  489.4    134.18     1.80    -9999
JUNGFRAUJ  000714 60   105200-105300   30     124.32  489.6    133.73     1.40    -9999
JUNGFRAUJ  000714 60   105300-105400   30     122.98  489.6    132.30     0.30    -9999
JUNGFRAUJ  000714 60   105400-105500   30     122.08  489.6    131.33    -0.40    -9999
JUNGFRAUJ  000714 60   105500-105600   30     125.22  489.6    134.70     2.10    -9999
JUNGFRAUJ  000714 60   105600-105700   30     121.60  489.5    130.68    -0.90    -9999
JUNGFRAUJ  000714 60   105700-105800   30     122.85  489.5    132.03     0.10    -9999
JUNGFRAUJ  000714 60   105800-105900   30     127.90  489.7    137.72     4.40    -9999
JUNGFRAUJ  000714 60   105900-110000   30     125.97  489.5    135.37     2.70    -9999
JUNGFRAUJ  000714 60   110000-110100   30     124.15  489.6    133.55     1.30    -9999
JUNGFRAUJ  000714 60   110100-110200   30     122.73  489.6    132.03     0.10    -9999
JUNGFRAUJ  000714 60   110200-110300   30     122.50  489.6    131.77    -0.10    -9999
JUNGFRAUJ  000714 60   110300-110400   30     125.15  489.6    134.62     2.10    -9999
JUNGFRAUJ  000714 60   110400-110500   30     119.67  489.5    128.60    -2.50    -9999
JUNGFRAUJ  000714 60   110500-110600   30     120.97  489.5    130.00    -1.40    -9999
JUNGFRAUJ  000714 60   110600-110700   30     122.33  489.6    131.60    -0.20    -9999
JUNGFRAUJ  000714 60   110700-110800   30     122.70  489.6    132.00     0.10    -9999
JUNGFRAUJ  000714 60   110800-110900   30     125.02  489.4    134.22     1.80    -9999
JUNGFRAUJ  000714 60   110900-111000   30     122.00  489.5    131.12    -0.60    -9999
JUNGFRAUJ  000714 60   111000-111100   30     124.30  489.4    133.45     1.20    -9999
JUNGFRAUJ  000714 60   111100-111200   30     128.60  489.6    138.32     4.90    -9999
JUNGFRAUJ  000714 60   111200-111300   30     124.78  489.5    134.08     1.70    -9999
JUNGFRAUJ  000714 60   111300-111400   30     121.05  489.5    130.08    -1.40    -9999
JUNGFRAUJ  000714 60   111400-111500   30     123.52  489.5    132.73     0.70    -9999
JUNGFRAUJ  000714 60   111500-111600   30     124.93  489.6    134.38     1.90    -9999
JUNGFRAUJ  000714 60   111600-111700   30     120.65  489.4    129.53    -1.80    -9999
JUNGFRAUJ  000714 60   111700-111800   30     124.88  489.4    134.08     1.70    -9999
JUNGFRAUJ  000714 60   111800-111900   30     124.35  489.5    133.63     1.30    -9999
JUNGFRAUJ  000714 60   111900-112000   30     127.42  489.5    136.92     3.80    -9999
JUNGFRAUJ  000714 60   112000-112100   30     123.88  489.5    133.13     1.00    -9999
JUNGFRAUJ  000714 60   112100-112200   30     122.55  489.5    131.70    -0.10    -9999
JUNGFRAUJ  000714 60   112200-112300   30     120.88  489.6    130.03    -1.40    -9999
JUNGFRAUJ  000714 60   112300-112400   30     126.93  489.6    136.53     3.50    -9999
JUNGFRAUJ  000714 60   112400-112500   30     120.37  489.6    129.47    -1.80    -9999
JUNGFRAUJ  000714 60   112500-112600   30     121.85  489.5    130.93    -0.70    -9999
JUNGFRAUJ  000714 60   112600-112700   30     126.98  489.5    136.45     3.50    -9999
JUNGFRAUJ  000714 60   112700-112800   30     125.55  489.6    135.05     2.40    -9999
JUNGFRAUJ  000714 60   112800-112900   30     125.85  489.6    135.37     2.70    -9999
JUNGFRAUJ  000714 60   112900-113000   30     121.33  489.6    130.52    -1.00    -9999
JUNGFRAUJ  000714 60   113000-113100   30     126.42  489.5    135.85     3.00    -9999
JUNGFRAUJ  000714 60   113100-113200   30     124.93  489.5    134.25     1.80    -9999
JUNGFRAUJ  000714 60   113200-113300   30     125.67  489.5    135.05     2.40    -9999
JUNGFRAUJ  000714 60   113300-113400   30     119.95  489.4    128.77    -2.40    -9999
JUNGFRAUJ  000714 60   113400-113500   30     123.62  489.5    132.85     0.70    -9999
JUNGFRAUJ  000714 60   113500-113600   30     123.10  489.4    132.17     0.20    -9999
JUNGFRAUJ  000714 60   113600-113700   30     124.03  489.5    133.30     1.10    -9999
JUNGFRAUJ  000714 60   113700-113800   30     122.05  489.3    130.90    -0.70    -9999
JUNGFRAUJ  000714 60   113800-113900   30     124.30  489.5    133.58     1.30    -9999
JUNGFRAUJ  000714 60   113900-114000   30     126.02  489.3    135.17     2.50    -9999
JUNGFRAUJ  000714 60   114000-114100   30     121.68  489.2    130.38    -1.10    -9999
JUNGFRAUJ  000714 60   114100-114200   30     125.17  489.4    134.38     1.90    -9999
JUNGFRAUJ  000714 60   114200-114300   30     120.73  489.5    129.73    -1.60    -9999
JUNGFRAUJ  000714 60   114300-114400   30     123.13  489.4    132.20     0.30    -9999
JUNGFRAUJ  000714 60   114400-114500   30     123.93  489.3    132.93     0.80    -9999
JUNGFRAUJ  000714 60   114500-114600   30     121.92  489.3    130.77    -0.80    -9999
JUNGFRAUJ  000714 60   114600-114700   30     121.82  489.6    131.03    -0.60    -9999
JUNGFRAUJ  000714 60   114700-114800   30     122.32  489.4    131.32    -0.40    -9999
JUNGFRAUJ  000714 60   114800-114900   30     122.68  489.6    131.98     0.10    -9999
JUNGFRAUJ  000714 60   114900-115000   30     123.35  489.3    132.30     0.30    -9999
JUNGFRAUJ  000714 60   115000-115100   30     125.48  489.5    134.85     2.30    -9999
JUNGFRAUJ  000714 60   115100-115200   30     125.75  489.2    134.75     2.20    -9999
JUNGFRAUJ  000714 60   115200-115300   30     123.13  489.2    131.95     0.10    -9999
JUNGFRAUJ  000714 60   115300-115400   30     123.87  489.4    133.00     0.90    -9999
JUNGFRAUJ  000714 60   115400-115500   30     122.43  489.1    131.07    -0.60    -9999
JUNGFRAUJ  000714 60   115500-115600   30     122.40  489.4    131.40    -0.40    -9999
JUNGFRAUJ  000714 60   115600-115700   30     123.45  489.2    132.28     0.30    -9999
JUNGFRAUJ  000714 60   115700-115800   30     120.98  489.5    130.02    -1.40    -9999
JUNGFRAUJ  000714 60   115800-115900   30     123.47  489.3    132.42     0.40    -9999
JUNGFRAUJ  000714 60   115900-120000   30     123.98  489.3    132.98     0.80    -9999
JUNGFRAUJ  000714 60   120000-120100   30     123.58  489.3    132.55     0.50    -9999
JUNGFRAUJ  000714 60   120100-120200   30     124.70  489.0    133.37     1.10    -9999
JUNGFRAUJ  000714 60   120200-120300   30     125.82  489.2    134.82     2.20    -9999
JUNGFRAUJ  000714 60   120300-120400   30     121.63  489.3    130.47    -1.10    -9999
JUNGFRAUJ  000714 60   120400-120500   30     124.28  489.3    133.30     1.10    -9999
JUNGFRAUJ  000714 60   120500-120600   30     125.75  489.1    134.62     2.10    -9999
JUNGFRAUJ  000714 60   120600-120700   30     126.88  489.3    136.08     3.20    -9999
JUNGFRAUJ  000714 60   120700-120800   30     123.80  489.1    132.53     0.50    -9999
JUNGFRAUJ  000714 60   120800-120900   30     125.83  489.2    134.83     2.20    -9999
JUNGFRAUJ  000714 60   120900-121000   30     124.55  489.1    133.35     1.10    -9999
JUNGFRAUJ  000714 60   121000-121100   30     125.73  489.2    134.73     2.20    -9999
JUNGFRAUJ  000714 60   121100-121200   30     125.47  489.2    134.45     2.00    -9999
JUNGFRAUJ  000714 60   121200-121300   30     126.62  489.2    135.68     2.90    -9999
JUNGFRAUJ  000714 60   121300-121400   30     123.27  488.9    131.70    -0.10    -9999
JUNGFRAUJ  000714 60   121400-121500   30     125.85  489.1    134.73     2.20    -9999
JUNGFRAUJ  000714 60   121500-121600   30     120.23  489.2    128.83    -2.30    -9999
JUNGFRAUJ  000714 60   121600-121700   30     122.90  489.1    131.57    -0.20    -9999
JUNGFRAUJ  000714 60   121700-121800   30     123.02  489.2    131.83     0.00    -9999
JUNGFRAUJ  000714 60   121800-121900   30     123.97  489.3    132.97     0.80    -9999
JUNGFRAUJ  000714 60   121900-122000   30     122.13  489.3    131.00    -0.70    -9999
JUNGFRAUJ  000714 60   122000-122100   30     125.50  489.2    134.48     2.00    -9999
JUNGFRAUJ  000714 60   122100-122200   30     122.90  489.2    131.70    -0.10    -9999
JUNGFRAUJ  000714 60   122200-122300   30     126.08  489.0    134.83     2.20    -9999
JUNGFRAUJ  000714 60   122300-122400   30     124.20  489.1    132.97     0.80    -9999
JUNGFRAUJ  000714 60   122400-122500   30     124.85  489.5    134.18     1.80    -9999
JUNGFRAUJ  000714 60   122500-122600   30     121.65  489.0    130.10    -1.30    -9999
JUNGFRAUJ  000714 60   122600-122700   30     122.68  489.1    131.35    -0.40    -9999
JUNGFRAUJ  000714 60   122700-122800   30     122.90  489.0    131.43    -0.30    -9999
JUNGFRAUJ  000714 60   122800-122900   30     124.48  489.0    133.13     1.00    -9999
JUNGFRAUJ  000714 60   122900-123000   30     122.77  489.2    131.55    -0.20    -9999
JUNGFRAUJ  000714 60   123000-123100   30     125.38  489.2    134.37     1.90    -9999
JUNGFRAUJ  000714 60   123100-123200   30     122.52  489.0    131.03    -0.60    -9999
JUNGFRAUJ  000714 60   123200-123300   30     123.43  489.1    132.15     0.20    -9999
JUNGFRAUJ  000714 60   123300-123400   30     124.32  489.0    132.97     0.80    -9999
JUNGFRAUJ  000714 60   123400-123500   30     123.58  489.1    132.30     0.30    -9999
JUNGFRAUJ  000714 60   123500-123600   30     122.65  489.0    131.17    -0.50    -9999
JUNGFRAUJ  000714 60   123600-123700   30     123.05  489.0    131.62    -0.20    -9999
JUNGFRAUJ  000714 60   123700-123800   30     126.00  488.7    134.37     1.90    -9999
JUNGFRAUJ  000714 60   123800-123900   30     123.57  489.1    132.28     0.30    -9999
JUNGFRAUJ  000714 60   123900-124000   30     121.47  489.0    129.90    -1.50    -9999
JUNGFRAUJ  000714 60   124000-124100   30     126.87  489.1    135.82     3.00    -9999
JUNGFRAUJ  000714 60   124100-124200   30     124.17  489.1    132.92     0.80    -9999
JUNGFRAUJ  000714 60   124200-124300   30     123.60  489.0    132.20     0.30    -9999
JUNGFRAUJ  000714 60   124300-124400   30     124.48  489.0    133.13     1.00    -9999
JUNGFRAUJ  000714 60   124400-124500   30     121.47  488.7    129.55    -1.80    -9999
JUNGFRAUJ  000714 60   124500-124600   30     124.72  488.9    133.25     1.00    -9999
JUNGFRAUJ  000714 60   124600-124700   30     122.18  489.0    130.68    -0.90    -9999
JUNGFRAUJ  000714 60   124700-124800   30     122.80  488.9    131.22    -0.50    -9999
JUNGFRAUJ  000714 60   124800-124900   30     122.07  488.9    130.42    -1.10    -9999
JUNGFRAUJ  000714 60   124900-125000   30     122.40  488.9    130.78    -0.80    -9999
JUNGFRAUJ  000714 60   125000-125100   30     120.73  488.8    128.88    -2.30    -9999
JUNGFRAUJ  000714 60   125100-125200   30     124.37  488.8    132.75     0.70    -9999
JUNGFRAUJ  000714 60   125200-125300   30     123.63  489.0    132.23     0.30    -9999
JUNGFRAUJ  000714 60   125300-125400   30     120.83  488.9    129.10    -2.10    -9999
JUNGFRAUJ  000714 60   125400-125500   30     122.50  488.9    130.88    -0.70    -9999
JUNGFRAUJ  000714 60   125500-125600   30     123.92  488.9    132.42     0.40    -9999
JUNGFRAUJ  000714 60   125600-125700   30     121.93  488.7    130.03    -1.40    -9999
JUNGFRAUJ  000714 60   125700-125800   30     124.78  488.8    133.20     1.00    -9999
JUNGFRAUJ  000714 60   125800-125900   30     120.65  489.0    129.03    -2.10    -9999
JUNGFRAUJ  000714 60   125900-130000   30     124.55  488.9    133.08     0.90    -9999
JUNGFRAUJ  000714 60   130000-130100   30     121.28  488.7    129.35    -1.90    -9999
JUNGFRAUJ  000714 60   130100-130200   30     121.60  489.0    130.05    -1.40    -9999
JUNGFRAUJ  000714 60   130200-130300   30     121.18  489.0    129.60    -1.70    -9999
JUNGFRAUJ  000714 60   130300-130400   30     121.65  488.9    129.98    -1.40    -9999
JUNGFRAUJ  000714 60   130400-130500   30     119.68  489.0    128.02    -2.90    -9999
JUNGFRAUJ  000714 60   130500-130600   30     124.22  489.0    132.85     0.70    -9999
JUNGFRAUJ  000714 60   130600-130700   30     123.40  489.0    131.97     0.10    -9999
JUNGFRAUJ  000714 60   130700-130800   30     121.97  489.0    130.45    -1.10    -9999
JUNGFRAUJ  000714 60   130800-130900   30     121.55  489.1    130.12    -1.30    -9999
JUNGFRAUJ  000714 60   130900-131000   30     124.33  489.0    132.98     0.80    -9999
JUNGFRAUJ  000714 60   131000-131100   30     128.07  489.2    137.23     4.10    -9999
JUNGFRAUJ  000714 60   131100-131200   30     123.18  488.7    131.37    -0.40    -9999
JUNGFRAUJ  000714 60   131200-131300   30     123.40  488.8    131.73    -0.10    -9999
JUNGFRAUJ  000714 60   131300-131400   30     121.22  489.0    129.63    -1.70    -9999
JUNGFRAUJ  000714 60   131400-131500   30     122.78  488.8    131.07    -0.60    -9999
JUNGFRAUJ  000714 60   131500-131600   30     126.02  488.9    134.65     2.10    -9999
JUNGFRAUJ  000714 60   131600-131700   30     123.33  488.9    131.77    -0.10    -9999
JUNGFRAUJ  000714 60   131700-131800   30     123.13  489.0    131.68    -0.10    -9999
JUNGFRAUJ  000714 60   131800-131900   30     122.17  489.1    130.78    -0.80    -9999
JUNGFRAUJ  000714 60   131900-132000   30     125.70  489.1    134.57     2.00    -9999
JUNGFRAUJ  000714 60   132000-132100   30     124.60  488.9    133.13     1.00    -9999
JUNGFRAUJ  000714 60   132100-132200   30     125.32  488.9    133.90     1.50    -9999
JUNGFRAUJ  000714 60   132200-132300   30     119.28  488.7    127.20    -3.50    -9999
JUNGFRAUJ  000714 60   132300-132400   30     124.30  489.0    132.93     0.80    -9999
JUNGFRAUJ  000714 60   132400-132500   30     125.22  489.0    133.92     1.60    -9999
JUNGFRAUJ  000714 60   132500-132600   30     121.95  488.9    130.30    -1.20    -9999
JUNGFRAUJ  000714 60   132600-132700   30     120.60  488.9    128.87    -2.30    -9999
JUNGFRAUJ  000714 60   132700-132800   30     123.95  489.0    132.57     0.50    -9999
JUNGFRAUJ  000714 60   132800-132900   30     125.32  489.0    134.03     1.60    -9999
JUNGFRAUJ  000714 60   132900-133000   30     125.98  489.0    134.73     2.20    -9999
JUNGFRAUJ  000714 60   133000-133100   30     123.98  489.1    132.73     0.70    -9999
JUNGFRAUJ  000714 60   133100-133200   30     124.05  489.0    132.68     0.60    -9999
JUNGFRAUJ  000714 60   133200-133300   30     119.70  489.0    128.03    -2.90    -9999
JUNGFRAUJ  000714 60   133300-133400   30     120.47  488.8    128.60    -2.50    -9999
JUNGFRAUJ  000714 60   133400-133500   30     122.88  488.9    131.30    -0.40    -9999
JUNGFRAUJ  000714 60   133500-133600   30     123.85  488.9    132.33     0.40    -9999
JUNGFRAUJ  000714 60   133600-133700   30     124.77  488.8    133.18     1.00    -9999
JUNGFRAUJ  000714 60   133700-133800   30     122.35  488.8    130.62    -0.90    -9999
JUNGFRAUJ  000714 60   133800-133900   30     121.93  488.8    130.15    -1.30    -9999
JUNGFRAUJ  000714 60   133900-134000   30     123.72  489.0    132.32     0.30    -9999
JUNGFRAUJ  000714 60   134000-134100   30     123.27  488.9    131.72    -0.10    -9999
JUNGFRAUJ  000714 60   134100-134200   30     124.22  488.8    132.60     0.60    -9999
JUNGFRAUJ  000714 60   134200-134300   30     123.80  488.7    132.02     0.10    -9999
JUNGFRAUJ  000714 60   134300-134400   30     124.35  488.7    132.60     0.60    -9999
JUNGFRAUJ  000714 60   134400-134500   30     123.45  488.4    131.28    -0.40    -9999
JUNGFRAUJ  000714 60   134500-134600   30     122.58  489.0    131.10    -0.60    -9999
JUNGFRAUJ  000714 60   134600-134700   30     122.15  488.8    130.38    -1.10    -9999
JUNGFRAUJ  000714 60   134700-134800   30     125.65  488.7    134.00     1.60    -9999
JUNGFRAUJ  000714 60   134800-134900   30     124.00  488.8    132.37     0.40    -9999
JUNGFRAUJ  000714 60   134900-135000   30     125.98  488.7    134.35     1.90    -9999
JUNGFRAUJ  000714 60   135000-135100   30     121.50  488.7    129.58    -1.70    -9999
JUNGFRAUJ  000714 60   135100-135200   30     122.30  488.7    130.42    -1.10    -9999
JUNGFRAUJ  000714 60   135200-135300   30     123.58  488.6    131.67    -0.20    -9999
JUNGFRAUJ  000714 60   135300-135400   30     122.07  488.6    130.05    -1.40    -9999
JUNGFRAUJ  000714 60   135400-135500   30     121.65  488.7    129.72    -1.60    -9999
JUNGFRAUJ  000714 60   135500-135600   30     122.98  488.7    131.15    -0.50    -9999
JUNGFRAUJ  000714 60   135600-135700   30     122.10  488.8    130.33    -1.20    -9999
JUNGFRAUJ  000714 60   135700-135800   30     126.32  488.8    134.83     2.20    -9999
JUNGFRAUJ  000714 60   135800-135900   30     123.02  488.9    131.43    -0.30    -9999
JUNGFRAUJ  000714 60   135900-140000   30     123.92  488.5    131.90     0.00    -9999
JUNGFRAUJ  000714 60   140000-140100   30     122.47  488.8    130.73    -0.90    -9999
JUNGFRAUJ  000714 60   140100-140200   30     122.80  488.7    130.97    -0.70    -9999
JUNGFRAUJ  000714 60   140200-140300   30     127.45  488.7    135.92     3.10    -9999
JUNGFRAUJ  000714 60   140300-140400   30     126.05  488.7    134.42     1.90    -9999
JUNGFRAUJ  000714 60   140400-140500   30     123.22  488.7    131.40    -0.40    -9999
JUNGFRAUJ  000714 60   140500-140600   30     122.80  488.6    130.83    -0.80    -9999
JUNGFRAUJ  000714 60   140600-140700   30     124.67  488.7    132.95     0.80    -9999
JUNGFRAUJ  000714 60   140700-140800   30     125.42  488.7    133.75     1.40    -9999
JUNGFRAUJ  000714 60   140800-140900   30     124.75  488.7    133.05     0.90    -9999
JUNGFRAUJ  000714 60   140900-141000   30     125.05  488.7    133.37     1.10    -9999
JUNGFRAUJ  000714 60   141000-141100   30     126.47  488.7    134.87     2.30    -9999
JUNGFRAUJ  000714 60   141100-141200   30     126.53  488.5    134.67     2.10    -9999
JUNGFRAUJ  000714 60   141200-141300   30     124.73  488.7    133.02     0.90    -9999
JUNGFRAUJ  000714 60   141300-141400   30     123.10  488.8    131.42    -0.30    -9999
JUNGFRAUJ  000714 60   141400-141500   30     120.12  488.7    128.08    -2.90    -9999
JUNGFRAUJ  000714 60   141500-141600   30     124.25  488.7    132.50     0.50    -9999
JUNGFRAUJ  000714 60   141600-141700   30     122.25  488.8    130.50    -1.00    -9999
JUNGFRAUJ  000714 60   141700-141800   30     122.15  488.7    130.25    -1.20    -9999
JUNGFRAUJ  000714 60   141800-141900   30     125.52  488.8    134.00     1.60    -9999
JUNGFRAUJ  000714 60   141900-142000   30     126.87  488.7    135.30     2.60    -9999
JUNGFRAUJ  000714 60   142000-142100   30     120.28  488.7    128.28    -2.70    -9999
JUNGFRAUJ  000714 60   142100-142200   30     123.38  488.7    131.58    -0.20    -9999
JUNGFRAUJ  000714 60   142200-142300   30     124.80  488.8    133.22     1.00    -9999
JUNGFRAUJ  000714 60   142300-142400   30     124.07  488.7    132.32     0.30    -9999
JUNGFRAUJ  000714 60   142400-142500   30     124.00  488.7    132.23     0.30    -9999
JUNGFRAUJ  000714 60   142500-142600   30     120.80  488.8    128.95    -2.20    -9999
JUNGFRAUJ  000714 60   142600-142700   30     125.37  488.6    133.57     1.30    -9999
JUNGFRAUJ  000714 60   142700-142800   30     124.88  488.8    133.32     1.10    -9999
JUNGFRAUJ  000714 60   142800-142900   30     121.92  488.7    130.02    -1.40    -9999
JUNGFRAUJ  000714 60   142900-143000   30     126.48  488.7    134.88     2.30    -9999
JUNGFRAUJ  000714 60   143000-143100   30     122.35  488.8    130.60    -1.00    -9999
JUNGFRAUJ  000714 60   143100-143200   30     125.78  488.7    134.13     1.70    -9999
JUNGFRAUJ  000714 60   143200-143300   30     121.15  488.5    128.95    -2.20    -9999
JUNGFRAUJ  000714 60   143300-143400   30     120.98  488.4    128.65    -2.40    -9999
JUNGFRAUJ  000714 60   143400-143500   30     121.32  488.7    129.38    -1.90    -9999
JUNGFRAUJ  000714 60   143500-143600   30     125.95  488.4    133.93     1.60    -9999
JUNGFRAUJ  000714 60   143600-143700   30     122.27  488.6    130.25    -1.20    -9999
JUNGFRAUJ  000714 60   143700-143800   30     124.50  488.6    132.65     0.60    -9999
JUNGFRAUJ  000714 60   143800-143900   30     124.50  488.4    132.38     0.40    -9999
JUNGFRAUJ  000714 60   143900-144000   30     125.02  488.7    133.32     1.10    -9999
JUNGFRAUJ  000714 60   144000-144100   30     124.73  488.7    133.02     0.90    -9999
JUNGFRAUJ  000714 60   144100-144200   30     126.60  488.5    134.75     2.20    -9999
JUNGFRAUJ  000714 60   144200-144300   30     122.83  488.6    130.87    -0.80    -9999
JUNGFRAUJ  000714 60   144300-144400   30     124.40  488.6    132.53     0.50    -9999
JUNGFRAUJ  000714 60   144400-144500   30     122.85  488.5    130.75    -0.80    -9999
JUNGFRAUJ  000714 60   144500-144600   30     127.07  488.5    135.23     2.60    -9999
JUNGFRAUJ  000714 60   144600-144700   30     121.85  488.3    129.43    -1.80    -9999
JUNGFRAUJ  000714 60   144700-144800   30     125.87  488.6    134.10     1.70    -9999
JUNGFRAUJ  000714 60   144800-144900   30     123.88  488.3    131.60    -0.20    -9999
JUNGFRAUJ  000714 60   144900-145000   30     122.85  488.4    130.63    -0.90    -9999
JUNGFRAUJ  000714 60   145000-145100   30     127.57  488.3    135.53     2.80    -9999
JUNGFRAUJ  000714 60   145100-145200   30     125.68  488.5    133.77     1.40    -9999
JUNGFRAUJ  000714 60   145200-145300   30     122.47  488.3    130.10    -1.30    -9999
JUNGFRAUJ  000714 60   145300-145400   30     123.45  488.6    131.53    -0.30    -9999
JUNGFRAUJ  000714 60   145400-145500   30     120.08  488.2    127.43    -3.40    -9999
JUNGFRAUJ  000714 60   145500-145600   30     122.68  488.4    130.45    -1.10    -9999
JUNGFRAUJ  000714 60   145600-145700   30     121.68  488.3    129.27    -2.00    -9999
JUNGFRAUJ  000714 60   145700-145800   30     120.82  488.4    128.47    -2.60    -9999
JUNGFRAUJ  000714 60   145800-145900   30     121.93  488.5    129.78    -1.60    -9999
JUNGFRAUJ  000714 60   145900-150000   30     125.12  488.3    132.92     0.80    -9999
JUNGFRAUJ  000714 60   150000-150100   30     125.67  488.4    133.63     1.30    -9999
JUNGFRAUJ  000714 60   150100-150200   30     124.92  488.2    132.58     0.50    -9999
JUNGFRAUJ  000714 60   150200-150300   30     123.03  488.2    130.58    -1.00    -9999
JUNGFRAUJ  000714 60   150300-150400   30     124.93  488.5    132.98     0.80    -9999
JUNGFRAUJ  000714 60   150400-150500   30     124.17  488.4    132.03     0.10    -9999
JUNGFRAUJ  000714 60   150500-150600   30     121.78  488.2    129.27    -2.00    -9999
JUNGFRAUJ  000714 60   150600-150700   30     124.15  488.3    131.88     0.00    -9999
JUNGFRAUJ  000714 60   150700-150800   30     127.05  488.1    134.70     2.10    -9999
JUNGFRAUJ  000714 60   150800-150900   30     125.70  488.2    133.42     1.20    -9999
JUNGFRAUJ  000714 60   150900-151000   30     123.02  488.2    130.57    -1.00    -9999
JUNGFRAUJ  000714 60   151000-151100   30     121.95  488.1    129.30    -1.90    -9999
JUNGFRAUJ  000714 60   151100-151200   30     125.18  488.4    133.12     0.90    -9999
JUNGFRAUJ  000714 60   151200-151300   30     121.02  488.4    128.70    -2.40    -9999
JUNGFRAUJ  000714 60   151300-151400   30     123.42  488.1    130.87    -0.80    -9999
JUNGFRAUJ  000714 60   151400-151500   30     122.60  488.4    130.37    -1.10    -9999
JUNGFRAUJ  000714 60   151500-151600   30     122.65  488.2    130.17    -1.30    -9999
JUNGFRAUJ  000714 60   151600-151700   30     127.60  488.3    135.55     2.80    -9999
JUNGFRAUJ  000714 60   151700-151800   30     123.77  488.2    131.35    -0.40    -9999
JUNGFRAUJ  000714 60   151800-151900   30     125.45  488.3    133.27     1.10    -9999
JUNGFRAUJ  000714 60   151900-152000   30     119.77  488.3    127.23    -3.50    -9999
JUNGFRAUJ  000714 60   152000-152100   30     123.55  488.2    131.13    -0.60    -9999
JUNGFRAUJ  000714 60   152100-152200   30     119.55  488.1    126.77    -3.90    -9999
JUNGFRAUJ  000714 60   152200-152300   30     122.72  488.0    130.00    -1.40    -9999
JUNGFRAUJ  000714 60   152300-152400   30     123.63  488.1    131.10    -0.60    -9999
JUNGFRAUJ  000714 60   152400-152500   30     126.63  488.2    134.40     1.90    -9999
JUNGFRAUJ  000714 60   152500-152600   30     123.35  488.2    130.92    -0.70    -9999
JUNGFRAUJ  000714 60   152600-152700   30     125.40  488.2    133.08     0.90    -9999
JUNGFRAUJ  000714 60   152700-152800   30     124.13  488.2    131.75    -0.10    -9999
JUNGFRAUJ  000714 60   152800-152900   30     118.82  488.1    125.98    -4.50    -9999
JUNGFRAUJ  000714 60   152900-153000   30     122.03  487.9    129.15    -2.10    -9999
JUNGFRAUJ  000714 60   153000-153100   30     123.22  488.1    130.65    -0.90    -9999
JUNGFRAUJ  000714 60   153100-153200   30     123.27  488.1    130.70    -0.90    -9999
JUNGFRAUJ  000714 60   153200-153300   30     125.03  487.9    132.33     0.40    -9999
JUNGFRAUJ  000714 60   153300-153400   30     127.00  488.0    134.52     2.00    -9999
JUNGFRAUJ  000714 60   153400-153500   30     126.75  488.0    134.27     1.80    -9999
JUNGFRAUJ  000714 60   153500-153600   30     125.17  488.1    132.72     0.60    -9999
JUNGFRAUJ  000714 60   153600-153700   30     121.77  487.8    128.73    -2.40    -9999
JUNGFRAUJ  000714 60   153700-153800   30     124.47  488.0    131.85     0.00    -9999
JUNGFRAUJ  000714 60   153800-153900   30     122.55  488.1    129.95    -1.50    -9999
JUNGFRAUJ  000714 60   153900-154000   30     126.47  488.1    134.10     1.70    -9999
JUNGFRAUJ  000714 60   154000-154100   30     124.57  488.0    131.95     0.10    -9999
JUNGFRAUJ  000714 60   154100-154200   30     122.77  488.2    130.28    -1.20    -9999
JUNGFRAUJ  000714 60   154200-154300   30     122.13  488.0    129.37    -1.90    -9999
JUNGFRAUJ  000714 60   154300-154400   30     124.00  488.0    131.35    -0.40    -9999
JUNGFRAUJ  000714 60   154400-154500   30     124.77  488.2    132.42     0.40    -9999
JUNGFRAUJ  000714 60   154500-154600   30     124.42  488.1    131.92     0.00    -9999
JUNGFRAUJ  000714 60   154600-154700   30     129.33  487.9    136.87     3.80    -9999
JUNGFRAUJ  000714 60   154700-154800   30     122.90  487.8    129.93    -1.50    -9999
JUNGFRAUJ  000714 60   154800-154900   30     125.57  487.8    132.75     0.70    -9999
JUNGFRAUJ  000714 60   154900-155000   30     128.10  487.6    135.17     2.50    -9999
JUNGFRAUJ  000714 60   155000-155100   30     123.28  487.6    130.08    -1.40    -9999
JUNGFRAUJ  000714 60   155100-155200   30     125.18  487.6    132.08     0.20    -9999
JUNGFRAUJ  000714 60   155200-155300   30     125.15  487.8    132.32     0.30    -9999
JUNGFRAUJ  000714 60   155300-155400   30     124.50  488.2    132.13     0.20    -9999
JUNGFRAUJ  000714 60   155400-155500   30     123.77  487.9    130.97    -0.70    -9999
JUNGFRAUJ  000714 60   155500-155600   30     126.35  487.6    133.33     1.10    -9999
JUNGFRAUJ  000714 60   155600-155700   30     122.92  487.5    129.58    -1.70    -9999
JUNGFRAUJ  000714 60   155700-155800   30     124.88  487.3    131.40    -0.40    -9999
JUNGFRAUJ  000714 60   155800-155900   30     123.08  487.6    129.88    -1.50    -9999
JUNGFRAUJ  000714 60   155900-160000   30     124.52  487.7    131.52    -0.30    -9999
JUNGFRAUJ  000714 3600 160000-170000   30     123.94  488.0    131.32    -0.40    -9999
JUNGFRAUJ  000714 3600 170000-180000   30     122.75  488.1    130.10    -1.30    -9999
JUNGFRAUJ  000714 3600 180000-190000   30     122.16  488.2    129.64    -1.70    -9999
JUNGFRAUJ  000714 3600 190000-200000   30     122.64  488.1    130.05    -1.40    -9999
JUNGFRAUJ  000714 3600 200000-210000   30     122.73  488.0    130.07    -1.40    -9999
JUNGFRAUJ  000714 3600 210000-220000   30     122.84  488.0    130.09    -1.40    -9999
JUNGFRAUJ  000714 3600 220000-230000   30     122.42  488.1    129.76    -1.60    -9999
JUNGFRAUJ  000714 3600 230000-240000   30     122.94  487.9    130.09    -1.30    -9999
JUNGFRAUJ  000715 3600 000000-010000   30     123.92  487.6    130.71    -0.90    -9999
JUNGFRAUJ  000715 3600 010000-020000   30     123.95  487.3    130.35    -1.20    -9999
JUNGFRAUJ  000715 3600 020000-030000   30     124.47  487.1    130.71    -0.90    -9999
JUNGFRAUJ  000715 3600 030000-040000   30     124.83  486.9    130.88    -0.70    -9999
JUNGFRAUJ  000715 3600 040000-050000   30     125.72  486.7    131.53    -0.30    -9999
JUNGFRAUJ  000715 3600 050000-060000   30     125.91  486.7    131.65    -0.20    -9999
JUNGFRAUJ  000715 3600 060000-070000   30     126.13  486.7    131.98     0.10    -9999
JUNGFRAUJ  000715 3600 070000-080000   30     126.52  486.8    132.56     0.50    -9999
JUNGFRAUJ  000715 3600 080000-090000   30     127.12  486.9    133.24     1.00    -9999
JUNGFRAUJ  000715 3600 090000-100000   30     127.53  486.9    133.68     1.40    -9999
JUNGFRAUJ  000715 3600 100000-110000   30     127.41  486.9    133.59     1.30    -9999
JUNGFRAUJ  000715 3600 110000-120000   30     126.76  487.0    133.02     0.90    -9999
JUNGFRAUJ  000715 3600 120000-130000   30     125.99  487.1    132.26     0.30    -9999
JUNGFRAUJ  000715 3600 130000-140000   30     125.49  487.1    131.88     0.00    -9999
JUNGFRAUJ  000715 3600 140000-150000   30     124.88  487.1    131.18    -0.50    -9999
JUNGFRAUJ  000715 3600 150000-160000   30     122.87  487.3    129.22    -2.00    -9999
JUNGFRAUJ  000715 3600 160000-170000   30     124.46  487.3    130.89    -0.70    -9999
JUNGFRAUJ  000715 3600 170000-180000   30     124.03  487.4    130.68    -0.90    -9999
JUNGFRAUJ  000715 3600 180000-190000   30     122.57  487.7    129.42    -1.90    -9999
JUNGFRAUJ  000715 3600 190000-200000   30     122.19  487.7    129.12    -2.10    -9999
JUNGFRAUJ  000715 3600 200000-210000   30     121.36  488.0    128.53    -2.50    -9999
JUNGFRAUJ  000715 3600 210000-220000   30     121.19  488.0    128.37    -2.70    -9999
JUNGFRAUJ  000715 3600 220000-230000   30     116.95  488.1    124.00    -6.00    -9999
JUNGFRAUJ  000715 3600 230000-240000   30     117.33  488.0    124.34    -5.70    -9999
*
COMMENT    SNOW FALL DURING ALL THREE DAYS OF THIS EVENT.
COMMENT    DATA VERIFIED BY ERWIN O. FLUECKIGER AND ROLF BUETIKOFER
COMMENT    FOR THE COSMIC RAY GROUP OF THE UNIVERSITY OF BERN.
COMMENT UNIVERISTY OF OULU: FILE GENERATED FROM DATABASE AND OBTAINED FROM
COMMENT https://gle.oulu.fi at 2022-05-13 14:50:50 +00:00
COMMENT FOR HISTORICAL/ORIGINAL TEXT FILES SEE https://gle.oulu.fi/txtarchive/
COMMENT ORIGINAL AT https://gle.oulu.fi/txtarchive/GLE59/C059JUNG.DAT
COMMENT DETRENDED DATA SHOW -9999 IF EQUAL TO INC% COLUMN 