IRKUTSK    LATITUDE    52.47     LONGITUDE     104.03    ALTITUDE    433 M
IRKUTSK    INSTRUMENT   IGY     NEUTRON MONITOR
IRKUTSK    STANDARD PRESSURE    948.3   MB     COEFFICIENT   -0.71     % / MB
IRKUTSK    PRE-INCREASE BASELINE TIME INTERVAL    000714    090000-100000   UT
IRKUTSK    PRE-INCREASE AVERAGE COUNTING RATE    188.20      COUNTS PER SECOND
IRKUTSK    TIME INTERVALS    300         3600     
IRKUTSK    SCALE FACTORS     1           1        
STATION    YYMMDD  SEC   TIME (UT)   CODE    UNCORR. PRESS.    CORR.    % INC.	DETRENDED
                         INTERVAL    TD      C/S     (MB)      C/S
IRKUTSK    000713 3600 000000-010000   00     208.16  943.6    201.30     7.00    -9999
IRKUTSK    000713 3600 010000-020000   00     208.38  943.7    201.66     7.10    -9999
IRKUTSK    000713 3600 020000-030000   00     207.69  943.7    200.99     6.80    -9999
IRKUTSK    000713 3600 030000-040000   00     208.33  944.0    202.04     7.40    -9999
IRKUTSK    000713 3600 040000-050000   00     207.70  944.2    201.71     7.20    -9999
IRKUTSK    000713 3600 050000-060000   00     207.62  944.2    201.64     7.10    -9999
IRKUTSK    000713 3600 060000-070000   00     208.61  944.0    202.31     7.50    -9999
IRKUTSK    000713 3600 070000-080000   00     209.38  943.8    202.77     7.70    -9999
IRKUTSK    000713 3600 080000-090000   00     209.24  943.7    202.49     7.60    -9999
IRKUTSK    000713 3600 090000-100000   00     208.62  943.9    202.18     7.40    -9999
IRKUTSK    000713 3600 100000-110000   00     206.59  944.1    200.49     6.50    -9999
IRKUTSK    000713 3600 110000-120000   00     204.45  944.2    198.56     5.50    -9999
IRKUTSK    000713 3600 120000-130000   00     200.23  944.6    195.01     3.60    -9999
IRKUTSK    000713 3600 130000-140000   00     196.35  945.3    192.20     2.10    -9999
IRKUTSK    000713 3600 140000-150000   00     189.91  946.7    187.76    -0.20    -9999
IRKUTSK    000713 3600 150000-160000   00     190.12  946.8    188.10    -0.10    -9999
IRKUTSK    000713 3600 160000-170000   00     189.27  947.0    187.53    -0.40    -9999
IRKUTSK    000713 3600 170000-180000   00     189.33  947.2    187.85    -0.20    -9999
IRKUTSK    000713 3600 180000-190000   00     190.08  947.0    188.33     0.10    -9999
IRKUTSK    000713 3600 190000-200000   00     189.85  947.0    188.10    -0.10    -9999
IRKUTSK    000713 3600 200000-210000   00     190.94  947.0    189.18     0.50    -9999
IRKUTSK    000713 3600 210000-220000   00     191.52  947.2    190.02     1.00    -9999
IRKUTSK    000713 3600 220000-230000   00     192.49  947.2    190.99     1.50    -9999
IRKUTSK    000713 3600 230000-240000   00     191.56  947.2    190.06     1.00    -9999
IRKUTSK    000714 3600 000000-010000   00     191.32  947.0    189.56     0.70    -9999
IRKUTSK    000714 3600 010000-020000   00     190.99  947.2    189.50     0.70    -9999
IRKUTSK    000714 3600 020000-030000   00     190.77  947.2    189.28     0.60    -9999
IRKUTSK    000714 3600 030000-040000   00     189.78  947.5    188.70     0.30    -9999
IRKUTSK    000714 3600 040000-050000   00     189.38  947.8    188.70     0.30    -9999
IRKUTSK    000714 3600 050000-060000   00     188.93  948.0    188.53     0.20    -9999
IRKUTSK    000714 3600 060000-070000   00     190.28  948.1    190.00     1.00    -9999
IRKUTSK    000714 3600 070000-080000   00     189.60  948.0    189.20     0.50    -9999
IRKUTSK    000714 300  080000-080500   00     187.82  948.0    187.37    -0.40    -9999
IRKUTSK    000714 300  080500-081000   00     188.51  948.0    188.06    -0.10    -9999
IRKUTSK    000714 300  081000-081500   00     188.19  948.0    187.75    -0.20    -9999
IRKUTSK    000714 300  081500-082000   00     188.91  948.0    188.47     0.10    -9999
IRKUTSK    000714 300  082000-082500   00     189.72  948.0    189.29     0.60    -9999
IRKUTSK    000714 300  082500-083000   00     189.50  948.0    189.09     0.50    -9999
IRKUTSK    000714 300  083000-083500   00     188.86  948.0    188.46     0.10    -9999
IRKUTSK    000714 300  083500-084000   00     189.01  948.0    188.63     0.20    -9999
IRKUTSK    000714 300  084000-084500   00     189.16  948.0    188.81     0.30    -9999
IRKUTSK    000714 300  084500-085000   00     188.31  948.1    187.98    -0.10    -9999
IRKUTSK    000714 300  085000-085500   00     188.44  948.1    188.14     0.00    -9999
IRKUTSK    000714 300  085500-090000   00     189.74  948.1    189.47     0.70    -9999
IRKUTSK    000714 300  090000-090500   00     189.39  948.2    189.19     0.50    -9999
IRKUTSK    000714 300  090500-091000   00     187.02  948.2    186.85    -0.70    -9999
IRKUTSK    000714 300  091000-091500   00     188.08  948.2    187.95    -0.10    -9999
IRKUTSK    000714 300  091500-092000   00     187.14  948.2    187.04    -0.60    -9999
IRKUTSK    000714 300  092000-092500   00     188.15  948.3    188.09    -0.10    -9999
IRKUTSK    000714 300  092500-093000   00     189.86  948.3    189.84     0.90    -9999
IRKUTSK    000714 300  093000-093500   00     189.02  948.3    189.04     0.40    -9999
IRKUTSK    000714 300  093500-094000   00     188.63  948.3    188.69     0.30    -9999
IRKUTSK    000714 300  094000-094500   00     188.80  948.4    188.90     0.40    -9999
IRKUTSK    000714 300  094500-095000   00     188.17  948.4    188.31     0.10    -9999
IRKUTSK    000714 300  095000-095500   00     187.41  948.4    187.59    -0.30    -9999
IRKUTSK    000714 300  095500-100000   00     186.76  948.5    186.99    -0.60    -9999
IRKUTSK    000714 300  100000-100500   00     186.83  948.5    187.15    -0.60    -0.60
IRKUTSK    000714 300  100500-101000   00     187.86  948.6    188.22     0.00     0.00
IRKUTSK    000714 300  101000-101500   00     188.16  948.6    188.57     0.20     0.20
IRKUTSK    000714 300  101500-102000   00     186.76  948.6    187.20    -0.50    -0.50
IRKUTSK    000714 300  102000-102500   00     187.49  948.7    187.97    -0.10    -0.10
IRKUTSK    000714 300  102500-103000   00     187.22  948.7    187.73    -0.20    -0.20
IRKUTSK    000714 300  103000-103500   00     191.97  948.7    192.53     2.30     2.30
IRKUTSK    000714 300  103500-104000   00     190.68  948.7    191.27     1.60     1.60
IRKUTSK    000714 300  104000-104500   00     190.45  948.8    191.07     1.50     1.50
IRKUTSK    000714 300  104500-105000   00     192.52  948.8    193.18     2.60     2.60
IRKUTSK    000714 300  105000-105500   00     191.29  948.8    191.97     2.00     2.00
IRKUTSK    000714 300  105500-110000   00     189.67  948.8    190.37     1.20     1.20
IRKUTSK    000714 300  110000-110500   00     190.08  948.8    190.75     1.40     1.40
IRKUTSK    000714 300  110500-111000   00     190.32  948.8    191.01     1.50     1.50
IRKUTSK    000714 300  111000-111500   00     189.82  948.8    190.54     1.20     1.20
IRKUTSK    000714 300  111500-112000   00     188.73  948.9    189.48     0.70     0.70
IRKUTSK    000714 300  112000-112500   00     189.20  948.9    189.97     0.90     0.90
IRKUTSK    000714 300  112500-113000   00     188.28  948.9    189.07     0.50     0.50
IRKUTSK    000714 300  113000-113500   00     188.60  948.9    189.42     0.60     0.60
IRKUTSK    000714 300  113500-114000   00     189.56  948.9    190.42     1.20     1.20
IRKUTSK    000714 300  114000-114500   00     187.91  949.0    188.79     0.30     0.30
IRKUTSK    000714 300  114500-115000   00     187.91  949.0    188.82     0.30     0.30
IRKUTSK    000714 300  115000-115500   00     188.12  949.0    189.06     0.50     0.50
IRKUTSK    000714 300  115500-120000   00     187.81  949.0    188.78     0.30     0.30
IRKUTSK    000714 300  120000-120500   00     188.42  949.1    189.48     0.70     0.70
IRKUTSK    000714 300  120500-121000   00     187.58  949.1    188.66     0.20     0.20
IRKUTSK    000714 300  121000-121500   00     187.49  949.1    188.61     0.20     0.20
IRKUTSK    000714 300  121500-122000   00     187.10  949.2    188.24     0.00     0.00
IRKUTSK    000714 300  122000-122500   00     188.75  949.2    189.93     0.90     0.90
IRKUTSK    000714 300  122500-123000   00     188.18  949.2    189.38     0.60     0.60
IRKUTSK    000714 300  123000-123500   00     188.87  949.2    190.09     1.00     1.00
IRKUTSK    000714 300  123500-124000   00     185.94  949.2    187.16    -0.60    -0.60
IRKUTSK    000714 300  124000-124500   00     186.43  949.2    187.68    -0.30    -0.30
IRKUTSK    000714 300  124500-125000   00     187.79  949.2    189.07     0.50     0.50
IRKUTSK    000714 300  125000-125500   00     189.73  949.3    191.03     1.50     1.50
IRKUTSK    000714 300  125500-130000   00     187.77  949.3    189.08     0.50     0.50
IRKUTSK    000714 300  130000-130500   00     186.36  949.3    187.70    -0.30    -0.30
IRKUTSK    000714 300  130500-131000   00     186.14  949.3    187.48    -0.40    -0.40
IRKUTSK    000714 300  131000-131500   00     186.11  949.3    187.45    -0.40    -0.40
IRKUTSK    000714 300  131500-132000   00     186.18  949.3    187.53    -0.40    -0.40
IRKUTSK    000714 300  132000-132500   00     185.75  949.3    187.10    -0.60    -0.60
IRKUTSK    000714 300  132500-133000   00     187.78  949.3    189.13     0.50     0.50
IRKUTSK    000714 300  133000-133500   00     186.81  949.3    188.14     0.00     0.00
IRKUTSK    000714 300  133500-134000   00     187.18  949.3    188.50     0.20     0.20
IRKUTSK    000714 300  134000-134500   00     187.88  949.3    189.19     0.50     0.50
IRKUTSK    000714 300  134500-135000   00     186.70  949.3    187.97    -0.10    -0.10
IRKUTSK    000714 300  135000-135500   00     187.06  949.2    188.31     0.10     0.10
IRKUTSK    000714 300  135500-140000   00     189.10  949.2    190.34     1.10     1.10
IRKUTSK    000714 300  140000-140500   00     187.10  949.1    188.15     0.00     0.00
IRKUTSK    000714 300  140500-141000   00     187.27  949.1    188.30     0.10     0.10
IRKUTSK    000714 300  141000-141500   00     187.96  949.0    188.97     0.40     0.40
IRKUTSK    000714 300  141500-142000   00     188.40  949.0    189.39     0.60     0.60
IRKUTSK    000714 300  142000-142500   00     187.36  949.0    188.32     0.10     0.10
IRKUTSK    000714 300  142500-143000   00     187.83  949.0    188.78     0.30     0.30
IRKUTSK    000714 300  143000-143500   00     188.07  949.0    189.00     0.40     0.40
IRKUTSK    000714 300  143500-144000   00     186.72  949.0    187.64    -0.30    -0.30
IRKUTSK    000714 300  144000-144500   00     186.93  949.0    187.85    -0.20    -0.20
IRKUTSK    000714 300  144500-145000   00     188.18  949.0    189.10     0.50     0.50
IRKUTSK    000714 300  145000-145500   00     184.25  949.0    185.16    -1.60    -1.60
IRKUTSK    000714 300  145500-150000   00     186.47  949.0    187.40    -0.40    -0.40
IRKUTSK    000714 300  150000-150500   00     188.32  949.1    189.39     0.60    -9999
IRKUTSK    000714 300  150500-151000   00     186.93  949.1    188.00    -0.10    -9999
IRKUTSK    000714 300  151000-151500   00     188.00  949.1    189.07     0.50    -9999
IRKUTSK    000714 300  151500-152000   00     188.15  949.1    189.23     0.50    -9999
IRKUTSK    000714 300  152000-152500   00     189.20  949.1    190.29     1.10    -9999
IRKUTSK    000714 300  152500-153000   00     189.94  949.1    191.03     1.50    -9999
IRKUTSK    000714 300  153000-153500   00     188.74  949.1    189.82     0.90    -9999
IRKUTSK    000714 300  153500-154000   00     189.03  949.1    190.10     1.00    -9999
IRKUTSK    000714 300  154000-154500   00     186.96  949.1    188.01    -0.10    -9999
IRKUTSK    000714 300  154500-155000   00     187.59  949.1    188.63     0.20    -9999
IRKUTSK    000714 300  155000-155500   00     187.38  949.1    188.39     0.10    -9999
IRKUTSK    000714 300  155500-160000   00     188.57  949.0    189.58     0.70    -9999
IRKUTSK    000714 300  160000-160500   00     191.44  949.0    192.35     2.20    -9999
IRKUTSK    000714 300  160500-161000   00     190.91  949.0    191.80     1.90    -9999
IRKUTSK    000714 300  161000-161500   00     188.61  948.9    189.47     0.70    -9999
IRKUTSK    000714 300  161500-162000   00     188.99  948.9    189.83     0.90    -9999
IRKUTSK    000714 300  162000-162500   00     188.83  948.9    189.66     0.80    -9999
IRKUTSK    000714 300  162500-163000   00     188.64  948.9    189.46     0.70    -9999
IRKUTSK    000714 300  163000-163500   00     188.97  948.9    189.77     0.80    -9999
IRKUTSK    000714 300  163500-164000   00     189.94  948.9    190.74     1.40    -9999
IRKUTSK    000714 300  164000-164500   00     189.16  948.9    189.95     0.90    -9999
IRKUTSK    000714 300  164500-165000   00     188.42  948.9    189.20     0.50    -9999
IRKUTSK    000714 300  165000-165500   00     188.52  948.9    189.30     0.60    -9999
IRKUTSK    000714 300  165500-170000   00     188.46  948.9    189.24     0.60    -9999
IRKUTSK    000714 300  170000-170500   00     187.83  948.9    188.64     0.20    -9999
IRKUTSK    000714 300  170500-171000   00     188.74  948.9    189.55     0.70    -9999
IRKUTSK    000714 300  171000-171500   00     189.82  948.9    190.63     1.30    -9999
IRKUTSK    000714 300  171500-172000   00     185.99  948.9    186.79    -0.70    -9999
IRKUTSK    000714 300  172000-172500   00     187.36  948.9    188.16     0.00    -9999
IRKUTSK    000714 300  172500-173000   00     188.06  948.9    188.86     0.40    -9999
IRKUTSK    000714 300  173000-173500   00     187.57  948.9    188.37     0.10    -9999
IRKUTSK    000714 300  173500-174000   00     189.67  948.9    190.48     1.20    -9999
IRKUTSK    000714 300  174000-174500   00     189.27  948.9    190.08     1.00    -9999
IRKUTSK    000714 300  174500-175000   00     187.45  948.9    188.26     0.00    -9999
IRKUTSK    000714 300  175000-175500   00     187.80  948.9    188.60     0.20    -9999
IRKUTSK    000714 300  175500-180000   00     186.33  948.9    187.13    -0.60    -9999
IRKUTSK    000714 300  180000-180500   00     189.15  948.9    189.96     0.90    -9999
IRKUTSK    000714 300  180500-181000   00     187.03  948.9    187.83    -0.20    -9999
IRKUTSK    000714 300  181000-181500   00     187.53  948.9    188.33     0.10    -9999
IRKUTSK    000714 300  181500-182000   00     187.37  948.9    188.17     0.00    -9999
IRKUTSK    000714 300  182000-182500   00     187.56  948.9    188.36     0.10    -9999
IRKUTSK    000714 300  182500-183000   00     185.77  948.9    186.57    -0.90    -9999
IRKUTSK    000714 300  183000-183500   00     188.45  948.9    189.26     0.60    -9999
IRKUTSK    000714 300  183500-184000   00     187.03  948.9    187.83    -0.20    -9999
IRKUTSK    000714 300  184000-184500   00     189.82  948.9    190.63     1.30    -9999
IRKUTSK    000714 300  184500-185000   00     189.01  948.9    189.82     0.90    -9999
IRKUTSK    000714 300  185000-185500   00     189.82  948.9    190.63     1.30    -9999
IRKUTSK    000714 300  185500-190000   00     189.06  948.9    189.87     0.90    -9999
IRKUTSK    000714 300  190000-190500   00     189.89  948.9    190.71     1.30    -9999
IRKUTSK    000714 300  190500-191000   00     187.94  948.9    188.75     0.30    -9999
IRKUTSK    000714 300  191000-191500   00     188.33  948.9    189.14     0.50    -9999
IRKUTSK    000714 300  191500-192000   00     188.14  948.9    188.95     0.40    -9999
IRKUTSK    000714 300  192000-192500   00     187.61  948.9    188.41     0.10    -9999
IRKUTSK    000714 300  192500-193000   00     188.56  948.9    189.37     0.60    -9999
IRKUTSK    000714 300  193000-193500   00     188.05  948.9    188.86     0.30    -9999
IRKUTSK    000714 300  193500-194000   00     189.67  948.9    190.48     1.20    -9999
IRKUTSK    000714 300  194000-194500   00     187.03  948.9    187.83    -0.20    -9999
IRKUTSK    000714 300  194500-195000   00     187.90  948.9    188.71     0.30    -9999
IRKUTSK    000714 300  195000-195500   00     187.00  948.9    187.81    -0.20    -9999
IRKUTSK    000714 300  195500-200000   00     187.43  948.9    188.23     0.00    -9999
IRKUTSK    000714 300  200000-200500   00     188.05  948.9    188.89     0.40    -9999
IRKUTSK    000714 300  200500-201000   00     188.04  948.9    188.87     0.40    -9999
IRKUTSK    000714 300  201000-201500   00     188.05  948.9    188.88     0.40    -9999
IRKUTSK    000714 300  201500-202000   00     186.58  948.9    187.40    -0.40    -9999
IRKUTSK    000714 300  202000-202500   00     187.92  948.9    188.74     0.30    -9999
IRKUTSK    000714 300  202500-203000   00     187.42  948.9    188.23     0.00    -9999
IRKUTSK    000714 300  203000-203500   00     188.24  948.9    189.04     0.40    -9999
IRKUTSK    000714 300  203500-204000   00     188.28  948.9    189.07     0.50    -9999
IRKUTSK    000714 300  204000-204500   00     187.59  948.9    188.36     0.10    -9999
IRKUTSK    000714 300  204500-205000   00     186.63  948.9    187.38    -0.40    -9999
IRKUTSK    000714 300  205000-205500   00     188.62  948.8    189.36     0.60    -9999
IRKUTSK    000714 300  205500-210000   00     186.41  948.8    187.12    -0.60    -9999
IRKUTSK    000714 300  210000-210500   00     188.31  948.8    188.94     0.40    -9999
IRKUTSK    000714 300  210500-211000   00     188.50  948.8    189.11     0.50    -9999
IRKUTSK    000714 300  211000-211500   00     186.50  948.7    187.08    -0.60    -9999
IRKUTSK    000714 300  211500-212000   00     188.01  948.7    188.58     0.20    -9999
IRKUTSK    000714 300  212000-212500   00     188.07  948.7    188.63     0.20    -9999
IRKUTSK    000714 300  212500-213000   00     188.88  948.7    189.43     0.70    -9999
IRKUTSK    000714 300  213000-213500   00     188.52  948.7    189.06     0.50    -9999
IRKUTSK    000714 300  213500-214000   00     187.07  948.7    187.59    -0.30    -9999
IRKUTSK    000714 300  214000-214500   00     189.45  948.7    189.97     0.90    -9999
IRKUTSK    000714 300  214500-215000   00     189.60  948.7    190.12     1.00    -9999
IRKUTSK    000714 300  215000-215500   00     186.56  948.7    187.06    -0.60    -9999
IRKUTSK    000714 300  215500-220000   00     189.01  948.7    189.51     0.70    -9999
IRKUTSK    000714 300  220000-220500   00     188.98  948.7    189.54     0.70    -9999
IRKUTSK    000714 300  220500-221000   00     185.58  948.7    186.13    -1.10    -9999
IRKUTSK    000714 300  221000-221500   00     186.49  948.7    187.04    -0.60    -9999
IRKUTSK    000714 300  221500-222000   00     186.67  948.7    187.21    -0.50    -9999
IRKUTSK    000714 300  222000-222500   00     187.38  948.7    187.92    -0.20    -9999
IRKUTSK    000714 300  222500-223000   00     188.55  948.7    189.09     0.50    -9999
IRKUTSK    000714 300  223000-223500   00     186.70  948.7    187.23    -0.50    -9999
IRKUTSK    000714 300  223500-224000   00     188.82  948.7    189.35     0.60    -9999
IRKUTSK    000714 300  224000-224500   00     186.13  948.7    186.64    -0.80    -9999
IRKUTSK    000714 300  224500-225000   00     189.19  948.7    189.70     0.80    -9999
IRKUTSK    000714 300  225000-225500   00     189.02  948.7    189.52     0.70    -9999
IRKUTSK    000714 300  225500-230000   00     188.82  948.7    189.32     0.60    -9999
IRKUTSK    000714 300  230000-230500   00     187.77  948.7    188.27     0.00    -9999
IRKUTSK    000714 300  230500-231000   00     186.92  948.7    187.41    -0.40    -9999
IRKUTSK    000714 300  231000-231500   00     186.42  948.6    186.89    -0.70    -9999
IRKUTSK    000714 300  231500-232000   00     185.88  948.6    186.32    -1.00    -9999
IRKUTSK    000714 300  232000-232500   00     187.13  948.6    187.57    -0.30    -9999
IRKUTSK    000714 300  232500-233000   00     187.64  948.6    188.05    -0.10    -9999
IRKUTSK    000714 300  233000-233500   00     188.86  948.6    189.25     0.60    -9999
IRKUTSK    000714 300  233500-234000   00     189.38  948.6    189.75     0.80    -9999
IRKUTSK    000714 300  234000-234500   00     187.88  948.6    188.22     0.00    -9999
IRKUTSK    000714 300  234500-235000   00     188.52  948.5    188.84     0.30    -9999
IRKUTSK    000714 300  235000-235500   00     187.59  948.5    187.88    -0.20    -9999
IRKUTSK    000714 300  235500-240000   00     187.59  948.5    187.84    -0.20    -9999
IRKUTSK    000715 3600 000000-010000   00     188.70  948.3    188.70     0.30    -9999
IRKUTSK    000715 3600 010000-020000   00     188.34  948.3    188.34     0.10    -9999
IRKUTSK    000715 3600 020000-030000   00     188.62  948.2    188.48     0.10    -9999
IRKUTSK    000715 3600 030000-040000   00     188.79  948.3    188.79     0.30    -9999
IRKUTSK    000715 3600 040000-050000   00     189.69  948.0    189.29     0.60    -9999
IRKUTSK    000715 3600 050000-060000   00     190.43  947.7    189.62     0.80    -9999
IRKUTSK    000715 3600 060000-070000   00     191.38  947.4    190.15     1.00    -9999
IRKUTSK    000715 3600 070000-080000   00     190.00  947.5    188.92     0.40    -9999
IRKUTSK    000715 3600 080000-090000   00     189.78  947.7    188.97     0.40    -9999
IRKUTSK    000715 3600 090000-100000   00     188.32  948.1    188.05    -0.10    -9999
IRKUTSK    000715 3600 100000-110000   00     187.64  948.6    188.04    -0.10    -9999
IRKUTSK    000715 3600 110000-120000   00     186.37  949.3    187.70    -0.30    -9999
IRKUTSK    000715 3600 120000-130000   00     186.36  949.9    188.50     0.20    -9999
IRKUTSK    000715 3600 130000-140000   00     184.49  950.6    187.54    -0.40    -9999
IRKUTSK    000715 3600 140000-150000   00     184.11  950.9    187.56    -0.30    -9999
IRKUTSK    000715 3600 150000-160000   00     184.88  951.1    188.61     0.20    -9999
IRKUTSK    000715 3600 160000-170000   00     184.45  951.1    188.17     0.00    -9999
IRKUTSK    000715 3600 170000-180000   00     182.10  951.3    186.04    -1.20    -9999
IRKUTSK    000715 3600 180000-190000   00     182.20  951.3    186.14    -1.10    -9999
IRKUTSK    000715 3600 190000-200000   00     182.11  951.1    185.78    -1.30    -9999
IRKUTSK    000715 3600 200000-210000   00     179.98  951.1    183.61    -2.40    -9999
IRKUTSK    000715 3600 210000-220000   00     179.02  951.3    182.89    -2.80    -9999
IRKUTSK    000715 3600 220000-230000   00     174.28  951.5    178.30    -5.30    -9999
IRKUTSK    000715 3600 230000-240000   00     174.40  951.6    178.55    -5.10    -9999
*
*	
*COMMENT    DATA VERIFIED BY E.A.EROSHENKO	
COMMENT UNIVERISTY OF OULU: FILE GENERATED FROM DATABASE AND OBTAINED FROM
COMMENT https://gle.oulu.fi at 2022-05-13 14:50:50 +00:00
COMMENT FOR HISTORICAL/ORIGINAL TEXT FILES SEE https://gle.oulu.fi/txtarchive/
COMMENT ORIGINAL AT https://gle.oulu.fi/txtarchive/GLE59/C059IRKT_cor.DAT
COMMENT DETRENDED DATA SHOW -9999 IF EQUAL TO INC% COLUMN 