LOMNICKY   LATITUDE    49.2      LONGITUDE     20.22     ALTITUDE    2632 M
LOMNICKY   INSTRUMENT   IGY     NEUTRON MONITOR
LOMNICKY   STANDARD PRESSURE    731.1   MB     COEFFICIENT   -0.73     % / MB
LOMNICKY   PRE-INCREASE BASELINE TIME INTERVAL    000714    090000-100000   UT
LOMNICKY   PRE-INCREASE AVERAGE COUNTING RATE    342.45      COUNTS PER SECOND
LOMNICKY   TIME INTERVALS    300         3600     
LOMNICKY   SCALE FACTORS     1           1        
STATION    YYMMDD  SEC   TIME (UT)   CODE    UNCORR. PRESS.    CORR.    % INC.	DETRENDED
                         INTERVAL    TD      C/S     (MB)      C/S
LOMNICKY   000713 3600 000000-010000   00     355.33  734.5    364.26     6.40    -9999
LOMNICKY   000713 3600 010000-020000   00     356.25  734.4    364.93     6.60    -9999
LOMNICKY   000713 3600 020000-030000   00     356.05  734.3    364.46     6.40    -9999
LOMNICKY   000713 3600 030000-040000   00     354.47  734.2    362.58     5.90    -9999
LOMNICKY   000713 3600 040000-050000   00     355.21  734.1    363.07     6.00    -9999
LOMNICKY   000713 3600 050000-060000   00     353.82  734.1    361.66     5.60    -9999
LOMNICKY   000713 3600 060000-070000   00     357.04  734.2    365.21     6.60    -9999
LOMNICKY   000713 3600 070000-080000   00     358.62  734.2    366.83     7.10    -9999
LOMNICKY   000713 3600 080000-090000   00     359.36  734.3    367.86     7.40    -9999
LOMNICKY   000713 3600 090000-100000   00     358.84  734.4    367.59     7.30    -9999
LOMNICKY   000713 3600 100000-110000   00     357.83  734.4    366.55     7.00    -9999
LOMNICKY   000713 3600 110000-120000   00     354.64  734.5    363.55     6.20    -9999
LOMNICKY   000713 3600 120000-130000   00     354.00  734.4    362.63     5.90    -9999
LOMNICKY   000713 3600 130000-140000   00     351.97  734.4    360.55     5.30    -9999
LOMNICKY   000713 3600 140000-150000   00     344.92  734.4    353.33     3.20    -9999
LOMNICKY   000713 3600 150000-160000   00     343.00  734.2    350.85     2.50    -9999
LOMNICKY   000713 3600 160000-170000   00     337.48  734.0    344.70     0.70    -9999
LOMNICKY   000713 3600 170000-180000   00     333.08  733.7    339.46    -0.90    -9999
LOMNICKY   000713 3600 180000-190000   00     332.14  733.7    338.51    -1.20    -9999
LOMNICKY   000713 3600 190000-200000   00     333.30  733.7    339.69    -0.80    -9999
LOMNICKY   000713 3600 200000-210000   00     332.93  733.4    338.57    -1.10    -9999
LOMNICKY   000713 3600 210000-220000   00     333.38  732.9    337.79    -1.40    -9999
LOMNICKY   000713 3600 220000-230000   00     335.90  732.5    339.35    -0.90    -9999
LOMNICKY   000713 3600 230000-240000   00     337.53  731.9    339.51    -0.90    -9999
LOMNICKY   000714 3600 000000-010000   00     339.54  731.3    340.03    -0.70    -9999
LOMNICKY   000714 3600 010000-020000   00     343.17  731.1    343.17     0.20    -9999
LOMNICKY   000714 3600 020000-030000   00     344.28  730.9    343.78     0.40    -9999
LOMNICKY   000714 3600 030000-040000   00     345.05  730.5    343.54     0.30    -9999
LOMNICKY   000714 3600 040000-050000   00     345.69  730.4    343.93     0.40    -9999
LOMNICKY   000714 3600 050000-060000   00     344.41  730.4    342.65     0.10    -9999
LOMNICKY   000714 3600 060000-070000   00     344.33  730.5    342.83     0.10    -9999
LOMNICKY   000714 3600 070000-080000   00     342.33  730.7    341.33    -0.30    -9999
LOMNICKY   000714 300  080000-080500   00     345.32  730.9    344.78     0.70    -9999
LOMNICKY   000714 300  080500-081000   00     342.07  730.9    341.60    -0.20    -9999
LOMNICKY   000714 300  081000-081500   00     342.38  730.9    341.96    -0.10    -9999
LOMNICKY   000714 300  081500-082000   00     341.31  731.0    340.94    -0.40    -9999
LOMNICKY   000714 300  082000-082500   00     342.78  731.0    342.46     0.00    -9999
LOMNICKY   000714 300  082500-083000   00     342.53  731.0    342.26    -0.10    -9999
LOMNICKY   000714 300  083000-083500   00     344.14  731.0    343.91     0.40    -9999
LOMNICKY   000714 300  083500-084000   00     344.66  731.0    344.46     0.60    -9999
LOMNICKY   000714 300  084000-084500   00     340.42  731.0    340.26    -0.60    -9999
LOMNICKY   000714 300  084500-085000   00     341.04  731.0    340.92    -0.40    -9999
LOMNICKY   000714 300  085000-085500   00     340.55  731.1    340.45    -0.60    -9999
LOMNICKY   000714 300  085500-090000   00     340.81  731.1    340.74    -0.50    -9999
LOMNICKY   000714 300  090000-090500   00     339.69  731.1    339.61    -0.80    -9999
LOMNICKY   000714 300  090500-091000   00     341.00  731.1    340.94    -0.40    -9999
LOMNICKY   000714 300  091000-091500   00     342.47  731.1    342.42     0.00    -9999
LOMNICKY   000714 300  091500-092000   00     343.07  731.1    343.04     0.20    -9999
LOMNICKY   000714 300  092000-092500   00     340.78  731.1    340.76    -0.50    -9999
LOMNICKY   000714 300  092500-093000   00     343.24  731.1    343.23     0.20    -9999
LOMNICKY   000714 300  093000-093500   00     339.86  731.1    339.86    -0.80    -9999
LOMNICKY   000714 300  093500-094000   00     343.67  731.1    343.68     0.40    -9999
LOMNICKY   000714 300  094000-094500   00     347.22  731.1    347.24     1.40    -9999
LOMNICKY   000714 300  094500-095000   00     343.91  731.1    343.94     0.40    -9999
LOMNICKY   000714 300  095000-095500   00     341.90  731.1    341.93    -0.20    -9999
LOMNICKY   000714 300  095500-100000   00     342.62  731.1    342.65     0.10    -9999
LOMNICKY   000714 300  100000-100500   00     342.93  731.1    342.93     0.10     0.10
LOMNICKY   000714 300  100500-101000   00     345.45  731.1    345.45     0.90     0.89
LOMNICKY   000714 300  101000-101500   00     343.97  731.1    343.97     0.40     0.39
LOMNICKY   000714 300  101500-102000   00     344.53  731.1    344.53     0.60     0.59
LOMNICKY   000714 300  102000-102500   00     344.03  731.1    344.03     0.50     0.49
LOMNICKY   000714 300  102500-103000   00     343.81  731.1    343.81     0.40     0.38
LOMNICKY   000714 300  103000-103500   00     346.00  731.1    346.00     1.00     0.98
LOMNICKY   000714 300  103500-104000   00     347.33  731.1    347.33     1.40     1.38
LOMNICKY   000714 300  104000-104500   00     350.47  731.1    350.47     2.30     2.28
LOMNICKY   000714 300  104500-105000   00     350.02  731.1    350.02     2.20     2.17
LOMNICKY   000714 300  105000-105500   00     350.36  731.1    350.36     2.30     2.27
LOMNICKY   000714 300  105500-110000   00     347.10  731.1    347.10     1.40     1.37
LOMNICKY   000714 300  110000-110500   00     352.47  731.1    352.47     2.90     2.87
LOMNICKY   000714 300  110500-111000   00     345.42  731.1    345.42     0.90     0.87
LOMNICKY   000714 300  111000-111500   00     348.01  731.1    348.01     1.60     1.57
LOMNICKY   000714 300  111500-112000   00     351.09  731.1    351.09     2.50     2.47
LOMNICKY   000714 300  112000-112500   00     346.39  731.1    346.39     1.10     1.07
LOMNICKY   000714 300  112500-113000   00     348.41  731.1    348.41     1.70     1.67
LOMNICKY   000714 300  113000-113500   00     347.25  731.1    347.25     1.40     1.37
LOMNICKY   000714 300  113500-114000   00     346.12  731.1    346.12     1.10     1.07
LOMNICKY   000714 300  114000-114500   00     344.09  731.1    344.09     0.50     0.47
LOMNICKY   000714 300  114500-115000   00     347.24  731.1    347.24     1.40     1.37
LOMNICKY   000714 300  115000-115500   00     345.78  731.1    345.78     1.00     0.97
LOMNICKY   000714 300  115500-120000   00     344.46  731.1    344.46     0.60     0.57
LOMNICKY   000714 300  120000-120500   00     344.21  731.1    344.18     0.50     0.47
LOMNICKY   000714 300  120500-121000   00     346.48  731.1    346.45     1.20     1.17
LOMNICKY   000714 300  121000-121500   00     345.08  731.1    345.06     0.80     0.77
LOMNICKY   000714 300  121500-122000   00     342.08  731.1    342.06    -0.10    -0.13
LOMNICKY   000714 300  122000-122500   00     344.05  731.1    344.04     0.50     0.47
LOMNICKY   000714 300  122500-123000   00     341.86  731.1    341.85    -0.20    -0.23
LOMNICKY   000714 300  123000-123500   00     346.22  731.1    346.22     1.10     1.08
LOMNICKY   000714 300  123500-124000   00     342.73  731.1    342.75     0.10     0.08
LOMNICKY   000714 300  124000-124500   00     344.40  731.1    344.43     0.60     0.58
LOMNICKY   000714 300  124500-125000   00     340.97  731.1    341.02    -0.40    -0.42
LOMNICKY   000714 300  125000-125500   00     342.42  731.1    342.48     0.00    -0.02
LOMNICKY   000714 300  125500-130000   00     344.11  731.1    344.19     0.50     0.49
LOMNICKY   000714 300  130000-130500   00     342.67  731.2    342.81     0.10     0.09
LOMNICKY   000714 300  130500-131000   00     345.61  731.2    345.77     1.00    -9999
LOMNICKY   000714 300  131000-131500   00     340.64  731.2    340.82    -0.50    -9999
LOMNICKY   000714 300  131500-132000   00     342.58  731.2    342.78     0.10    -9999
LOMNICKY   000714 300  132000-132500   00     343.74  731.2    343.96     0.40    -9999
LOMNICKY   000714 300  132500-133000   00     341.21  731.2    341.45    -0.30    -9999
LOMNICKY   000714 300  133000-133500   00     340.87  731.2    341.13    -0.40    -9999
LOMNICKY   000714 300  133500-134000   00     342.18  731.2    342.46     0.00    -9999
LOMNICKY   000714 300  134000-134500   00     342.36  731.2    342.67     0.10    -9999
LOMNICKY   000714 300  134500-135000   00     338.77  731.2    339.09    -1.00    -9999
LOMNICKY   000714 300  135000-135500   00     341.59  731.2    341.94    -0.20    -9999
LOMNICKY   000714 300  135500-140000   00     341.28  731.2    341.65    -0.20    -9999
LOMNICKY   000714 300  140000-140500   00     340.36  731.3    340.84    -0.50    -9999
LOMNICKY   000714 300  140500-141000   00     342.81  731.3    343.30     0.20    -9999
LOMNICKY   000714 300  141000-141500   00     344.06  731.3    344.57     0.60    -9999
LOMNICKY   000714 300  141500-142000   00     342.78  731.3    343.29     0.20    -9999
LOMNICKY   000714 300  142000-142500   00     344.06  731.3    344.58     0.60    -9999
LOMNICKY   000714 300  142500-143000   00     339.75  731.3    340.25    -0.60    -9999
LOMNICKY   000714 300  143000-143500   00     339.44  731.3    339.93    -0.70    -9999
LOMNICKY   000714 300  143500-144000   00     343.30  731.3    343.78     0.40    -9999
LOMNICKY   000714 300  144000-144500   00     341.43  731.3    341.88    -0.20    -9999
LOMNICKY   000714 300  144500-145000   00     339.89  731.3    340.32    -0.60    -9999
LOMNICKY   000714 300  145000-145500   00     339.88  731.3    340.28    -0.60    -9999
LOMNICKY   000714 300  145500-150000   00     342.56  731.2    342.92     0.10    -9999
LOMNICKY   000714 300  150000-150500   00     345.51  731.2    345.77     1.00    -9999
LOMNICKY   000714 300  150500-151000   00     339.94  731.2    340.15    -0.70    -9999
LOMNICKY   000714 300  151000-151500   00     339.63  731.2    339.80    -0.80    -9999
LOMNICKY   000714 300  151500-152000   00     340.17  731.1    340.30    -0.60    -9999
LOMNICKY   000714 300  152000-152500   00     341.67  731.1    341.74    -0.20    -9999
LOMNICKY   000714 300  152500-153000   00     344.24  731.1    344.27     0.50    -9999
LOMNICKY   000714 300  153000-153500   00     340.61  731.1    340.58    -0.50    -9999
LOMNICKY   000714 300  153500-154000   00     341.38  731.1    341.30    -0.30    -9999
LOMNICKY   000714 300  154000-154500   00     343.10  731.0    342.96     0.10    -9999
LOMNICKY   000714 300  154500-155000   00     341.65  731.0    341.46    -0.30    -9999
LOMNICKY   000714 300  155000-155500   00     343.10  731.0    342.84     0.10    -9999
LOMNICKY   000714 300  155500-160000   00     342.84  731.0    342.52     0.00    -9999
LOMNICKY   000714 300  160000-160500   00     343.74  730.9    343.33     0.30    -9999
LOMNICKY   000714 300  160500-161000   00     343.60  730.9    343.13     0.20    -9999
LOMNICKY   000714 300  161000-161500   00     343.75  730.9    343.22     0.20    -9999
LOMNICKY   000714 300  161500-162000   00     342.53  730.9    341.94    -0.10    -9999
LOMNICKY   000714 300  162000-162500   00     343.13  730.8    342.47     0.00    -9999
LOMNICKY   000714 300  162500-163000   00     342.51  730.8    341.79    -0.20    -9999
LOMNICKY   000714 300  163000-163500   00     345.31  730.8    344.52     0.60    -9999
LOMNICKY   000714 300  163500-164000   00     342.41  730.8    341.57    -0.30    -9999
LOMNICKY   000714 300  164000-164500   00     341.16  730.7    340.26    -0.60    -9999
LOMNICKY   000714 300  164500-165000   00     340.26  730.7    339.30    -0.90    -9999
LOMNICKY   000714 300  165000-165500   00     340.31  730.7    339.28    -0.90    -9999
LOMNICKY   000714 300  165500-170000   00     343.58  730.7    342.48     0.00    -9999
LOMNICKY   000714 300  170000-170500   00     341.61  730.6    340.46    -0.60    -9999
LOMNICKY   000714 300  170500-171000   00     341.99  730.6    340.78    -0.50    -9999
LOMNICKY   000714 300  171000-171500   00     342.77  730.6    341.49    -0.30    -9999
LOMNICKY   000714 300  171500-172000   00     339.10  730.6    337.77    -1.40    -9999
LOMNICKY   000714 300  172000-172500   00     339.46  730.5    338.07    -1.30    -9999
LOMNICKY   000714 300  172500-173000   00     338.58  730.5    337.13    -1.60    -9999
LOMNICKY   000714 300  173000-173500   00     337.63  730.5    336.12    -1.80    -9999
LOMNICKY   000714 300  173500-174000   00     336.04  730.5    334.48    -2.30    -9999
LOMNICKY   000714 300  174000-174500   00     337.46  730.4    335.83    -1.90    -9999
LOMNICKY   000714 300  174500-175000   00     334.77  730.4    333.09    -2.70    -9999
LOMNICKY   000714 300  175000-175500   00     334.95  730.4    333.22    -2.70    -9999
LOMNICKY   000714 300  175500-180000   00     336.70  730.4    334.89    -2.20    -9999
LOMNICKY   000714 300  180000-180500   00     334.56  730.3    332.61    -2.90    -9999
LOMNICKY   000714 300  180500-181000   00     336.38  730.3    334.37    -2.40    -9999
LOMNICKY   000714 300  181000-181500   00     336.86  730.3    334.79    -2.20    -9999
LOMNICKY   000714 300  181500-182000   00     336.14  730.2    334.03    -2.50    -9999
LOMNICKY   000714 300  182000-182500   00     335.92  730.2    333.77    -2.50    -9999
LOMNICKY   000714 300  182500-183000   00     339.62  730.2    337.41    -1.50    -9999
LOMNICKY   000714 300  183000-183500   00     338.75  730.2    336.51    -1.70    -9999
LOMNICKY   000714 300  183500-184000   00     340.76  730.2    338.49    -1.20    -9999
LOMNICKY   000714 300  184000-184500   00     338.28  730.2    336.01    -1.90    -9999
LOMNICKY   000714 300  184500-185000   00     338.63  730.2    336.34    -1.80    -9999
LOMNICKY   000714 300  185000-185500   00     339.81  730.2    337.50    -1.40    -9999
LOMNICKY   000714 300  185500-190000   00     339.49  730.2    337.18    -1.50    -9999
LOMNICKY   000714 300  190000-190500   00     338.09  730.2    335.88    -1.90    -9999
LOMNICKY   000714 300  190500-191000   00     341.60  730.2    339.36    -0.90    -9999
LOMNICKY   000714 300  191000-191500   00     340.96  730.2    338.73    -1.10    -9999
LOMNICKY   000714 300  191500-192000   00     340.35  730.2    338.12    -1.30    -9999
LOMNICKY   000714 300  192000-192500   00     338.23  730.2    336.02    -1.90    -9999
LOMNICKY   000714 300  192500-193000   00     340.34  730.2    338.11    -1.30    -9999
LOMNICKY   000714 300  193000-193500   00     339.82  730.2    337.60    -1.40    -9999
LOMNICKY   000714 300  193500-194000   00     337.94  730.2    335.72    -2.00    -9999
LOMNICKY   000714 300  194000-194500   00     341.70  730.2    339.46    -0.90    -9999
LOMNICKY   000714 300  194500-195000   00     338.89  730.2    336.67    -1.70    -9999
LOMNICKY   000714 300  195000-195500   00     340.97  730.2    338.74    -1.10    -9999
LOMNICKY   000714 300  195500-200000   00     340.44  730.2    338.21    -1.20    -9999
LOMNICKY   000714 300  200000-200500   00     339.55  730.2    337.29    -1.50    -9999
LOMNICKY   000714 300  200500-201000   00     340.86  730.2    338.60    -1.10    -9999
LOMNICKY   000714 300  201000-201500   00     339.12  730.2    336.88    -1.60    -9999
LOMNICKY   000714 300  201500-202000   00     339.94  730.2    337.69    -1.40    -9999
LOMNICKY   000714 300  202000-202500   00     339.75  730.2    337.51    -1.40    -9999
LOMNICKY   000714 300  202500-203000   00     342.75  730.2    340.50    -0.60    -9999
LOMNICKY   000714 300  203000-203500   00     340.76  730.2    338.54    -1.10    -9999
LOMNICKY   000714 300  203500-204000   00     339.91  730.2    337.70    -1.40    -9999
LOMNICKY   000714 300  204000-204500   00     339.21  730.2    337.02    -1.60    -9999
LOMNICKY   000714 300  204500-205000   00     339.41  730.2    337.23    -1.50    -9999
LOMNICKY   000714 300  205000-205500   00     339.51  730.2    337.35    -1.50    -9999
LOMNICKY   000714 300  205500-210000   00     336.33  730.2    334.21    -2.40    -9999
LOMNICKY   000714 300  210000-210500   00     337.17  730.3    335.13    -2.10    -9999
LOMNICKY   000714 300  210500-211000   00     338.28  730.3    336.25    -1.80    -9999
LOMNICKY   000714 300  211000-211500   00     339.73  730.3    337.70    -1.40    -9999
LOMNICKY   000714 300  211500-212000   00     337.71  730.3    335.71    -2.00    -9999
LOMNICKY   000714 300  212000-212500   00     341.23  730.3    339.23    -0.90    -9999
LOMNICKY   000714 300  212500-213000   00     339.57  730.3    337.59    -1.40    -9999
LOMNICKY   000714 300  213000-213500   00     335.78  730.3    333.83    -2.50    -9999
LOMNICKY   000714 300  213500-214000   00     342.32  730.3    340.34    -0.60    -9999
LOMNICKY   000714 300  214000-214500   00     338.96  730.3    337.01    -1.60    -9999
LOMNICKY   000714 300  214500-215000   00     337.55  730.3    335.61    -2.00    -9999
LOMNICKY   000714 300  215000-215500   00     336.93  730.3    334.99    -2.20    -9999
LOMNICKY   000714 300  215500-220000   00     338.68  730.3    336.74    -1.70    -9999
LOMNICKY   000714 300  220000-220500   00     339.36  730.3    337.44    -1.50    -9999
LOMNICKY   000714 300  220500-221000   00     338.99  730.3    337.07    -1.60    -9999
LOMNICKY   000714 300  221000-221500   00     339.36  730.3    337.44    -1.50    -9999
LOMNICKY   000714 300  221500-222000   00     339.62  730.3    337.68    -1.40    -9999
LOMNICKY   000714 300  222000-222500   00     339.68  730.3    337.73    -1.40    -9999
LOMNICKY   000714 300  222500-223000   00     339.51  730.3    337.54    -1.40    -9999
LOMNICKY   000714 300  223000-223500   00     339.76  730.3    337.77    -1.40    -9999
LOMNICKY   000714 300  223500-224000   00     338.01  730.3    336.01    -1.90    -9999
LOMNICKY   000714 300  224000-224500   00     340.61  730.3    338.57    -1.10    -9999
LOMNICKY   000714 300  224500-225000   00     340.64  730.3    338.57    -1.10    -9999
LOMNICKY   000714 300  225000-225500   00     338.79  730.2    336.69    -1.70    -9999
LOMNICKY   000714 300  225500-230000   00     338.01  730.2    335.88    -1.90    -9999
LOMNICKY   000714 300  230000-230500   00     335.48  730.2    333.20    -2.70    -9999
LOMNICKY   000714 300  230500-231000   00     342.92  730.2    340.55    -0.60    -9999
LOMNICKY   000714 300  231000-231500   00     339.84  730.1    337.46    -1.50    -9999
LOMNICKY   000714 300  231500-232000   00     338.90  730.1    336.49    -1.70    -9999
LOMNICKY   000714 300  232000-232500   00     340.70  730.1    338.25    -1.20    -9999
LOMNICKY   000714 300  232500-233000   00     341.32  730.1    338.85    -1.10    -9999
LOMNICKY   000714 300  233000-233500   00     341.83  730.1    339.34    -0.90    -9999
LOMNICKY   000714 300  233500-234000   00     338.93  730.1    336.43    -1.80    -9999
LOMNICKY   000714 300  234000-234500   00     337.10  730.1    334.61    -2.30    -9999
LOMNICKY   000714 300  234500-235000   00     341.00  730.1    338.47    -1.20    -9999
LOMNICKY   000714 300  235000-235500   00     342.11  730.1    339.56    -0.80    -9999
LOMNICKY   000714 300  235500-240000   00     340.33  730.1    337.79    -1.40    -9999
LOMNICKY   000715 3600 000000-010000   00     340.99  730.1    338.51    -1.20    -9999
LOMNICKY   000715 3600 010000-020000   00     341.49  729.8    338.26    -1.20    -9999
LOMNICKY   000715 3600 020000-030000   00     342.50  729.6    338.77    -1.10    -9999
LOMNICKY   000715 3600 030000-040000   00     343.69  729.4    339.45    -0.90    -9999
LOMNICKY   000715 3600 040000-050000   00     344.70  729.4    340.45    -0.60    -9999
LOMNICKY   000715 3600 050000-060000   00     344.45  729.6    340.70    -0.50    -9999
LOMNICKY   000715 3600 060000-070000   00     345.27  729.9    342.26    -0.10    -9999
LOMNICKY   000715 3600 070000-080000   00     343.98  730.2    341.73    -0.20    -9999
LOMNICKY   000715 3600 080000-090000   00     346.16  730.4    344.40     0.60    -9999
LOMNICKY   000715 3600 090000-100000   00     344.92  730.6    343.67     0.40    -9999
LOMNICKY   000715 3600 100000-110000   00     344.23  730.6    342.98     0.20    -9999
LOMNICKY   000715 3600 110000-120000   00     342.90  730.8    342.15    -0.10    -9999
LOMNICKY   000715 3600 120000-130000   00     341.78  730.8    341.04    -0.40    -9999
LOMNICKY   000715 3600 130000-140000   00     339.86  731.0    339.61    -0.80    -9999
LOMNICKY   000715 3600 140000-150000   00     339.16  731.0    338.92    -1.00    -9999
LOMNICKY   000715 3600 150000-160000   00     335.73  731.0    335.48    -2.00    -9999
LOMNICKY   000715 3600 160000-170000   00     338.30  731.1    338.30    -1.20    -9999
LOMNICKY   000715 3600 170000-180000   00     337.11  731.1    337.11    -1.60    -9999
LOMNICKY   000715 3600 180000-190000   00     333.35  731.3    333.84    -2.50    -9999
LOMNICKY   000715 3600 190000-200000   00     331.95  731.6    333.16    -2.70    -9999
LOMNICKY   000715 3600 200000-210000   00     326.31  731.7    327.74    -4.30    -9999
LOMNICKY   000715 3600 210000-220000   00     323.51  731.7    324.94    -5.10    -9999
LOMNICKY   000715 3600 220000-230000   00     312.34  731.5    313.25    -8.50    -9999
LOMNICKY   000715 3600 230000-240000   00     313.26  731.1    313.26    -8.50    -9999
*
*	
*COMMENT    DATA VERIFIED BY E.A.EROSHENKO	
COMMENT UNIVERISTY OF OULU: FILE GENERATED FROM DATABASE AND OBTAINED FROM
COMMENT https://gle.oulu.fi at 2022-05-13 14:50:50 +00:00
COMMENT FOR HISTORICAL/ORIGINAL TEXT FILES SEE https://gle.oulu.fi/txtarchive/
COMMENT ORIGINAL AT https://gle.oulu.fi/txtarchive/GLE59/C059LMKS_cor.DAT
COMMENT DETRENDED DATA SHOW -9999 IF EQUAL TO INC% COLUMN 