OULU       LATITUDE    65.01     LONGITUDE     25.51     ALTITUDE    15 M
OULU       INSTRUMENT   9-NM-64  NEUTRON MONITOR	
OULU       STANDARD PRESSURE    1000    MB     COEFFICIENT   -0.74     % / MB
OULU       PRE-INCREASE BASELINE TIME INTERVAL    000714    090000-100000   UT
OULU       PRE-INCREASE AVERAGE COUNTING RATE     88.65      COUNTS PER SECOND
OULU       TIME INTERVALS    300         3600     
OULU       SCALE FACTORS     1           1        
STATION    YYMMDD  SEC   TIME (UT)   CODE    UNCORR. PRESS.    CORR.    % INC.	DETRENDED
                         INTERVAL    TD      C/S     (MB)      C/S
OULU       000713 3600 000000-010000   00      92.37 1001.7     93.53     5.50    -9999
OULU       000713 3600 010000-020000   00      93.40 1001.4     94.35     6.40    -9999
OULU       000713 3600 020000-030000   00      93.76 1000.8     94.34     6.40    -9999
OULU       000713 3600 030000-040000   00      93.67 1000.6     94.06     6.10    -9999
OULU       000713 3600 040000-050000   00      94.09 1000.2     94.20     6.30    -9999
OULU       000713 3600 050000-060000   00      94.42  999.7     94.18     6.20    -9999
OULU       000713 3600 060000-070000   00      94.61  999.4     94.17     6.20    -9999
OULU       000713 3600 070000-080000   00      95.41  999.0     94.69     6.80    -9999
OULU       000713 3600 080000-090000   00      95.80  998.7     94.85     7.00    -9999
OULU       000713 3600 090000-100000   00      96.03  997.9     94.54     6.60    -9999
OULU       000713 3600 100000-110000   00      96.60  997.1     94.57     6.70    -9999
OULU       000713 3600 110000-120000   00      94.89  996.2     92.28     4.10    -9999
OULU       000713 3600 120000-130000   00      93.73  995.4     90.58     2.20    -9999
OULU       000713 3600 130000-140000   00      93.48  994.9     89.99     1.50    -9999
OULU       000713 3600 140000-150000   00      92.44  994.3     88.60    -0.10    -9999
OULU       000713 3600 150000-160000   00      92.64  994.7     89.09     0.50    -9999
OULU       000713 3600 160000-170000   00      90.75  995.4     87.68    -1.10    -9999
OULU       000713 3600 170000-180000   00      90.32  996.2     87.84    -0.90    -9999
OULU       000713 3600 180000-190000   00      88.98  996.9     86.94    -1.90    -9999
OULU       000713 3600 190000-200000   00      88.69  996.9     86.66    -2.30    -9999
OULU       000713 3600 200000-210000   00      88.31  997.1     86.44    -2.50    -9999
OULU       000713 3600 210000-220000   00      88.09  997.4     86.39    -2.60    -9999
OULU       000713 3600 220000-230000   00      88.39  997.6     86.80    -2.10    -9999
OULU       000713 3600 230000-240000   00      88.43  997.7     86.93    -1.90    -9999
OULU       000714 3600 000000-010000   00      88.92  997.7     87.43    -1.40    -9999
OULU       000714 3600 010000-020000   00      88.92  997.9     87.54    -1.30    -9999
OULU       000714 3600 020000-030000   00      90.06  997.9     88.67     0.00    -9999
OULU       000714 3600 030000-040000   00      90.08  998.2     88.85     0.20    -9999
OULU       000714 3600 040000-050000   00      89.80  998.4     88.77     0.10    -9999
OULU       000714 3600 050000-060000   00      89.33  998.8     88.56    -0.10    -9999
OULU       000714 3600 060000-070000   00      88.83  999.5     88.47    -0.20    -9999
OULU       000714 3600 070000-080000   00      89.02  999.9     88.96     0.30    -9999
OULU       000714 300  080000-080500   00      87.08 1000.0     87.10    -1.80    -9999
OULU       000714 300  080500-081000   00      90.05 1000.1     90.08     1.60    -9999
OULU       000714 300  081000-081500   00      89.77 1000.1     89.82     1.30    -9999
OULU       000714 300  081500-082000   00      88.37 1000.1     88.46    -0.20    -9999
OULU       000714 300  082000-082500   00      88.70 1000.1     88.79     0.20    -9999
OULU       000714 300  082500-083000   00      88.19 1000.2     88.31    -0.40    -9999
OULU       000714 300  083000-083500   00      89.58 1000.3     89.77     1.30    -9999
OULU       000714 300  083500-084000   00      89.14 1000.4     89.39     0.80    -9999
OULU       000714 300  084000-084500   00      87.89 1000.4     88.13    -0.60    -9999
OULU       000714 300  084500-085000   00      88.54 1000.4     88.83     0.20    -9999
OULU       000714 300  085000-085500   00      87.76 1000.5     88.09    -0.60    -9999
OULU       000714 300  085500-090000   00      88.04 1000.5     88.36    -0.30    -9999
OULU       000714 300  090000-090500   00      87.87 1000.5     88.19    -0.50    -9999
OULU       000714 300  090500-091000   00      88.31 1000.5     88.64     0.00    -9999
OULU       000714 300  091000-091500   00      88.24 1000.5     88.55    -0.10    -9999
OULU       000714 300  091500-092000   00      87.24 1000.4     87.52    -1.30    -9999
OULU       000714 300  092000-092500   00      88.98 1000.5     89.30     0.70    -9999
OULU       000714 300  092500-093000   00      87.93 1000.5     88.27    -0.40    -9999
OULU       000714 300  093000-093500   00      88.23 1000.5     88.57    -0.10    -9999
OULU       000714 300  093500-094000   00      89.33 1000.6     89.70     1.20    -9999
OULU       000714 300  094000-094500   00      88.67 1000.5     89.03     0.40    -9999
OULU       000714 300  094500-095000   00      88.00 1000.6     88.36    -0.30    -9999
OULU       000714 300  095000-095500   00      89.20 1000.6     89.60     1.10    -9999
OULU       000714 300  095500-100000   00      87.66 1000.7     88.10    -0.60    -9999
OULU       000714 300  100000-100500   00      87.82 1000.6     88.23    -0.50    -0.60
OULU       000714 300  100500-101000   00      87.92 1000.7     88.35    -0.30    -0.40
OULU       000714 300  101000-101500   00      87.97 1000.7     88.42    -0.30    -0.40
OULU       000714 300  101500-102000   00      88.77 1000.8     89.28     0.70     0.60
OULU       000714 300  102000-102500   00      87.40 1000.8     87.93    -0.80    -0.91
OULU       000714 300  102500-103000   00      87.22 1000.9     87.82    -0.90    -1.01
OULU       000714 300  103000-103500   00      90.52 1001.0     91.17     2.80     2.69
OULU       000714 300  103500-104000   00     103.56 1001.0    104.32    17.70    17.59
OULU       000714 300  104000-104500   00     110.29 1001.0    111.11    25.30    25.18
OULU       000714 300  104500-105000   00     110.40 1001.0    111.23    25.50    25.38
OULU       000714 300  105000-105500   00     110.21 1001.1    111.07    25.30    25.18
OULU       000714 300  105500-110000   00     112.95 1001.1    113.87    28.50    28.38
OULU       000714 300  110000-110500   00     113.79 1001.1    114.69    29.40    29.27
OULU       000714 300  110500-111000   00     110.57 1001.1    111.49    25.80    25.67
OULU       000714 300  111000-111500   00     112.45 1001.2    113.41    27.90    27.77
OULU       000714 300  111500-112000   00     112.18 1001.2    113.14    27.60    27.47
OULU       000714 300  112000-112500   00     110.38 1001.2    111.33    25.60    25.46
OULU       000714 300  112500-113000   00     108.83 1001.2    109.80    23.90    23.76
OULU       000714 300  113000-113500   00     107.88 1001.2    108.83    22.80    22.66
OULU       000714 300  113500-114000   00     107.01 1001.2    107.95    21.80    21.66
OULU       000714 300  114000-114500   00     106.16 1001.2    107.08    20.80    20.66
OULU       000714 300  114500-115000   00     107.04 1001.2    107.96    21.80    21.65
OULU       000714 300  115000-115500   00     106.62 1001.2    107.57    21.30    21.15
OULU       000714 300  115500-120000   00     104.29 1001.3    105.26    18.70    18.55
OULU       000714 300  120000-120500   00     105.49 1001.3    106.49    20.10    19.95
OULU       000714 300  120500-121000   00     104.18 1001.3    105.22    18.70    18.54
OULU       000714 300  121000-121500   00     103.29 1001.5    104.41    17.80    17.64
OULU       000714 300  121500-122000   00     103.24 1001.5    104.39    17.80    17.64
OULU       000714 300  122000-122500   00     102.36 1001.6    103.55    16.80    16.64
OULU       000714 300  122500-123000   00     100.58 1001.6    101.79    14.80    14.63
OULU       000714 300  123000-123500   00     101.70 1001.7    102.98    16.20    16.03
OULU       000714 300  123500-124000   00     100.45 1001.8    101.79    14.80    14.63
OULU       000714 300  124000-124500   00      99.61 1001.9    100.98    13.90    13.73
OULU       000714 300  124500-125000   00      99.62 1001.9    101.00    13.90    13.72
OULU       000714 300  125000-125500   00      98.93 1001.9    100.32    13.20    13.02
OULU       000714 300  125500-130000   00      99.41 1002.0    100.85    13.80    13.62
OULU       000714 300  130000-130500   00      97.42 1002.1     98.92    11.60    11.42
OULU       000714 300  130500-131000   00      98.33 1002.2     99.92    12.70    12.51
OULU       000714 300  131000-131500   00      98.13 1002.3     99.78    12.60    12.41
OULU       000714 300  131500-132000   00      98.02 1002.3     99.72    12.50    12.31
OULU       000714 300  132000-132500   00      96.95 1002.4     98.68    11.30    11.10
OULU       000714 300  132500-133000   00      94.30 1002.4     96.00     8.30     8.10
OULU       000714 300  133000-133500   00      96.44 1002.4     98.19    10.80    10.60
OULU       000714 300  133500-134000   00      95.16 1002.4     96.85     9.30     9.10
OULU       000714 300  134000-134500   00      95.17 1002.4     96.86     9.30     9.09
OULU       000714 300  134500-135000   00      94.21 1002.3     95.85     8.10     7.89
OULU       000714 300  135000-135500   00      94.81 1002.4     96.49     8.90     8.69
OULU       000714 300  135500-140000   00      94.51 1002.4     96.21     8.50     8.29
OULU       000714 300  140000-140500   00      95.40 1002.4     97.10     9.50     9.28
OULU       000714 300  140500-141000   00      92.10 1002.4     93.72     5.70     5.48
OULU       000714 300  141000-141500   00      93.87 1002.4     95.56     7.80     7.58
OULU       000714 300  141500-142000   00      93.29 1002.5     95.00     7.20     6.98
OULU       000714 300  142000-142500   00      93.70 1002.5     95.47     7.70     7.47
OULU       000714 300  142500-143000   00      93.04 1002.6     94.83     7.00     6.77
OULU       000714 300  143000-143500   00      92.87 1002.7     94.71     6.80     6.57
OULU       000714 300  143500-144000   00      93.89 1002.7     95.78     8.00     7.76
OULU       000714 300  144000-144500   00      94.39 1002.7     96.30     8.60     8.36
OULU       000714 300  144500-145000   00      92.40 1002.7     94.23     6.30     6.06
OULU       000714 300  145000-145500   00      94.25 1002.6     96.08     8.40     8.16
OULU       000714 300  145500-150000   00      92.99 1002.6     94.80     6.90     6.65
OULU       000714 300  150000-150500   00      92.43 1002.7     94.28     6.30     6.05
OULU       000714 300  150500-151000   00      91.98 1002.7     93.82     5.80     5.55
OULU       000714 300  151000-151500   00      91.67 1002.7     93.49     5.50     5.25
OULU       000714 300  151500-152000   00      92.65 1002.6     94.45     6.50     6.24
OULU       000714 300  152000-152500   00      92.72 1002.6     94.52     6.60     6.34
OULU       000714 300  152500-153000   00      92.10 1002.5     93.85     5.90     5.64
OULU       000714 300  153000-153500   00      92.21 1002.6     93.97     6.00     5.73
OULU       000714 300  153500-154000   00      91.05 1002.6     92.85     4.70     4.43
OULU       000714 300  154000-154500   00      92.43 1002.7     94.30     6.40     6.13
OULU       000714 300  154500-155000   00      92.43 1002.8     94.33     6.40     6.13
OULU       000714 300  155000-155500   00      91.31 1002.8     93.23     5.20     4.92
OULU       000714 300  155500-160000   00      90.18 1002.8     92.06     3.90     3.62
OULU       000714 300  160000-160500   00      90.59 1002.8     92.50     4.30     4.02
OULU       000714 300  160500-161000   00      90.92 1002.9     92.91     4.80     4.51
OULU       000714 300  161000-161500   00      91.40 1003.1     93.52     5.50     5.21
OULU       000714 300  161500-162000   00      91.11 1003.2     93.28     5.20     4.91
OULU       000714 300  162000-162500   00      90.49 1003.2     92.66     4.50     4.21
OULU       000714 300  162500-163000   00      90.17 1003.1     92.25     4.10     3.80
OULU       000714 300  163000-163500   00      92.19 1003.0     94.23     6.30     6.00
OULU       000714 300  163500-164000   00      91.20 1002.9     93.20     5.10     4.80
OULU       000714 300  164000-164500   00      89.56 1003.0     91.56     3.30     2.99
OULU       000714 300  164500-165000   00      89.11 1003.0     91.11     2.80     2.49
OULU       000714 300  165000-165500   00      90.12 1003.0     92.13     3.90     3.59
OULU       000714 300  165500-170000   00      89.97 1003.0     91.95     3.70     3.39
OULU       000714 3600 170000-180000   00      88.43 1003.1     90.49     2.10     1.77
OULU       000714 3600 180000-190000   00      87.84 1003.9     90.38     2.00     1.63
OULU       000714 3600 190000-200000   00      88.12 1004.0     90.74     2.40     1.99
OULU       000714 3600 200000-210000   00      87.86 1003.7     90.29     1.90     1.45
OULU       000714 3600 210000-220000   00      87.29 1004.3     90.08     1.60     1.11
OULU       000714 3600 220000-230000   00      86.24 1004.4     89.08     0.50    -0.03
OULU       000714 3600 230000-240000   00      86.55 1004.4     89.42     0.90     0.33
OULU       000715 3600 000000-010000   00      86.41 1004.3     89.22     0.60    -9999
OULU       000715 3600 010000-020000   00      85.63 1004.7     88.63     0.00    -9999
OULU       000715 3600 020000-030000   00      86.08 1005.0     89.35     0.80    -9999
OULU       000715 3600 030000-040000   00      85.86 1005.2     89.25     0.70    -9999
OULU       000715 3600 040000-050000   00      85.79 1005.4     89.28     0.70    -9999
OULU       000715 3600 050000-060000   00      85.79 1005.6     89.43     0.90    -9999
OULU       000715 3600 060000-070000   00      86.89 1004.8     90.04     1.60    -9999
OULU       000715 3600 070000-080000   00      85.76 1006.0     89.64     1.10    -9999
OULU       000715 3600 080000-090000   00      85.35 1006.4     89.49     0.90    -9999
OULU       000715 3600 090000-100000   00      85.07 1006.7     89.42     0.90    -9999
OULU       000715 3600 100000-110000   00      85.15 1006.6     89.44     0.90    -9999
OULU       000715 3600 110000-120000   00      85.38 1006.4     89.50     1.00    -9999
OULU       000715 3600 120000-130000   00      85.16 1005.8     88.88     0.30    -9999
OULU       000715 3600 130000-140000   00      85.01 1005.2     88.37    -0.30    -9999
OULU       000715 3600 140000-150000   00      84.84 1004.8     87.87    -0.90    -9999
OULU       000715 3600 150000-160000   00      83.56 1004.5     86.38    -2.60    -9999
OULU       000715 3600 160000-170000   00      83.97 1003.5     86.19    -2.80    -9999
OULU       000715 3600 170000-180000   00      84.29 1003.4     86.41    -2.50    -9999
OULU       000715 3600 180000-190000   00      83.67 1003.0     85.54    -3.50    -9999
OULU       000715 3600 190000-200000   00      82.68 1003.3     84.75    -4.40    -9999
OULU       000715 3600 200000-210000   00      80.15 1003.9     82.51    -6.90    -9999
OULU       000715 3600 210000-220000   00      80.19 1002.9     81.91    -7.60    -9999
OULU       000715 3600 220000-230000   00      79.21 1002.4     80.60    -9.10    -9999
OULU       000715 3600 230000-240000   00      79.57 1002.3     80.96    -8.70    -9999
*
*	
*COMMENT    DATA VERIFIED BY ILYA USOSKIN OF THE UNIVERSITY OF OULU	
COMMENT UNIVERISTY OF OULU: FILE GENERATED FROM DATABASE AND OBTAINED FROM
COMMENT https://gle.oulu.fi at 2022-05-13 14:50:50 +00:00
COMMENT FOR HISTORICAL/ORIGINAL TEXT FILES SEE https://gle.oulu.fi/txtarchive/
COMMENT ORIGINAL AT https://gle.oulu.fi/txtarchive/GLE59/C059OULU_cor.DAT
COMMENT DETRENDED DATA SHOW -9999 IF EQUAL TO INC% COLUMN 