CALGARY    LATITUDE    51.08     LONGITUDE     245.86    ALTITUDE    1128 M
CALGARY    INSTRUMENT   12-NM-64  NEUTRON MONITOR	
CALGARY    STANDARD PRESSURE    883     MB     COEFFICIENT   -0.7718   % / MB
CALGARY    PRE-INCREASE BASELINE TIME INTERVAL    000714    090000-100000   UT
CALGARY    PRE-INCREASE AVERAGE COUNTING RATE    264.53      COUNTS PER SECOND
CALGARY    TIME INTERVALS    300         3600     
CALGARY    SCALE FACTORS     1           1        
STATION    YYMMDD  SEC   TIME (UT)   CODE    UNCORR. PRESS.    CORR.    % INC.	DETRENDED
                         INTERVAL    TD      C/S     (MB)      C/S
CALGARY    000713 3600 000000-010000   00     275.75  885.1    280.31     6.00    -9999
CALGARY    000713 3600 010000-020000   00     275.83  885.2    280.56     6.10    -9999
CALGARY    000713 3600 020000-030000   00     275.19  885.4    280.36     6.00    -9999
CALGARY    000713 3600 030000-040000   00     274.58  885.8    280.69     6.10    -9999
CALGARY    000713 3600 040000-050000   00     274.11  886.2    281.06     6.20    -9999
CALGARY    000713 3600 050000-060000   00     273.11  886.6    280.83     6.20    -9999
CALGARY    000713 3600 060000-070000   00     273.28  886.9    281.64     6.50    -9999
CALGARY    000713 3600 070000-080000   00     273.36  887.0    282.06     6.60    -9999
CALGARY    000713 3600 080000-090000   00     273.33  887.1    282.22     6.70    -9999
CALGARY    000713 3600 090000-100000   00     269.83  887.3    279.03     5.50    -9999
CALGARY    000713 3600 100000-110000   00     262.97  887.6    272.67     3.10    -9999
CALGARY    000713 3600 110000-120000   00     258.61  888.0    268.92     1.70    -9999
CALGARY    000713 3600 120000-130000   00     259.19  888.2    269.89     2.00    -9999
CALGARY    000713 3600 130000-140000   00     256.53  888.2    267.22     1.00    -9999
CALGARY    000713 3600 140000-150000   00     254.69  888.3    265.50     3.70    -9999
CALGARY    000713 3600 150000-160000   00     251.00  888.0    261.03    -1.30    -9999
CALGARY    000713 3600 160000-170000   00     252.78  887.7    262.17    -8.90    -9999
CALGARY    000713 3600 170000-180000   00     253.42  887.5    262.39    -8.10    -9999
CALGARY    000713 3600 180000-190000   00     253.89  887.0    261.92    -9.90    -9999
CALGARY    000713 3600 190000-200000   00     254.22  886.4    261.06    -1.30    -9999
CALGARY    000713 3600 200000-210000   00     255.56  885.8    261.14    -1.30    -9999
CALGARY    000713 3600 210000-220000   00     254.36  885.1    258.56    -2.30    -9999
CALGARY    000713 3600 220000-230000   00     254.89  884.7    258.42    -2.30    -9999
CALGARY    000713 3600 230000-240000   00     254.94  884.0    257.03    -2.80    -9999
CALGARY    000714 3600 000000-010000   00     256.53  883.3    257.28    -2.70    -9999
CALGARY    000714 3600 010000-020000   00     256.22  882.9    256.14    -3.20    -9999
CALGARY    000714 3600 020000-030000   00     257.31  882.9    257.25    -2.80    -9999
CALGARY    000714 3600 030000-040000   00     258.11  883.2    258.56    -2.30    -9999
CALGARY    000714 3600 040000-050000   00     259.00  883.5    260.06    -1.70    -9999
CALGARY    000714 3600 050000-060000   00     259.75  883.6    261.00    -1.30    -9999
CALGARY    000714 3600 060000-070000   00     259.56  883.9    261.53    -1.10    -9999
CALGARY    000714 3600 070000-080000   00     260.94  883.9    262.78    -0.70    -9999
CALGARY    000714 3600 080000-090000   00     261.83  884.2    264.36    -0.10    -9999
CALGARY    000714 300  090000-090500   00     262.15  884.9    266.03     0.60    -9999
CALGARY    000714 300  090500-091000   00     260.03  884.9    263.87    -0.20    -9999
CALGARY    000714 300  091000-091500   00     260.20  884.7    263.63    -0.30    -9999
CALGARY    000714 300  091500-092000   00     260.29  884.8    263.93    -0.20    -9999
CALGARY    000714 300  092000-092500   00     261.69  884.8    265.35     0.30    -9999
CALGARY    000714 300  092500-093000   00     261.32  884.7    264.78     0.10    -9999
CALGARY    000714 300  093000-093500   00     260.23  884.7    263.66    -0.30    -9999
CALGARY    000714 300  093500-094000   00     263.62  884.6    266.89     0.90    -9999
CALGARY    000714 300  094000-094500   00     260.56  884.5    263.59    -0.40    -9999
CALGARY    000714 300  094500-095000   00     261.62  884.5    264.67     0.10    -9999
CALGARY    000714 300  095000-095500   00     261.62  884.5    264.67     0.10    -9999
CALGARY    000714 300  095500-100000   00     260.29  884.5    263.33    -0.50    -9999
CALGARY    000714 300  100000-100500   00     261.96  884.7    265.41     0.30     0.06
CALGARY    000714 300  100500-101000   00     265.14  884.7    268.65     1.60     1.33
CALGARY    000714 300  101000-101500   00     260.16  884.8    263.80    -0.30    -0.59
CALGARY    000714 300  101500-102000   00     262.59  884.8    266.26     0.70     0.39
CALGARY    000714 300  102000-102500   00     258.67  885.0    262.69    -0.70    -1.03
CALGARY    000714 300  102500-103000   00     260.46  884.9    264.31    -0.10    -0.45
CALGARY    000714 300  103000-103500   00     262.98  884.7    266.46     0.70     0.33
CALGARY    000714 300  103500-104000   00     270.59  884.9    274.59     3.80     3.41
CALGARY    000714 300  104000-104500   00     315.07  884.7    319.23    20.70    20.29
CALGARY    000714 300  104500-105000   00     330.18  885.0    335.32    26.80    26.37
CALGARY    000714 300  105000-105500   00     338.49  885.0    343.75    30.00    29.55
CALGARY    000714 300  105500-110000   00     346.66  885.0    352.05    33.10    32.63
CALGARY    000714 300  110000-110500   00     347.09  885.0    352.49    33.30    32.81
CALGARY    000714 300  110500-111000   00     353.30  885.0    358.80    35.60    35.09
CALGARY    000714 300  111000-111500   00     353.20  885.0    358.70    35.60    35.07
CALGARY    000714 300  111500-112000   00     352.17  885.1    357.93    35.30    34.76
CALGARY    000714 300  112000-112500   00     350.68  885.2    356.69    34.80    34.24
CALGARY    000714 300  112500-113000   00     348.79  885.1    354.48    34.00    33.42
CALGARY    000714 300  113000-113500   00     348.02  885.3    354.25    33.90    33.30
CALGARY    000714 300  113500-114000   00     347.12  885.3    353.34    33.60    32.98
CALGARY    000714 300  114000-114500   00     341.28  885.3    347.39    31.30    30.67
CALGARY    000714 300  114500-115000   00     340.02  885.3    346.11    30.80    30.15
CALGARY    000714 300  115000-115500   00     340.58  885.3    346.68    31.10    30.43
CALGARY    000714 300  115500-120000   00     332.14  885.5    338.62    28.00    27.32
CALGARY    000714 300  120000-120500   00     329.95  885.3    335.86    27.00    26.30
CALGARY    000714 300  120500-121000   00     325.80  885.4    331.89    25.50    24.78
CALGARY    000714 300  121000-121500   00     324.97  885.2    330.53    24.90    24.17
CALGARY    000714 300  121500-122000   00     322.94  885.2    328.47    24.20    23.45
CALGARY    000714 300  122000-122500   00     318.99  885.3    324.70    22.70    21.94
CALGARY    000714 300  122500-123000   00     318.33  885.4    324.28    22.60    21.82
CALGARY    000714 300  123000-123500   00     311.58  885.5    317.65    20.10    19.31
CALGARY    000714 300  123500-124000   00     308.96  885.3    314.49    18.90    18.09
CALGARY    000714 300  124000-124500   00     309.52  885.7    316.04    19.50    18.68
CALGARY    000714 300  124500-125000   00     309.56  885.7    316.07    19.50    18.66
CALGARY    000714 300  125000-125500   00     304.64  885.7    311.06    17.60    16.75
CALGARY    000714 300  125500-130000   00     304.37  885.6    310.54    17.40    16.54
CALGARY    000714 300  130000-130500   00     301.88  885.7    308.24    16.50    15.62
CALGARY    000714 300  130500-131000   00     300.72  885.7    307.05    16.10    15.21
CALGARY    000714 300  131000-131500   00     297.90  885.7    304.17    15.00    14.10
CALGARY    000714 300  131500-132000   00     296.97  885.9    303.69    14.80    13.88
CALGARY    000714 300  132000-132500   00     294.14  885.8    300.57    13.60    12.67
CALGARY    000714 300  132500-133000   00     290.42  885.7    296.54    12.10    11.16
CALGARY    000714 300  133000-133500   00     292.51  885.9    299.14    13.10    12.14
CALGARY    000714 300  133500-134000   00     290.12  885.9    296.69    12.20    11.23
CALGARY    000714 300  134000-134500   00     291.25  885.9    297.85    12.60    11.62
CALGARY    000714 300  134500-135000   00     289.39  885.8    295.72    11.80    10.81
CALGARY    000714 300  135000-135500   00     284.91  885.8    291.13    10.10     9.10
CALGARY    000714 300  135500-140000   00     287.30  885.7    293.35    10.90     9.89
CALGARY    000714 300  140000-140500   00     287.30  885.8    293.58    11.00     9.98
CALGARY    000714 300  140500-141000   00     282.95  886.0    289.58     9.50     8.46
CALGARY    000714 300  141000-141500   00     284.68  885.9    291.12    10.10     9.05
CALGARY    000714 300  141500-142000   00     283.21  885.9    289.62     9.50     8.44
CALGARY    000714 300  142000-142500   00     283.08  885.4    288.37     9.00     7.93
CALGARY    000714 300  142500-143000   00     283.18  885.8    289.37     9.40     8.32
CALGARY    000714 300  143000-143500   00     281.89  885.9    288.27     9.00     7.91
CALGARY    000714 300  143500-144000   00     282.58  885.8    288.76     9.20     8.10
CALGARY    000714 300  144000-144500   00     281.29  885.9    287.66     8.70     7.60
CALGARY    000714 300  144500-145000   00     279.13  885.8    285.23     7.80     6.69
CALGARY    000714 300  145000-145500   00     281.52  885.8    287.67     8.70     7.58
CALGARY    000714 300  145500-150000   00     277.10  885.8    283.16     7.00     5.87
CALGARY    000714 300  150000-150500   00     279.16  885.9    285.48     7.90     6.76
CALGARY    000714 300  150500-151000   00     275.57  885.8    281.59     6.40     5.25
CALGARY    000714 300  151000-151500   00     277.53  885.8    283.60     7.20     6.04
CALGARY    000714 300  151500-152000   00     277.90  885.8    283.97     7.30     6.14
CALGARY    000714 300  152000-152500   00     276.24  885.9    282.49     6.80     5.63
CALGARY    000714 300  152500-153000   00     275.41  885.8    281.42     6.40     5.22
CALGARY    000714 300  153000-153500   00     276.07  885.8    282.10     6.70     5.52
CALGARY    000714 300  153500-154000   00     275.47  885.9    281.71     6.50     5.31
CALGARY    000714 300  154000-154500   00     272.65  885.7    278.39     5.20     4.00
CALGARY    000714 300  154500-155000   00     277.90  885.7    283.75     7.30     6.10
CALGARY    000714 300  155000-155500   00     277.17  885.8    283.22     7.10     5.89
CALGARY    000714 300  155500-160000   00     278.20  885.7    284.06     7.40     6.18
CALGARY    000714 300  160000-160500   00     275.54  885.8    281.56     6.40     5.18
CALGARY    000714 300  160500-161000   00     272.95  885.8    278.91     5.40     4.17
CALGARY    000714 300  161000-161500   00     273.02  885.7    278.77     5.40     4.17
CALGARY    000714 300  161500-162000   00     277.27  885.7    283.11     7.00     5.76
CALGARY    000714 300  162000-162500   00     273.78  885.7    279.55     5.70     4.46
CALGARY    000714 300  162500-163000   00     273.62  885.7    279.38     5.60     4.35
CALGARY    000714 300  163000-163500   00     271.06  885.6    276.55     4.50     3.25
CALGARY    000714 300  163500-164000   00     275.11  885.5    280.47     6.00     4.75
CALGARY    000714 300  164000-164500   00     275.01  885.4    280.15     5.90     4.64
CALGARY    000714 300  164500-165000   00     268.93  885.5    274.17     3.60     2.34
CALGARY    000714 300  165000-165500   00     271.79  885.4    276.87     4.70     3.43
CALGARY    000714 300  165500-170000   00     271.39  885.3    276.25     4.40     3.13
CALGARY    000714 300  170000-170500   00     273.55  885.2    278.23     5.20     3.93
CALGARY    000714 300  170500-171000   00     272.72  885.2    277.39     4.90     3.63
CALGARY    000714 300  171000-171500   00     273.38  885.2    278.06     5.10     3.82
CALGARY    000714 300  171500-172000   00     275.51  885.0    279.79     5.80     4.52
CALGARY    000714 300  172000-172500   00     272.48  884.8    276.30     4.40     3.12
CALGARY    000714 300  172500-173000   00     273.51  884.7    277.13     4.80     3.52
CALGARY    000714 300  173000-173500   00     272.85  884.9    276.88     4.70     3.42
CALGARY    000714 300  173500-174000   00     272.22  884.7    275.81     4.30     3.01
CALGARY    000714 300  174000-174500   00     273.75  884.7    277.36     4.90     3.61
CALGARY    000714 300  174500-175000   00     271.36  884.6    274.73     3.90     2.61
CALGARY    000714 300  175000-175500   00     276.14  884.6    279.57     5.70     4.41
CALGARY    000714 300  175500-180000   00     274.01  884.5    277.20     4.80     3.51
CALGARY    000714 300  180000-180500   00     271.22  884.5    274.38     3.70     2.41
CALGARY    000714 300  180500-181000   00     270.26  884.4    273.20     3.30     2.01
CALGARY    000714 300  181000-181500   00     272.39  884.5    275.56     4.20     2.91
CALGARY    000714 300  181500-182000   00     272.35  884.3    275.10     4.00     2.71
CALGARY    000714 300  182000-182500   00     268.30  884.4    271.21     2.50     1.21
CALGARY    000714 300  182500-183000   00     273.48  884.3    276.24     4.40     3.11
CALGARY    000714 300  183000-183500   00     274.25  884.2    276.80     4.60     3.31
CALGARY    000714 300  183500-184000   00     272.05  884.2    274.58     3.80     2.52
CALGARY    000714 300  184000-184500   00     270.73  884.1    273.03     3.20     1.92
CALGARY    000714 300  184500-185000   00     271.22  884.1    273.54     3.40     2.12
CALGARY    000714 300  185000-185500   00     269.53  883.9    271.41     2.60     1.32
CALGARY    000714 300  185500-190000   00     272.42  884.1    274.74     3.90     2.62
CALGARY    000714 300  190000-190500   00     272.45  883.8    274.14     3.60     2.33
CALGARY    000714 300  190500-191000   00     269.99  883.9    271.87     2.80     1.53
CALGARY    000714 300  191000-191500   00     272.72  883.7    274.19     3.70     2.43
CALGARY    000714 300  191500-192000   00     272.65  883.9    274.55     3.80     2.53
CALGARY    000714 300  192000-192500   00     272.25  883.7    273.73     3.50     2.24
CALGARY    000714 300  192500-193000   00     271.32  883.8    273.00     3.20     1.94
CALGARY    000714 300  193000-193500   00     270.66  883.8    272.33     2.90     1.65
CALGARY    000714 300  193500-194000   00     269.50  883.7    270.96     2.40     1.15
CALGARY    000714 300  194000-194500   00     270.76  883.7    272.22     2.90     1.65
CALGARY    000714 300  194500-195000   00     268.70  883.6    269.95     2.00     0.76
CALGARY    000714 300  195000-195500   00     268.63  883.6    269.88     2.00     0.76
CALGARY    000714 300  195500-200000   00     268.10  883.6    269.34     1.80     0.57
CALGARY    000714 300  200000-200500   00     266.77  883.5    267.80     1.20    -0.03
CALGARY    000714 300  200500-201000   00     268.67  883.7    270.12     2.10     0.88
CALGARY    000714 300  201000-201500   00     270.76  883.5    271.80     2.70     1.48
CALGARY    000714 300  201500-202000   00     269.50  883.4    270.33     2.20     0.99
CALGARY    000714 300  202000-202500   00     269.16  883.4    270.00     2.10     0.90
CALGARY    000714 300  202500-203000   00     268.60  883.4    269.43     1.90     0.70
CALGARY    000714 300  203000-203500   00     270.56  883.3    271.19     2.50     1.31
CALGARY    000714 300  203500-204000   00     268.40  883.3    269.02     1.70     0.51
CALGARY    000714 300  204000-204500   00     268.67  883.4    269.50     1.90     0.72
CALGARY    000714 300  204500-205000   00     269.40  883.3    270.02     2.10     0.93
CALGARY    000714 300  205000-205500   00     266.08  883.4    266.90     0.90    -0.26
CALGARY    000714 300  205500-210000   00     268.43  883.4    269.26     1.80     0.64
CALGARY    000714 300  210000-210500   00     265.28  883.4    266.10     0.60    -0.55
CALGARY    000714 300  210500-211000   00     265.61  883.3    266.22     0.60    -0.54
CALGARY    000714 300  211000-211500   00     268.53  883.3    269.15     1.70     0.57
CALGARY    000714 300  211500-212000   00     268.70  883.4    269.53     1.90     0.78
CALGARY    000714 300  212000-212500   00     268.86  883.2    269.28     1.80     0.69
CALGARY    000714 300  212500-213000   00     267.87  883.2    268.28     1.40     0.29
CALGARY    000714 300  213000-213500   00     270.09  883.2    270.51     2.30     1.20
CALGARY    000714 300  213500-214000   00     267.80  883.1    268.01     1.30     0.21
CALGARY    000714 300  214000-214500   00     266.57  883.1    266.78     0.90    -0.18
CALGARY    000714 300  214500-215000   00     267.07  883.0    267.07     1.00    -0.07
CALGARY    000714 300  215000-215500   00     267.37  882.9    267.16     1.00    -0.06
CALGARY    000714 300  215500-220000   00     266.61  882.9    266.40     0.70    -0.35
CALGARY    000714 300  220000-220500   00     272.19  882.9    271.98     2.80    -9999
CALGARY    000714 300  220500-221000   00     269.83  882.9    269.62     1.90    -9999
CALGARY    000714 300  221000-221500   00     268.00  882.9    267.79     1.20    -9999
CALGARY    000714 300  221500-222000   00     268.37  882.8    267.95     1.30    -9999
CALGARY    000714 300  222000-222500   00     268.40  882.9    268.19     1.40    -9999
CALGARY    000714 300  222500-223000   00     267.74  882.8    267.32     1.10    -9999
CALGARY    000714 300  223000-223500   00     266.94  882.8    266.53     0.80    -9999
CALGARY    000714 300  223500-224000   00     267.27  882.7    266.65     0.80    -9999
CALGARY    000714 300  224000-224500   00     267.64  882.7    267.02     0.90    -9999
CALGARY    000714 300  224500-225000   00     267.40  882.8    266.99     0.90    -9999
CALGARY    000714 300  225000-225500   00     267.27  882.9    267.06     1.00    -9999
CALGARY    000714 300  225500-230000   00     267.20  882.6    266.38     0.70    -9999
CALGARY    000714 300  230000-230500   00     268.23  882.7    267.61     1.20    -9999
CALGARY    000714 300  230500-231000   00     266.47  882.8    266.06     0.60    -9999
CALGARY    000714 300  231000-231500   00     267.24  882.8    266.82     0.90    -9999
CALGARY    000714 300  231500-232000   00     270.29  882.8    269.88     2.00    -9999
CALGARY    000714 300  232000-232500   00     266.51  882.9    266.30     0.70    -9999
CALGARY    000714 300  232500-233000   00     267.14  882.7    266.52     0.80    -9999
CALGARY    000714 300  233000-233500   00     265.34  882.8    264.93     0.20    -9999
CALGARY    000714 300  233500-234000   00     268.70  882.8    268.28     1.40    -9999
CALGARY    000714 300  234000-234500   00     267.00  882.8    266.59     0.80    -9999
CALGARY    000714 300  234500-235000   00     265.91  882.8    265.50     0.40    -9999
CALGARY    000714 300  235000-235500   00     266.07  882.9    265.87     0.50    -9999
CALGARY    000714 300  235500-240000   00     266.57  882.8    266.16     0.60    -9999
CALGARY    000715 3600 000000-010000   00    -999.00 -999.0    266.39     0.70    -9999
CALGARY    000715 3600 010000-020000   00    -999.00 -999.0    265.83     0.50    -9999
CALGARY    000715 3600 020000-030000   00    -999.00 -999.0    263.89    -0.20    -9999
CALGARY    000715 3600 030000-040000   00    -999.00 -999.0    264.44     0.00    -9999
CALGARY    000715 3600 040000-050000   00    -999.00 -999.0    264.31    -0.10    -9999
CALGARY    000715 3600 050000-060000   00    -999.00 -999.0    264.17    -0.10    -9999
CALGARY    000715 3600 060000-070000   00    -999.00 -999.0    264.58     0.00    -9999
CALGARY    000715 3600 070000-080000   00    -999.00 -999.0    265.00     0.20    -9999
CALGARY    000715 3600 080000-090000   00    -999.00 -999.0    263.47    -0.40    -9999
CALGARY    000715 3600 090000-100000   00    -999.00 -999.0    263.47    -0.40    -9999
CALGARY    000715 3600 100000-110000   00    -999.00 -999.0    264.86     0.10    -9999
CALGARY    000715 3600 110000-120000   00    -999.00 -999.0    264.17    -0.10    -9999
CALGARY    000715 3600 120000-130000   00    -999.00 -999.0    262.36    -0.80    -9999
CALGARY    000715 3600 130000-140000   00    -999.00 -999.0    262.92    -0.60    -9999
CALGARY    000715 3600 140000-150000   00    -999.00 -999.0    260.97    -1.30    -9999
CALGARY    000715 3600 150000-160000   00    -999.00 -999.0    258.61    -2.20    -9999
CALGARY    000715 3600 160000-170000   00    -999.00 -999.0    257.78    -2.60    -9999
CALGARY    000715 3600 170000-180000   00    -999.00 -999.0    257.92    -2.50    -9999
CALGARY    000715 3600 180000-190000   00    -999.00 -999.0    258.47    -2.30    -9999
CALGARY    000715 3600 190000-200000   00    -999.00 -999.0    256.94    -2.90    -9999
CALGARY    000715 3600 200000-210000   00    -999.00 -999.0    249.72    -5.60    -9999
CALGARY    000715 3600 210000-220000   00    -999.00 -999.0    246.25    -6.90    -9999
CALGARY    000715 3600 220000-230000   00    -999.00 -999.0    244.86    -7.40    -9999
CALGARY    000715 3600 230000-240000   00    -999.00 -999.0   -999.00    -9999    -9999
*
*   	
COMMENT   ORIGINAL DATE WAS WRONG, SHIFTED BY ONE DAY. CORRECTED NOW	
COMMENT   DATA FOR 000715 WERE TAKEN FROM WDC CR	
COMMENT   THE PRE-INCREASE INTERVAL WAS ADJUSTED (IU)    	
COMMENT UNIVERISTY OF OULU: FILE GENERATED FROM DATABASE AND OBTAINED FROM
COMMENT https://gle.oulu.fi at 2022-05-13 14:50:50 +00:00
COMMENT FOR HISTORICAL/ORIGINAL TEXT FILES SEE https://gle.oulu.fi/txtarchive/
COMMENT ORIGINAL AT https://gle.oulu.fi/txtarchive/GLE59/C059CALG_cor.DAT
COMMENT DETRENDED DATA SHOW -9999 IF EQUAL TO INC% COLUMN 