ROME       LATITUDE    41.9      LONGITUDE     12.52     ALTITUDE    60 M
ROME       INSTRUMENT   IGY     NEUTRON MONITOR
ROME       STANDARD PRESSURE    1009    MB     COEFFICIENT   -0.705    % / MB
ROME       PRE-INCREASE BASELINE TIME INTERVAL    000714    090000-100000   UT
ROME       PRE-INCREASE AVERAGE COUNTING RATE    117.24      COUNTS PER SECOND
ROME       TIME INTERVALS    300         3600     
ROME       SCALE FACTORS     1           1        
STATION    YYMMDD  SEC   TIME (UT)   CODE    UNCORR. PRESS.    CORR.    % INC.	DETRENDED
                         INTERVAL    TD      C/S     (MB)      C/S
ROME       000713 3600 000000-010000   00     120.54 1012.3    123.12     5.00    -9999
ROME       000713 3600 010000-020000   00     120.32 1012.5    123.08     5.00    -9999
ROME       000713 3600 020000-030000   00     120.50 1012.8    123.50     5.30    -9999
ROME       000713 3600 030000-040000   00     119.14 1013.0    122.29     4.30    -9999
ROME       000713 3600 040000-050000   00     118.32 1013.2    121.66     3.80    -9999
ROME       000713 3600 050000-060000   00     118.25 1013.9    122.12     4.20    -9999
ROME       000713 3600 060000-070000   00     118.92 1014.2    123.11     5.00    -9999
ROME       000713 3600 070000-080000   00     119.92 1014.3    124.24     6.00    -9999
ROME       000713 3600 080000-090000   00     119.66 1014.2    123.87     5.70    -9999
ROME       000713 3600 090000-100000   00     119.31 1014.2    123.48     5.30    -9999
ROME       000713 3600 100000-110000   00     119.05 1014.0    123.10     5.00    -9999
ROME       000713 3600 110000-120000   00     118.14 1014.1    122.18     4.20    -9999
ROME       000713 3600 120000-130000   00     117.62 1014.0    121.56     3.70    -9999
ROME       000713 3600 130000-140000   00     117.31 1013.8    121.13     3.30    -9999
ROME       000713 3600 140000-150000   00     115.50 1013.7    119.13     1.60    -9999
ROME       000713 3600 150000-160000   00     115.59 1013.3    118.91     1.40    -9999
ROME       000713 3600 160000-170000   00     114.51 1013.1    117.61     0.30    -9999
ROME       000713 3600 170000-180000   00     113.06 1013.2    116.23    -0.90    -9999
ROME       000713 3600 180000-190000   00     112.57 1013.4    115.83    -1.20    -9999
ROME       000713 3600 190000-200000   00     112.87 1013.6    116.31    -0.80    -9999
ROME       000713 3600 200000-210000   00     112.91 1013.8    116.52    -0.60    -9999
ROME       000713 3600 210000-220000   00     112.34 1013.7    115.85    -1.20    -9999
ROME       000713 3600 220000-230000   00     113.33 1013.3    116.54    -0.60    -9999
ROME       000713 3600 230000-240000   00     113.12 1012.9    116.00    -1.10    -9999
ROME       000714 3600 000000-010000   00     114.36 1012.3    116.82    -0.40    -9999
ROME       000714 3600 010000-020000   00     114.95 1011.8    117.01    -0.20    -9999
ROME       000714 3600 020000-030000   00     115.50 1011.2    117.06    -0.20    -9999
ROME       000714 3600 030000-040000   00     115.47 1010.8    116.71    -0.50    -9999
ROME       000714 3600 040000-050000   00     116.12 1010.6    117.20     0.00    -9999
ROME       000714 3600 050000-060000   00     115.79 1010.7    116.95    -0.20    -9999
ROME       000714 3600 060000-070000   00     115.74 1010.6    116.80    -0.40    -9999
ROME       000714 3600 070000-080000   00     115.69 1010.3    116.53    -0.60    -9999
ROME       000714 300  080000-080500   00     115.10 1010.1    115.81    -1.20    -9999
ROME       000714 300  080500-081000   00     117.53 1010.1    118.27     0.90    -9999
ROME       000714 300  081000-081500   00     116.03 1010.1    116.74    -0.40    -9999
ROME       000714 300  081500-082000   00     115.07 1010.1    115.73    -1.30    -9999
ROME       000714 300  082000-082500   00     116.80 1010.0    117.42     0.20    -9999
ROME       000714 300  082500-083000   00     116.23 1009.9    116.77    -0.40    -9999
ROME       000714 300  083000-083500   00     115.50 1009.9    116.01    -1.00    -9999
ROME       000714 300  083500-084000   00     116.43 1009.9    116.93    -0.30    -9999
ROME       000714 300  084000-084500   00     117.40 1009.8    117.82     0.50    -9999
ROME       000714 300  084500-085000   00     115.47 1009.8    115.88    -1.20    -9999
ROME       000714 300  085000-085500   00     116.07 1009.8    116.49    -0.60    -9999
ROME       000714 300  085500-090000   00     118.47 1009.7    118.83     1.40    -9999
ROME       000714 300  090000-090500   00     116.17 1009.7    116.50    -0.60    -9999
ROME       000714 300  090500-091000   00     116.60 1009.7    116.93    -0.30    -9999
ROME       000714 300  091000-091500   00     116.97 1009.6    117.29     0.00    -9999
ROME       000714 300  091500-092000   00     115.77 1009.6    116.07    -1.00    -9999
ROME       000714 300  092000-092500   00     117.00 1009.6    117.30     0.10    -9999
ROME       000714 300  092500-093000   00     118.60 1009.6    118.93     1.40    -9999
ROME       000714 300  093000-093500   00     116.87 1009.7    117.20     0.00    -9999
ROME       000714 300  093500-094000   00     118.70 1009.6    119.02     1.50    -9999
ROME       000714 300  094000-094500   00     117.17 1009.6    117.47     0.20    -9999
ROME       000714 300  094500-095000   00     116.87 1009.6    117.16    -0.10    -9999
ROME       000714 300  095000-095500   00     115.90 1009.6    116.18    -0.90    -9999
ROME       000714 300  095500-100000   00     117.50 1009.5    117.75     0.40    -9999
ROME       000714 300  100000-100500   00     117.33 1009.5    117.54     0.30    -9999
ROME       000714 300  100500-101000   00     117.10 1009.4    117.25     0.00    -9999
ROME       000714 300  101000-101500   00     117.17 1009.4    117.25     0.00    -9999
ROME       000714 300  101500-102000   00     117.07 1009.3    117.11    -0.10    -9999
ROME       000714 300  102000-102500   00     117.30 1009.3    117.31     0.10    -9999
ROME       000714 300  102500-103000   00     119.03 1009.3    119.07     1.60    -9999
ROME       000714 300  103000-103500   00     117.83 1009.3    117.87     0.50    -9999
ROME       000714 300  103500-104000   00     117.13 1009.3    117.17    -0.10    -9999
ROME       000714 300  104000-104500   00     117.93 1009.4    118.04     0.70    -9999
ROME       000714 300  104500-105000   00     114.70 1009.5    114.86    -2.00    -9999
ROME       000714 300  105000-105500   00     115.73 1009.4    115.88    -1.20    -9999
ROME       000714 300  105500-110000   00     116.57 1009.5    116.73    -0.40    -9999
ROME       000714 300  110000-110500   00     117.67 1009.5    117.86     0.50    -9999
ROME       000714 300  110500-111000   00     116.00 1009.5    116.17    -0.90    -9999
ROME       000714 300  111000-111500   00     116.20 1009.4    116.32    -0.80    -9999
ROME       000714 300  111500-112000   00     117.27 1009.3    117.33     0.10    -9999
ROME       000714 300  112000-112500   00     116.20 1009.3    116.23    -0.90    -9999
ROME       000714 300  112500-113000   00     117.03 1009.2    117.02    -0.20    -9999
ROME       000714 300  113000-113500   00     117.77 1009.1    117.61     0.30    -9999
ROME       000714 300  113500-114000   00     117.67 1009.0    117.42     0.20    -9999
ROME       000714 300  114000-114500   00     117.40 1008.9    117.15    -0.10    -9999
ROME       000714 300  114500-115000   00     117.03 1008.9    116.76    -0.40    -9999
ROME       000714 300  115000-115500   00     115.37 1008.9    115.06    -1.90    -9999
ROME       000714 300  115500-120000   00     116.50 1008.7    116.06    -1.00    -9999
ROME       000714 300  120000-120500   00     117.23 1008.6    116.67    -0.50    -9999
ROME       000714 300  120500-121000   00     117.67 1008.6    117.12    -0.10    -9999
ROME       000714 300  121000-121500   00     118.80 1008.7    118.31     0.90    -9999
ROME       000714 300  121500-122000   00     116.73 1008.6    116.24    -0.90    -9999
ROME       000714 300  122000-122500   00     117.07 1008.5    116.49    -0.60    -9999
ROME       000714 300  122500-123000   00     117.93 1008.5    117.31     0.10    -9999
ROME       000714 300  123000-123500   00     118.00 1008.5    117.38     0.10    -9999
ROME       000714 300  123500-124000   00     117.00 1008.5    116.39    -0.70    -9999
ROME       000714 300  124000-124500   00     120.67 1008.5    120.04     2.40    -9999
ROME       000714 300  124500-125000   00     116.43 1008.5    115.81    -1.20    -9999
ROME       000714 300  125000-125500   00     117.30 1008.4    116.60    -0.50    -9999
ROME       000714 300  125500-130000   00     116.87 1008.3    116.11    -1.00    -9999
ROME       000714 300  130000-130500   00     119.37 1008.3    118.54     1.10    -9999
ROME       000714 300  130500-131000   00     117.23 1008.2    116.39    -0.70    -9999
ROME       000714 300  131000-131500   00     117.77 1008.2    116.89    -0.30    -9999
ROME       000714 300  131500-132000   00     117.83 1008.0    116.85    -0.30    -9999
ROME       000714 300  132000-132500   00     117.30 1007.9    116.22    -0.90    -9999
ROME       000714 300  132500-133000   00     118.50 1007.9    117.39     0.10    -9999
ROME       000714 300  133000-133500   00     118.33 1007.9    117.22     0.00    -9999
ROME       000714 300  133500-134000   00     117.43 1007.9    116.34    -0.80    -9999
ROME       000714 300  134000-134500   00     116.00 1007.9    114.92    -2.00    -9999
ROME       000714 300  134500-135000   00     118.43 1007.8    117.27     0.00    -9999
ROME       000714 300  135000-135500   00     117.50 1007.8    116.29    -0.80    -9999
ROME       000714 300  135500-140000   00     118.80 1007.7    117.51     0.20    -9999
ROME       000714 300  140000-140500   00     116.73 1007.6    115.43    -1.50    -9999
ROME       000714 300  140500-141000   00     117.53 1007.6    116.19    -0.90    -9999
ROME       000714 300  141000-141500   00     117.73 1007.5    116.34    -0.80    -9999
ROME       000714 300  141500-142000   00     118.63 1007.5    117.19     0.00    -9999
ROME       000714 300  142000-142500   00     119.87 1007.4    118.35     0.90    -9999
ROME       000714 300  142500-143000   00     118.53 1007.4    116.99    -0.20    -9999
ROME       000714 300  143000-143500   00     119.73 1007.4    118.17     0.80    -9999
ROME       000714 300  143500-144000   00     118.07 1007.3    116.48    -0.60    -9999
ROME       000714 300  144000-144500   00     118.70 1007.2    117.04    -0.20    -9999
ROME       000714 300  144500-145000   00     118.27 1007.1    116.51    -0.60    -9999
ROME       000714 300  145000-145500   00     117.80 1007.0    116.00    -1.10    -9999
ROME       000714 300  145500-150000   00     117.23 1007.0    115.43    -1.50    -9999
ROME       000714 300  150000-150500   00     119.27 1006.9    117.35     0.10    -9999
ROME       000714 300  150500-151000   00     119.30 1006.8    117.28     0.00    -9999
ROME       000714 300  151000-151500   00     118.73 1006.7    116.65    -0.50    -9999
ROME       000714 300  151500-152000   00     118.40 1006.6    116.24    -0.90    -9999
ROME       000714 300  152000-152500   00     119.03 1006.5    116.73    -0.40    -9999
ROME       000714 300  152500-153000   00     119.80 1006.3    117.38     0.10    -9999
ROME       000714 300  153000-153500   00     117.07 1006.3    114.65    -2.20    -9999
ROME       000714 300  153500-154000   00     118.53 1006.2    116.03    -1.00    -9999
ROME       000714 300  154000-154500   00     119.07 1006.1    116.51    -0.60    -9999
ROME       000714 300  154500-155000   00     118.23 1006.2    115.71    -1.30    -9999
ROME       000714 300  155000-155500   00     118.93 1006.1    116.36    -0.80    -9999
ROME       000714 300  155500-160000   00     120.40 1006.1    117.75     0.40    -9999
ROME       000714 300  160000-160500   00     118.70 1006.1    116.14    -0.90    -9999
ROME       000714 300  160500-161000   00     118.67 1006.1    116.12    -1.00    -9999
ROME       000714 300  161000-161500   00     117.93 1006.1    115.35    -1.60    -9999
ROME       000714 300  161500-162000   00     120.03 1006.0    117.34     0.10    -9999
ROME       000714 300  162000-162500   00     120.47 1005.9    117.69     0.40    -9999
ROME       000714 300  162500-163000   00     119.97 1005.8    117.13    -0.10    -9999
ROME       000714 300  163000-163500   00     119.50 1005.8    116.63    -0.50    -9999
ROME       000714 300  163500-164000   00     119.37 1005.7    116.46    -0.70    -9999
ROME       000714 300  164000-164500   00     121.70 1005.7    118.72     1.30    -9999
ROME       000714 300  164500-165000   00     120.10 1005.7    117.14    -0.10    -9999
ROME       000714 300  165000-165500   00     118.57 1005.6    115.59    -1.40    -9999
ROME       000714 300  165500-170000   00     118.17 1005.5    115.09    -1.80    -9999
ROME       000714 300  170000-170500   00     118.30 1005.4    115.14    -1.80    -9999
ROME       000714 300  170500-171000   00     120.00 1005.3    116.77    -0.40    -9999
ROME       000714 300  171000-171500   00     119.53 1005.3    116.27    -0.80    -9999
ROME       000714 300  171500-172000   00     118.17 1005.2    114.91    -2.00    -9999
ROME       000714 300  172000-172500   00     120.23 1005.2    116.89    -0.30    -9999
ROME       000714 300  172500-173000   00     119.27 1005.2    115.94    -1.10    -9999
ROME       000714 300  173000-173500   00     119.83 1005.3    116.54    -0.60    -9999
ROME       000714 300  173500-174000   00     118.97 1005.3    115.73    -1.30    -9999
ROME       000714 300  174000-174500   00     119.80 1005.2    116.48    -0.60    -9999
ROME       000714 300  174500-175000   00     118.67 1005.1    115.30    -1.70    -9999
ROME       000714 300  175000-175500   00     117.77 1005.1    114.43    -2.40    -9999
ROME       000714 300  175500-180000   00     118.17 1005.2    114.85    -2.00    -9999
ROME       000714 300  180000-180500   00     119.97 1005.2    116.59    -0.60    -9999
ROME       000714 300  180500-181000   00     120.03 1005.1    116.62    -0.50    -9999
ROME       000714 300  181000-181500   00     119.00 1005.0    115.56    -1.40    -9999
ROME       000714 300  181500-182000   00     119.33 1005.0    115.81    -1.20    -9999
ROME       000714 300  182000-182500   00     119.10 1004.9    115.56    -1.40    -9999
ROME       000714 300  182500-183000   00     119.07 1005.0    115.59    -1.40    -9999
ROME       000714 300  183000-183500   00     120.03 1005.0    116.55    -0.60    -9999
ROME       000714 300  183500-184000   00     118.73 1005.0    115.25    -1.70    -9999
ROME       000714 300  184000-184500   00     122.40 1005.0    118.79     1.30    -9999
ROME       000714 300  184500-185000   00     119.97 1004.9    116.40    -0.70    -9999
ROME       000714 300  185000-185500   00     120.90 1004.8    117.19     0.00    -9999
ROME       000714 300  185500-190000   00     119.97 1004.7    116.19    -0.90    -9999
ROME       000714 300  190000-190500   00     119.97 1004.6    116.14    -0.90    -9999
ROME       000714 300  190500-191000   00     119.33 1004.6    115.55    -1.40    -9999
ROME       000714 300  191000-191500   00     121.53 1004.8    117.79     0.50    -9999
ROME       000714 300  191500-192000   00     120.97 1004.9    117.36     0.10    -9999
ROME       000714 300  192000-192500   00     119.53 1005.0    116.05    -1.00    -9999
ROME       000714 300  192500-193000   00     121.17 1005.1    117.69     0.40    -9999
ROME       000714 300  193000-193500   00     119.97 1005.1    116.55    -0.60    -9999
ROME       000714 300  193500-194000   00     119.57 1005.1    116.15    -0.90    -9999
ROME       000714 300  194000-194500   00     120.27 1005.1    116.81    -0.40    -9999
ROME       000714 300  194500-195000   00     119.17 1005.0    115.67    -1.30    -9999
ROME       000714 300  195000-195500   00     119.80 1004.9    116.18    -0.90    -9999
ROME       000714 300  195500-200000   00     121.27 1004.8    117.55     0.30    -9999
ROME       000714 300  200000-200500   00     121.33 1004.8    117.59     0.30    -9999
ROME       000714 300  200500-201000   00     121.17 1004.7    117.40     0.10    -9999
ROME       000714 300  201000-201500   00     121.10 1004.7    117.31     0.10    -9999
ROME       000714 300  201500-202000   00     119.40 1004.7    115.64    -1.40    -9999
ROME       000714 300  202000-202500   00     119.13 1004.6    115.35    -1.60    -9999
ROME       000714 300  202500-203000   00     121.40 1004.6    117.53     0.20    -9999
ROME       000714 300  203000-203500   00     119.67 1004.6    115.82    -1.20    -9999
ROME       000714 300  203500-204000   00     121.13 1004.5    117.18    -0.10    -9999
ROME       000714 300  204000-204500   00     120.53 1004.4    116.56    -0.60    -9999
ROME       000714 300  204500-205000   00     120.23 1004.4    116.27    -0.80    -9999
ROME       000714 300  205000-205500   00     120.07 1004.5    116.11    -1.00    -9999
ROME       000714 300  205500-210000   00     120.00 1004.5    116.05    -1.00    -9999
ROME       000714 300  210000-210500   00     119.93 1004.4    115.96    -1.10    -9999
ROME       000714 300  210500-211000   00     120.53 1004.4    116.53    -0.60    -9999
ROME       000714 300  211000-211500   00     120.83 1004.4    116.82    -0.40    -9999
ROME       000714 300  211500-212000   00     119.37 1004.4    115.36    -1.60    -9999
ROME       000714 300  212000-212500   00     119.97 1004.3    115.88    -1.20    -9999
ROME       000714 300  212500-213000   00     120.33 1004.2    116.20    -0.90    -9999
ROME       000714 300  213000-213500   00     122.03 1004.2    117.83     0.50    -9999
ROME       000714 300  213500-214000   00     120.57 1004.3    116.44    -0.70    -9999
ROME       000714 300  214000-214500   00     121.13 1004.3    117.03    -0.20    -9999
ROME       000714 300  214500-215000   00     120.83 1004.4    116.80    -0.40    -9999
ROME       000714 300  215000-215500   00     120.47 1004.4    116.46    -0.70    -9999
ROME       000714 300  215500-220000   00     120.33 1004.4    116.34    -0.80    -9999
ROME       000714 300  220000-220500   00     121.20 1004.4    117.20     0.00    -9999
ROME       000714 300  220500-221000   00     120.87 1004.4    116.81    -0.40    -9999
ROME       000714 300  221000-221500   00     120.63 1004.3    116.54    -0.60    -9999
ROME       000714 300  221500-222000   00     119.37 1004.3    115.34    -1.60    -9999
ROME       000714 300  222000-222500   00     121.13 1004.3    117.03    -0.20    -9999
ROME       000714 300  222500-223000   00     120.27 1004.3    116.20    -0.90    -9999
ROME       000714 300  223000-223500   00     120.87 1004.4    116.80    -0.40    -9999
ROME       000714 300  223500-224000   00     120.87 1004.3    116.80    -0.40    -9999
ROME       000714 300  224000-224500   00     119.63 1004.3    115.58    -1.40    -9999
ROME       000714 300  224500-225000   00     121.90 1004.2    117.71     0.40    -9999
ROME       000714 300  225000-225500   00     121.00 1004.1    116.76    -0.40    -9999
ROME       000714 300  225500-230000   00     122.30 1004.1    118.01     0.70    -9999
ROME       000714 300  230000-230500   00     121.50 1004.1    117.21     0.00    -9999
ROME       000714 300  230500-231000   00     121.70 1004.0    117.31     0.10    -9999
ROME       000714 300  231000-231500   00     118.93 1004.0    114.65    -2.20    -9999
ROME       000714 300  231500-232000   00     120.80 1004.1    116.50    -0.60    -9999
ROME       000714 300  232000-232500   00     121.23 1004.0    116.85    -0.30    -9999
ROME       000714 300  232500-233000   00     121.27 1003.8    116.78    -0.40    -9999
ROME       000714 300  233000-233500   00     120.27 1003.8    115.77    -1.30    -9999
ROME       000714 300  233500-234000   00     122.50 1003.8    117.93     0.60    -9999
ROME       000714 300  234000-234500   00     121.37 1003.8    116.83    -0.30    -9999
ROME       000714 300  234500-235000   00     121.33 1003.7    116.74    -0.40    -9999
ROME       000714 300  235000-235500   00     122.50 1003.6    117.78     0.50    -9999
ROME       000714 300  235500-240000   00     122.50 1003.6    117.75     0.40    -9999
ROME       000715 3600 000000-010000   00     121.76 1003.2    116.76    -0.40    -9999
ROME       000715 3600 010000-020000   00     122.86 1002.4    117.10    -0.10    -9999
ROME       000715 3600 020000-030000   00     123.88 1001.6    117.43     0.20    -9999
ROME       000715 3600 030000-040000   00     124.01 1000.9    116.98    -0.20    -9999
ROME       000715 3600 040000-050000   00     125.21 1000.4    117.70     0.40    -9999
ROME       000715 3600 050000-060000   00     124.54 1000.3    117.01    -0.20    -9999
ROME       000715 3600 060000-070000   00     124.53 1000.3    116.98    -0.20    -9999
ROME       000715 3600 070000-080000   00     125.13 1000.4    117.61     0.30    -9999
ROME       000715 3600 080000-090000   00     125.63 1000.4    118.11     0.70    -9999
ROME       000715 3600 090000-100000   00     125.94 1000.5    118.47     1.00    -9999
ROME       000715 3600 100000-110000   00     125.24 1000.6    117.86     0.50    -9999
ROME       000715 3600 110000-120000   00     125.28 1000.5    117.88     0.50    -9999
ROME       000715 3600 120000-130000   00     124.95 1000.2    117.34     0.10    -9999
ROME       000715 3600 130000-140000   00     124.49 1000.3    116.97    -0.20    -9999
ROME       000715 3600 140000-150000   00     124.78 1000.5    117.38     0.10    -9999
ROME       000715 3600 150000-160000   00     122.98 1000.7    115.89    -1.20    -9999
ROME       000715 3600 160000-170000   00     123.83 1001.0    116.87    -0.30    -9999
ROME       000715 3600 170000-180000   00     124.03 1001.2    117.25     0.00    -9999
ROME       000715 3600 180000-190000   00     122.08 1001.7    115.83    -1.20    -9999
ROME       000715 3600 190000-200000   00     120.94 1002.3    115.22    -1.70    -9999
ROME       000715 3600 200000-210000   00     119.48 1002.6    114.09    -2.70    -9999
ROME       000715 3600 210000-220000   00     119.65 1002.8    114.38    -2.40    -9999
ROME       000715 3600 220000-230000   00     117.04 1002.9    111.95    -4.50    -9999
ROME       000715 3600 230000-240000   00     117.38 1003.0    112.39    -4.10    -9999
*
COMMENT UNIVERISTY OF OULU: FILE GENERATED FROM DATABASE AND OBTAINED FROM
COMMENT https://gle.oulu.fi at 2022-05-13 14:50:50 +00:00
COMMENT FOR HISTORICAL/ORIGINAL TEXT FILES SEE https://gle.oulu.fi/txtarchive/
COMMENT ORIGINAL AT https://gle.oulu.fi/txtarchive/GLE59/C059ROME.DAT
COMMENT DETRENDED DATA SHOW -9999 IF EQUAL TO INC% COLUMN 