TERREADELI LATITUDE    -66.67    LONGITUDE     140.02    ALTITUDE    45 M
TERREADELI INSTRUMENT   9-NM-64  NEUTRON MONITOR	
TERREADELI STANDARD PRESSURE    740     MMHG   COEFFICIENT   -0.99     % / MMHG
TERREADELI PRE-INCREASE BASELINE TIME INTERVAL    000714    090000-100000   UT
TERREADELI PRE-INCREASE AVERAGE COUNTING RATE     96.65      COUNTS PER SECOND
TERREADELI TIME INTERVALS    300      
TERREADELI SCALE FACTORS     1        
STATION    YYMMDD  SEC   TIME (UT)   CODE    UNCORR. PRESS.    CORR.    % INC.	DETRENDED
                         INTERVAL    TD      C/S    (MMHG)     C/S
TERREADELI 000713 300  000000-000500   00     109.53  733.2    102.27     5.80    -9999
TERREADELI 000713 300  000500-001000   00     107.53  732.9    100.20     3.70    -9999
TERREADELI 000713 300  001000-001500   00     109.47  733.1    102.13     5.70    -9999
TERREADELI 000713 300  001500-002000   00     109.00  733.0    101.60     5.10    -9999
TERREADELI 000713 300  002000-002500   00     108.33  733.0    100.93     4.40    -9999
TERREADELI 000713 300  002500-003000   00     109.80  733.1    102.47     6.00    -9999
TERREADELI 000713 300  003000-003500   00     108.33  733.2    101.20     4.70    -9999
TERREADELI 000713 300  003500-004000   00     110.33  733.3    103.20     6.80    -9999
TERREADELI 000713 300  004000-004500   00     108.20  733.4    101.33     4.80    -9999
TERREADELI 000713 300  004500-005000   00     109.80  733.4    102.80     6.40    -9999
TERREADELI 000713 300  005000-005500   00     109.13  733.3    102.07     5.60    -9999
TERREADELI 000713 300  005500-010000   00     108.60  733.2    101.47     5.00    -9999
TERREADELI 000713 300  010000-010500   00     109.80  733.2    102.60     6.20    -9999
TERREADELI 000713 300  010500-011000   00     110.20  733.2    102.87     6.40    -9999
TERREADELI 000713 300  011000-011500   00     109.93  733.1    102.60     6.20    -9999
TERREADELI 000713 300  011500-012000   00     109.47  733.0    102.00     5.50    -9999
TERREADELI 000713 300  012000-012500   00     109.07  733.1    101.80     5.30    -9999
TERREADELI 000713 300  012500-013000   00     110.33  733.2    103.00     6.60    -9999
TERREADELI 000713 300  013000-013500   00     108.87  733.4    101.93     5.50    -9999
TERREADELI 000713 300  013500-014000   00     109.13  733.2    101.93     5.50    -9999
TERREADELI 000713 300  014000-014500   00     108.67  733.4    101.67     5.20    -9999
TERREADELI 000713 300  014500-015000   00     109.07  733.3    102.00     5.50    -9999
TERREADELI 000713 300  015000-015500   00     108.67  733.2    101.53     5.00    -9999
TERREADELI 000713 300  015500-020000   00     109.80  733.1    102.53     6.10    -9999
TERREADELI 000713 300  020000-020500   00     109.47  733.0    102.07     5.60    -9999
TERREADELI 000713 300  020500-021000   00     108.80  733.1    101.47     5.00    -9999
TERREADELI 000713 300  021000-021500   00     108.87  733.1    101.60     5.10    -9999
TERREADELI 000713 300  021500-022000   00     109.93  733.0    102.53     6.10    -9999
TERREADELI 000713 300  022000-022500   00     110.60  733.1    103.20     6.80    -9999
TERREADELI 000713 300  022500-023000   00     108.60  733.4    101.60     5.10    -9999
TERREADELI 000713 300  023000-023500   00     109.13  733.3    102.00     5.50    -9999
TERREADELI 000713 300  023500-024000   00     110.47  733.3    103.27     6.80    -9999
TERREADELI 000713 300  024000-024500   00     109.60  733.4    102.60     6.20    -9999
TERREADELI 000713 300  024500-025000   00     108.07  733.4    101.20     4.70    -9999
TERREADELI 000713 300  025000-025500   00     108.00  733.3    101.00     4.50    -9999
TERREADELI 000713 300  025500-030000   00     110.13  733.2    102.93     6.50    -9999
TERREADELI 000713 300  030000-030500   00     108.93  732.9    101.53     5.00    -9999
TERREADELI 000713 300  030500-031000   00     108.53  732.9    101.07     4.60    -9999
TERREADELI 000713 300  031000-031500   00     110.00  733.0    102.53     6.10    -9999
TERREADELI 000713 300  031500-032000   00     109.53  732.9    102.00     5.50    -9999
TERREADELI 000713 300  032000-032500   00     109.87  732.9    102.27     5.80    -9999
TERREADELI 000713 300  032500-033000   00     108.53  733.1    101.27     4.80    -9999
TERREADELI 000713 300  033000-033500   00     108.87  733.2    101.67     5.20    -9999
TERREADELI 000713 300  033500-034000   00     110.20  733.2    102.87     6.40    -9999
TERREADELI 000713 300  034000-034500   00     108.40  733.0    101.00     4.50    -9999
TERREADELI 000713 300  034500-035000   00     109.80  732.9    102.27     5.80    -9999
TERREADELI 000713 300  035000-035500   00     110.33  733.2    103.07     6.60    -9999
TERREADELI 000713 300  035500-040000   00     111.13  733.3    103.87     7.50    -9999
TERREADELI 000713 300  040000-040500   00     109.13  733.3    102.00     5.50    -9999
TERREADELI 000713 300  040500-041000   00     107.13  733.1     99.93     3.40    -9999
TERREADELI 000713 300  041000-041500   00     110.20  733.1    102.80     6.40    -9999
TERREADELI 000713 300  041500-042000   00     110.07  732.8    102.40     5.90    -9999
TERREADELI 000713 300  042000-042500   00     108.80  732.9    101.27     4.80    -9999
TERREADELI 000713 300  042500-043000   00     109.27  732.7    101.60     5.10    -9999
TERREADELI 000713 300  043000-043500   00     109.60  733.1    102.27     5.80    -9999
TERREADELI 000713 300  043500-044000   00     110.60  733.1    103.20     6.80    -9999
TERREADELI 000713 300  044000-044500   00     109.80  733.1    102.47     6.00    -9999
TERREADELI 000713 300  044500-045000   00     108.80  733.2    101.60     5.10    -9999
TERREADELI 000713 300  045000-045500   00     107.27  733.2    100.20     3.70    -9999
TERREADELI 000713 300  045500-050000   00     110.40  732.9    102.80     6.40    -9999
TERREADELI 000713 300  050000-050500   00     109.40  733.0    102.00     5.50    -9999
TERREADELI 000713 300  050500-051000   00     110.73  733.1    103.27     6.80    -9999
TERREADELI 000713 300  051000-051500   00     107.87  733.1    100.67     4.20    -9999
TERREADELI 000713 300  051500-052000   00     107.80  733.0    100.47     4.00    -9999
TERREADELI 000713 300  052000-052500   00     109.53  733.2    102.33     5.90    -9999
TERREADELI 000713 300  052500-053000   00     108.47  733.3    101.40     4.90    -9999
TERREADELI 000713 300  053000-053500   00     109.33  733.2    102.13     5.70    -9999
TERREADELI 000713 300  053500-054000   00     107.87  733.4    100.93     4.40    -9999
TERREADELI 000713 300  054000-054500   00     108.53  733.3    101.40     4.90    -9999
TERREADELI 000713 300  054500-055000   00     108.53  733.3    101.53     5.00    -9999
TERREADELI 000713 300  055000-055500   00     108.40  732.9    101.00     4.50    -9999
TERREADELI 000713 300  055500-060000   00     110.60  732.8    102.93     6.50    -9999
TERREADELI 000713 300  060000-060500   00     108.20  732.9    100.80     4.30    -9999
TERREADELI 000713 300  060500-061000   00     109.07  732.8    101.47     5.00    -9999
TERREADELI 000713 300  061000-061500   00     110.33  733.0    102.80     6.40    -9999
TERREADELI 000713 300  061500-062000   00     108.87  733.1    101.53     5.00    -9999
TERREADELI 000713 300  062000-062500   00     109.27  733.1    101.93     5.50    -9999
TERREADELI 000713 300  062500-063000   00     109.87  733.2    102.67     6.20    -9999
TERREADELI 000713 300  063000-063500   00     109.33  733.3    102.20     5.70    -9999
TERREADELI 000713 300  063500-064000   00     107.33  733.2    100.27     3.70    -9999
TERREADELI 000713 300  064000-064500   00     109.53  733.2    102.27     5.80    -9999
TERREADELI 000713 300  064500-065000   00     109.20  733.3    102.07     5.60    -9999
TERREADELI 000713 300  065000-065500   00     108.60  733.3    101.53     5.00    -9999
TERREADELI 000713 300  065500-070000   00     109.27  733.2    102.00     5.50    -9999
TERREADELI 000713 300  070000-070500   00     109.93  733.3    102.73     6.30    -9999
TERREADELI 000713 300  070500-071000   00     108.67  733.5    101.80     5.30    -9999
TERREADELI 000713 300  071000-071500   00     109.20  733.5    102.33     5.90    -9999
TERREADELI 000713 300  071500-072000   00     109.60  733.5    102.67     6.20    -9999
TERREADELI 000713 300  072000-072500   00     107.60  733.6    100.93     4.40    -9999
TERREADELI 000713 300  072500-073000   00     109.07  733.5    102.13     5.70    -9999
TERREADELI 000713 300  073000-073500   00     109.53  733.3    102.47     6.00    -9999
TERREADELI 000713 300  073500-074000   00     108.80  733.3    101.73     5.30    -9999
TERREADELI 000713 300  074000-074500   00     110.47  733.4    103.40     7.00    -9999
TERREADELI 000713 300  074500-075000   00     110.13  733.3    102.93     6.50    -9999
TERREADELI 000713 300  075000-075500   00     108.20  733.4    101.20     4.70    -9999
TERREADELI 000713 300  075500-080000   00     107.47  733.5    100.67     4.20    -9999
TERREADELI 000713 300  080000-080500   00     109.13  733.3    102.00     5.50    -9999
TERREADELI 000713 300  080500-081000   00     108.87  733.6    102.07     5.60    -9999
TERREADELI 000713 300  081000-081500   00     108.60  733.7    101.93     5.50    -9999
TERREADELI 000713 300  081500-082000   00     109.80  733.7    103.00     6.60    -9999
TERREADELI 000713 300  082000-082500   00     110.40  733.6    103.53     7.10    -9999
TERREADELI 000713 300  082500-083000   00     109.53  733.7    102.73     6.30    -9999
TERREADELI 000713 300  083000-083500   00     108.40  733.5    101.53     5.00    -9999
TERREADELI 000713 300  083500-084000   00     110.60  733.5    103.67     7.30    -9999
TERREADELI 000713 300  084000-084500   00     110.47  733.7    103.67     7.30    -9999
TERREADELI 000713 300  084500-085000   00     109.20  733.7    102.47     6.00    -9999
TERREADELI 000713 300  085000-085500   00     109.67  733.6    102.87     6.40    -9999
TERREADELI 000713 300  085500-090000   00     108.93  733.6    102.20     5.70    -9999
TERREADELI 000713 300  090000-090500   00     108.93  733.7    102.20     5.70    -9999
TERREADELI 000713 300  090500-091000   00     108.87  733.7    102.20     5.70    -9999
TERREADELI 000713 300  091000-091500   00     109.53  733.6    102.67     6.20    -9999
TERREADELI 000713 300  091500-092000   00     108.13  733.8    101.67     5.20    -9999
TERREADELI 000713 300  092000-092500   00     107.87  733.7    101.20     4.70    -9999
TERREADELI 000713 300  092500-093000   00     108.87  733.5    102.00     5.50    -9999
TERREADELI 000713 300  093000-093500   00     109.53  733.6    102.67     6.20    -9999
TERREADELI 000713 300  093500-094000   00     108.47  733.6    101.73     5.30    -9999
TERREADELI 000713 300  094000-094500   00     109.13  733.8    102.53     6.10    -9999
TERREADELI 000713 300  094500-095000   00     109.40  733.6    102.60     6.20    -9999
TERREADELI 000713 300  095000-095500   00     108.87  733.8    102.33     5.90    -9999
TERREADELI 000713 300  095500-100000   00     110.07  733.8    103.40     7.00    -9999
TERREADELI 000713 300  100000-100500   00     108.53  733.8    101.93     5.50    -9999
TERREADELI 000713 300  100500-101000   00     108.67  733.9    102.20     5.70    -9999
TERREADELI 000713 300  101000-101500   00     110.27  733.9    103.73     7.30    -9999
TERREADELI 000713 300  101500-102000   00     108.60  733.9    102.20     5.70    -9999
TERREADELI 000713 300  102000-102500   00     109.53  734.0    103.07     6.60    -9999
TERREADELI 000713 300  102500-103000   00     108.40  733.9    101.93     5.50    -9999
TERREADELI 000713 300  103000-103500   00     108.33  733.9    101.87     5.40    -9999
TERREADELI 000713 300  103500-104000   00     108.47  733.8    101.93     5.50    -9999
TERREADELI 000713 300  104000-104500   00     108.13  734.0    101.73     5.30    -9999
TERREADELI 000713 300  104500-105000   00     108.47  733.8    101.87     5.40    -9999
TERREADELI 000713 300  105000-105500   00     108.53  733.7    101.87     5.40    -9999
TERREADELI 000713 300  105500-110000   00     107.73  733.9    101.33     4.80    -9999
TERREADELI 000713 300  110000-110500   00     107.80  733.9    101.40     4.90    -9999
TERREADELI 000713 300  110500-111000   00     109.67  733.9    103.13     6.70    -9999
TERREADELI 000713 300  111000-111500   00     109.20  734.2    103.00     6.60    -9999
TERREADELI 000713 300  111500-112000   00     108.33  734.0    101.93     5.50    -9999
TERREADELI 000713 300  112000-112500   00     108.20  733.8    101.73     5.30    -9999
TERREADELI 000713 300  112500-113000   00     107.80  733.9    101.40     4.90    -9999
TERREADELI 000713 300  113000-113500   00     107.87  734.0    101.53     5.00    -9999
TERREADELI 000713 300  113500-114000   00     108.13  733.9    101.67     5.20    -9999
TERREADELI 000713 300  114000-114500   00     105.60  734.0     99.40     2.80    -9999
TERREADELI 000713 300  114500-115000   00     106.33  734.2    100.33     3.80    -9999
TERREADELI 000713 300  115000-115500   00     107.20  734.1    101.07     4.60    -9999
TERREADELI 000713 300  115500-120000   00     106.53  734.2    100.47     4.00    -9999
TERREADELI 000713 300  120000-120500   00     105.47  734.3     99.60     3.10    -9999
TERREADELI 000713 300  120500-121000   00     105.67  734.2     99.67     3.10    -9999
TERREADELI 000713 300  121000-121500   00     106.67  734.0    100.47     4.00    -9999
TERREADELI 000713 300  121500-122000   00     106.53  734.2    100.47     4.00    -9999
TERREADELI 000713 300  122000-122500   00     107.47  734.2    101.40     4.90    -9999
TERREADELI 000713 300  122500-123000   00     108.27  734.2    102.07     5.60    -9999
TERREADELI 000713 300  123000-123500   00     106.27  734.1    100.13     3.60    -9999
TERREADELI 000713 300  123500-124000   00     105.67  734.4     99.80     3.30    -9999
TERREADELI 000713 300  124000-124500   00     106.47  734.5    100.67     4.20    -9999
TERREADELI 000713 300  124500-125000   00     104.73  734.5     99.13     2.60    -9999
TERREADELI 000713 300  125000-125500   00     105.53  734.6     99.93     3.40    -9999
TERREADELI 000713 300  125500-130000   00     104.60  734.7     99.13     2.60    -9999
TERREADELI 000713 300  130000-130500   00     106.80  734.7    101.27     4.80    -9999
TERREADELI 000713 300  130500-131000   00     104.20  734.6     98.67     2.10    -9999
TERREADELI 000713 300  131000-131500   00     103.00  734.8     97.73     1.10    -9999
TERREADELI 000713 300  131500-132000   00     105.00  734.6     99.47     2.90    -9999
TERREADELI 000713 300  132000-132500   00     104.27  734.6     98.67     2.10    -9999
TERREADELI 000713 300  132500-133000   00     103.93  734.8     98.60     2.00    -9999
TERREADELI 000713 300  133000-133500   00     103.87  734.9     98.67     2.10    -9999
TERREADELI 000713 300  133500-134000   00     102.20  734.8     97.00     0.40    -9999
TERREADELI 000713 300  134000-134500   00     103.80  735.0     98.67     2.10    -9999
TERREADELI 000713 300  134500-135000   00     101.53  735.1     96.60    -0.10    -9999
TERREADELI 000713 300  135000-135500   00     104.00  735.1     99.00     2.40    -9999
TERREADELI 000713 300  135500-140000   00     102.07  735.2     97.27     0.60    -9999
TERREADELI 000713 300  140000-140500   00     101.73  735.4     97.13     0.50    -9999
TERREADELI 000713 300  140500-141000   00     101.13  735.4     96.53    -0.10    -9999
TERREADELI 000713 300  141000-141500   00     100.40  735.4     95.87    -0.80    -9999
TERREADELI 000713 300  141500-142000   00     100.93  735.6     96.53    -0.10    -9999
TERREADELI 000713 300  142000-142500   00      99.73  735.5     95.27    -1.40    -9999
TERREADELI 000713 300  142500-143000   00     102.00  735.4     97.40     0.80    -9999
TERREADELI 000713 300  143000-143500   00     101.13  735.4     96.53    -0.10    -9999
TERREADELI 000713 300  143500-144000   00     101.60  735.5     97.07     0.40    -9999
TERREADELI 000713 300  144000-144500   00     101.73  735.3     97.00     0.40    -9999
TERREADELI 000713 300  144500-145000   00     102.93  735.3     98.20     1.60    -9999
TERREADELI 000713 300  145000-145500   00     100.53  735.3     95.87    -0.80    -9999
TERREADELI 000713 300  145500-150000   00     101.67  735.2     96.87     0.20    -9999
TERREADELI 000713 300  150000-150500   00      99.13  735.2     94.47    -2.30    -9999
TERREADELI 000713 300  150500-151000   00     102.00  735.2     97.20     0.60    -9999
TERREADELI 000713 300  151000-151500   00      99.47  735.2     94.73    -2.00    -9999
TERREADELI 000713 300  151500-152000   00      99.20  735.2     94.53    -2.20    -9999
TERREADELI 000713 300  152000-152500   00     100.67  735.4     96.07    -0.60    -9999
TERREADELI 000713 300  152500-153000   00     101.80  735.3     97.07     0.40    -9999
TERREADELI 000713 300  153000-153500   00     100.67  735.2     95.87    -0.80    -9999
TERREADELI 000713 300  153500-154000   00      99.80  735.3     95.13    -1.60    -9999
TERREADELI 000713 300  154000-154500   00     100.13  735.2     95.40    -1.30    -9999
TERREADELI 000713 300  154500-155000   00     100.20  735.0     95.27    -1.40    -9999
TERREADELI 000713 300  155000-155500   00      98.93  734.9     93.93    -2.80    -9999
TERREADELI 000713 300  155500-160000   00     101.80  735.0     96.80     0.20    -9999
TERREADELI 000713 300  160000-160500   00     100.80  735.2     96.07    -0.60    -9999
TERREADELI 000713 300  160500-161000   00     100.73  734.9     95.73    -1.00    -9999
TERREADELI 000713 300  161000-161500   00      98.73  735.2     94.07    -2.70    -9999
TERREADELI 000713 300  161500-162000   00     100.47  735.0     95.53    -1.20    -9999
TERREADELI 000713 300  162000-162500   00      99.80  734.9     94.80    -1.90    -9999
TERREADELI 000713 300  162500-163000   00      99.80  735.0     94.87    -1.80    -9999
TERREADELI 000713 300  163000-163500   00     100.20  735.2     95.47    -1.20    -9999
TERREADELI 000713 300  163500-164000   00      99.93  735.0     95.00    -1.70    -9999
TERREADELI 000713 300  164000-164500   00      98.53  735.1     93.73    -3.00    -9999
TERREADELI 000713 300  164500-165000   00     100.60  735.0     95.60    -1.10    -9999
TERREADELI 000713 300  165000-165500   00     101.67  735.0     96.67     0.00    -9999
TERREADELI 000713 300  165500-170000   00      99.20  735.2     94.47    -2.30    -9999
TERREADELI 000713 300  170000-170500   00     101.60  735.3     96.87     0.20    -9999
TERREADELI 000713 300  170500-171000   00      99.80  735.4     95.27    -1.40    -9999
TERREADELI 000713 300  171000-171500   00     100.20  735.1     95.33    -1.40    -9999
TERREADELI 000713 300  171500-172000   00     100.20  734.9     95.20    -1.50    -9999
TERREADELI 000713 300  172000-172500   00     100.87  735.0     95.87    -0.80    -9999
TERREADELI 000713 300  172500-173000   00     102.13  734.8     96.93     0.30    -9999
TERREADELI 000713 300  173000-173500   00     100.40  735.0     95.47    -1.20    -9999
TERREADELI 000713 300  173500-174000   00     100.80  735.4     96.20    -0.50    -9999
TERREADELI 000713 300  174000-174500   00     100.80  735.2     96.00    -0.70    -9999
TERREADELI 000713 300  174500-175000   00      99.93  735.0     95.00    -1.70    -9999
TERREADELI 000713 300  175000-175500   00     100.80  735.0     95.80    -0.90    -9999
TERREADELI 000713 300  175500-180000   00     101.33  735.1     96.40    -0.30    -9999
TERREADELI 000713 300  180000-180500   00     100.60  735.1     95.73    -1.00    -9999
TERREADELI 000713 300  180500-181000   00      99.13  735.1     94.33    -2.40    -9999
TERREADELI 000713 300  181000-181500   00     102.00  735.2     97.20     0.60    -9999
TERREADELI 000713 300  181500-182000   00      99.13  735.3     94.53    -2.20    -9999
TERREADELI 000713 300  182000-182500   00      99.67  735.3     95.07    -1.60    -9999
TERREADELI 000713 300  182500-183000   00      99.33  735.1     94.53    -2.20    -9999
TERREADELI 000713 300  183000-183500   00     101.60  735.2     96.80     0.20    -9999
TERREADELI 000713 300  183500-184000   00     101.53  735.2     96.73     0.10    -9999
TERREADELI 000713 300  184000-184500   00      99.73  735.2     95.00    -1.70    -9999
TERREADELI 000713 300  184500-185000   00      99.33  735.1     94.53    -2.20    -9999
TERREADELI 000713 300  185000-185500   00      99.53  735.3     94.93    -1.80    -9999
TERREADELI 000713 300  185500-190000   00      98.33  735.5     93.93    -2.80    -9999
TERREADELI 000713 300  190000-190500   00     100.27  735.3     95.60    -1.10    -9999
TERREADELI 000713 300  190500-191000   00      99.87  735.2     95.07    -1.60    -9999
TERREADELI 000713 300  191000-191500   00     100.93  735.4     96.33    -0.30    -9999
TERREADELI 000713 300  191500-192000   00      98.80  735.3     94.20    -2.50    -9999
TERREADELI 000713 300  192000-192500   00     100.27  735.3     95.60    -1.10    -9999
TERREADELI 000713 300  192500-193000   00     100.13  735.4     95.60    -1.10    -9999
TERREADELI 000713 300  193000-193500   00     100.87  735.5     96.33    -0.30    -9999
TERREADELI 000713 300  193500-194000   00      99.60  735.4     95.00    -1.70    -9999
TERREADELI 000713 300  194000-194500   00      98.67  735.5     94.27    -2.50    -9999
TERREADELI 000713 300  194500-195000   00     100.53  735.5     96.07    -0.60    -9999
TERREADELI 000713 300  195000-195500   00      99.00  735.5     94.60    -2.10    -9999
TERREADELI 000713 300  195500-200000   00      99.73  735.5     95.33    -1.40    -9999
TERREADELI 000713 300  200000-200500   00     100.27  735.6     95.93    -0.70    -9999
TERREADELI 000713 300  200500-201000   00      98.67  735.7     94.53    -2.20    -9999
TERREADELI 000713 300  201000-201500   00      99.93  735.6     95.60    -1.10    -9999
TERREADELI 000713 300  201500-202000   00     100.33  735.8     96.13    -0.50    -9999
TERREADELI 000713 300  202000-202500   00      99.40  735.8     95.20    -1.50    -9999
TERREADELI 000713 300  202500-203000   00      99.67  735.8     95.47    -1.20    -9999
TERREADELI 000713 300  203000-203500   00      98.53  735.9     94.53    -2.20    -9999
TERREADELI 000713 300  203500-204000   00     102.27  736.0     98.27     1.70    -9999
TERREADELI 000713 300  204000-204500   00      98.33  735.9     94.33    -2.40    -9999
TERREADELI 000713 300  204500-205000   00      98.20  736.0     94.27    -2.50    -9999
TERREADELI 000713 300  205000-205500   00     100.33  736.0     96.40    -0.30    -9999
TERREADELI 000713 300  205500-210000   00      99.60  735.9     95.53    -1.20    -9999
TERREADELI 000713 300  210000-210500   00      99.73  735.8     95.60    -1.10    -9999
TERREADELI 000713 300  210500-211000   00      99.00  736.0     95.00    -1.70    -9999
TERREADELI 000713 300  211000-211500   00      99.27  736.1     95.47    -1.20    -9999
TERREADELI 000713 300  211500-212000   00      99.87  736.1     96.00    -0.70    -9999
TERREADELI 000713 300  212000-212500   00      98.13  736.2     94.40    -2.30    -9999
TERREADELI 000713 300  212500-213000   00      99.00  736.2     95.20    -1.50    -9999
TERREADELI 000713 300  213000-213500   00     100.13  736.4     96.53    -0.10    -9999
TERREADELI 000713 300  213500-214000   00      99.47  736.5     96.00    -0.70    -9999
TERREADELI 000713 300  214000-214500   00      99.67  736.5     96.20    -0.50    -9999
TERREADELI 000713 300  214500-215000   00      98.47  736.5     95.07    -1.60    -9999
TERREADELI 000713 300  215000-215500   00      99.67  736.6     96.27    -0.40    -9999
TERREADELI 000713 300  215500-220000   00      97.67  736.8     94.53    -2.20    -9999
TERREADELI 000713 300  220000-220500   00      99.20  736.8     96.00    -0.70    -9999
TERREADELI 000713 300  220500-221000   00      97.73  736.7     94.53    -2.20    -9999
TERREADELI 000713 300  221000-221500   00      99.27  737.0     96.27    -0.40    -9999
TERREADELI 000713 300  221500-222000   00      98.20  737.1     95.40    -1.30    -9999
TERREADELI 000713 300  222000-222500   00      98.20  737.1     95.33    -1.40    -9999
TERREADELI 000713 300  222500-223000   00      96.60  737.2     93.80    -2.90    -9999
TERREADELI 000713 300  223000-223500   00      98.07  737.3     95.40    -1.30    -9999
TERREADELI 000713 300  223500-224000   00      98.00  737.4     95.40    -1.30    -9999
TERREADELI 000713 300  224000-224500   00      99.60  737.4     97.00     0.40    -9999
TERREADELI 000713 300  224500-225000   00      98.73  737.6     96.33    -0.30    -9999
TERREADELI 000713 300  225000-225500   00      98.47  737.4     95.87    -0.80    -9999
TERREADELI 000713 300  225500-230000   00      99.33  737.4     96.67     0.00    -9999
TERREADELI 000713 300  230000-230500   00      97.73  737.6     95.33    -1.40    -9999
TERREADELI 000713 300  230500-231000   00      98.13  737.6     95.73    -1.00    -9999
TERREADELI 000713 300  231000-231500   00      95.87  737.7     93.67    -3.10    -9999
TERREADELI 000713 300  231500-232000   00      98.47  737.8     96.27    -0.40    -9999
TERREADELI 000713 300  232000-232500   00      97.47  738.0     95.47    -1.20    -9999
TERREADELI 000713 300  232500-233000   00      96.20  738.0     94.20    -2.50    -9999
TERREADELI 000713 300  233000-233500   00      97.53  738.1     95.53    -1.20    -9999
TERREADELI 000713 300  233500-234000   00      98.13  738.0     96.13    -0.50    -9999
TERREADELI 000713 300  234000-234500   00      96.40  738.0     94.40    -2.30    -9999
TERREADELI 000713 300  234500-235000   00      97.47  738.0     95.47    -1.20    -9999
TERREADELI 000713 300  235000-235500   00      97.60  738.1     95.60    -1.10    -9999
TERREADELI 000713 300  235500-240000   00      97.07  738.3     95.27    -1.40    -9999
TERREADELI 000714 300  000000-000500   00      96.00  738.4     94.49    -2.20    -9999
TERREADELI 000714 300  000500-001000   00      97.73  738.4     96.20    -0.50    -9999
TERREADELI 000714 300  001000-001500   00      98.07  738.5     96.62     0.00    -9999
TERREADELI 000714 300  001500-002000   00      96.73  738.5     95.21    -1.50    -9999
TERREADELI 000714 300  002000-002500   00      96.00  738.6     94.77    -1.90    -9999
TERREADELI 000714 300  002500-003000   00      98.13  738.6     96.88     0.20    -9999
TERREADELI 000714 300  003000-003500   00      98.47  738.8     97.31     0.70    -9999
TERREADELI 000714 300  003500-004000   00      97.26  738.8     96.21    -0.50    -9999
TERREADELI 000714 300  004000-004500   00      96.13  738.8     95.00    -1.70    -9999
TERREADELI 000714 300  004500-005000   00      96.20  738.9     95.06    -1.60    -9999
TERREADELI 000714 300  005000-005500   00      97.47  738.9     96.22    -0.40    -9999
TERREADELI 000714 300  005500-006000   00      96.13  738.8     95.00    -1.70    -9999
TERREADELI 000714 300  010000-010500   00      94.87  738.9     93.93    -2.80    -9999
TERREADELI 000714 300  010500-011000   00      96.80  738.9     95.66    -1.00    -9999
TERREADELI 000714 300  011000-011500   00      96.13  738.9     95.09    -1.60    -9999
TERREADELI 000714 300  011500-012000   00      97.87  738.9     96.90     0.30    -9999
TERREADELI 000714 300  012000-012500   00      96.80  739.0     95.84    -0.80    -9999
TERREADELI 000714 300  012500-013000   00      96.53  739.1     95.77    -0.90    -9999
TERREADELI 000714 300  013000-013500   00      97.20  739.2     96.53    -0.10    -9999
TERREADELI 000714 300  013500-014000   00      95.80  739.3     95.14    -1.60    -9999
TERREADELI 000714 300  014000-014500   00      96.87  739.3     96.20    -0.50    -9999
TERREADELI 000714 300  014500-015000   00      97.26  739.4     96.79     0.10    -9999
TERREADELI 000714 300  015000-015500   00      97.80  739.5     97.32     0.70    -9999
TERREADELI 000714 300  015500-016000   00      96.33  739.4     95.76    -0.90    -9999
TERREADELI 000714 300  020000-020500   00      97.93  739.4     97.35     0.70    -9999
TERREADELI 000714 300  020500-021000   00      97.33  739.4     96.85     0.20    -9999
TERREADELI 000714 300  021000-021500   00      98.07  739.5     97.58     1.00    -9999
TERREADELI 000714 300  021500-022000   00      96.47  739.6     96.18    -0.50    -9999
TERREADELI 000714 300  022000-022500   00      96.40  739.7     96.12    -0.50    -9999
TERREADELI 000714 300  022500-023000   00      96.33  739.6     95.95    -0.70    -9999
TERREADELI 000714 300  023000-023500   00      96.53  739.6     96.06    -0.60    -9999
TERREADELI 000714 300  023500-024000   00      95.60  739.5     95.13    -1.60    -9999
TERREADELI 000714 300  024000-024500   00      96.60  739.6     96.22    -0.40    -9999
TERREADELI 000714 300  024500-025000   00      94.53  739.7     94.16    -2.60    -9999
TERREADELI 000714 300  025000-025500   00      95.47  739.7     95.18    -1.50    -9999
TERREADELI 000714 300  025500-026000   00      95.27  739.7     94.89    -1.80    -9999
TERREADELI 000714 300  030000-030500   00      96.33  739.8     96.05    -0.60    -9999
TERREADELI 000714 300  030500-031000   00      95.93  739.9     95.93    -0.70    -9999
TERREADELI 000714 300  031000-031500   00      96.14  739.9     96.13    -0.50    -9999
TERREADELI 000714 300  031500-032000   00      95.33  739.9     95.24    -1.50    -9999
TERREADELI 000714 300  032000-032500   00      96.33  739.9     96.33    -0.30    -9999
TERREADELI 000714 300  032500-033000   00      96.20  740.0     96.29    -0.40    -9999
TERREADELI 000714 300  033000-033500   00      94.53  740.1     94.63    -2.10    -9999
TERREADELI 000714 300  033500-034000   00      95.40  740.3     95.68    -1.00    -9999
TERREADELI 000714 300  034000-034500   00      95.40  740.2     95.68    -1.00    -9999
TERREADELI 000714 300  034500-035000   00      97.80  740.3     98.19     1.60    -9999
TERREADELI 000714 300  035000-035500   00      94.40  740.4     94.68    -2.00    -9999
TERREADELI 000714 300  035500-036000   00      94.80  740.3     95.08    -1.60    -9999
TERREADELI 000714 300  040000-040500   00      96.13  740.3     96.51    -0.10    -9999
TERREADELI 000714 300  040500-041000   00      95.53  740.4     95.82    -0.90    -9999
TERREADELI 000714 300  041000-041500   00      95.93  740.5     96.41    -0.20    -9999
TERREADELI 000714 300  041500-042000   00      95.40  740.6     95.97    -0.70    -9999
TERREADELI 000714 300  042000-042500   00      95.40  740.7     95.97    -0.70    -9999
TERREADELI 000714 300  042500-043000   00      96.27  740.8     97.13     0.50    -9999
TERREADELI 000714 300  043000-043500   00      95.60  740.8     96.45    -0.20    -9999
TERREADELI 000714 300  043500-044000   00      95.00  740.8     95.75    -0.90    -9999
TERREADELI 000714 300  044000-044500   00      94.33  740.9     95.18    -1.50    -9999
TERREADELI 000714 300  044500-045000   00      94.87  741.0     96.00    -0.70    -9999
TERREADELI 000714 300  045000-045500   00      95.27  741.1     96.31    -0.40    -9999
TERREADELI 000714 300  045500-046000   00      95.14  741.1     96.27    -0.40    -9999
TERREADELI 000714 300  050000-050500   00      95.07  741.2     96.20    -0.50    -9999
TERREADELI 000714 300  050500-051000   00      94.20  741.3     95.52    -1.20    -9999
TERREADELI 000714 300  051000-051500   00      96.13  741.3     97.28     0.70    -9999
TERREADELI 000714 300  051500-052000   00      96.80  741.3     98.05     1.40    -9999
TERREADELI 000714 300  052000-052500   00      95.47  741.3     96.70     0.10    -9999
TERREADELI 000714 300  052500-053000   00      95.47  741.3     96.61     0.00    -9999
TERREADELI 000714 300  053000-053500   00      96.40  741.4     97.65     1.00    -9999
TERREADELI 000714 300  053500-054000   00      94.67  741.3     95.89    -0.80    -9999
TERREADELI 000714 300  054000-054500   00      96.07  741.3     97.31     0.70    -9999
TERREADELI 000714 300  054500-055000   00      94.87  741.5     96.29    -0.40    -9999
TERREADELI 000714 300  055000-055500   00      93.67  741.5     95.16    -1.50    -9999
TERREADELI 000714 300  055500-056000   00      93.93  741.5     95.43    -1.30    -9999
TERREADELI 000714 300  060000-060500   00      95.40  741.6     97.02     0.40    -9999
TERREADELI 000714 300  060500-061000   00      95.07  741.7     96.78     0.10    -9999
TERREADELI 000714 300  061000-061500   00      93.40  741.8     95.17    -1.50    -9999
TERREADELI 000714 300  061500-062000   00      94.73  741.8     96.44    -0.20    -9999
TERREADELI 000714 300  062000-062500   00      94.67  741.8     96.37    -0.30    -9999
TERREADELI 000714 300  062500-063000   00      92.93  741.9     94.70    -2.00    -9999
TERREADELI 000714 300  063000-063500   00      95.60  741.9     97.41     0.80    -9999
TERREADELI 000714 300  063500-064000   00      94.86  741.9     96.48    -0.20    -9999
TERREADELI 000714 300  064000-064500   00      93.87  741.7     95.55    -1.10    -9999
TERREADELI 000714 300  064500-065000   00      94.40  741.7     96.10    -0.60    -9999
TERREADELI 000714 300  065000-065500   00      94.73  741.7     96.34    -0.30    -9999
TERREADELI 000714 300  065500-066000   00      95.07  741.6     96.49    -0.20    -9999
TERREADELI 000714 300  070000-070500   00      93.87  741.6     95.36    -1.30    -9999
TERREADELI 000714 300  070500-071000   00      95.00  741.6     96.42    -0.20    -9999
TERREADELI 000714 300  071000-071500   00      94.47  741.6     95.98    -0.70    -9999
TERREADELI 000714 300  071500-072000   00      95.34  741.6     96.86     0.20    -9999
TERREADELI 000714 300  072000-072500   00      94.80  741.6     96.22    -0.40    -9999
TERREADELI 000714 300  072500-073000   00      94.13  741.6     95.54    -1.10    -9999
TERREADELI 000714 300  073000-073500   00      94.60  741.7     96.21    -0.50    -9999
TERREADELI 000714 300  073500-074000   00      95.93  741.7     97.56     0.90    -9999
TERREADELI 000714 300  074000-074500   00      95.20  741.6     96.53    -0.10    -9999
TERREADELI 000714 300  074500-075000   00      95.47  741.7     97.09     0.50    -9999
TERREADELI 000714 300  075000-075500   00      94.20  741.7     95.99    -0.70    -9999
TERREADELI 000714 300  075500-076000   00      94.73  741.7     96.34    -0.30    -9999
TERREADELI 000714 300  080000-080500   00      96.53  741.8     98.37     1.80    -9999
TERREADELI 000714 300  080500-081000   00      95.53  741.8     97.35     0.70    -9999
TERREADELI 000714 300  081000-081500   00      94.87  741.8     96.48    -0.20    -9999
TERREADELI 000714 300  081500-082000   00      94.53  741.8     96.23    -0.40    -9999
TERREADELI 000714 300  082000-082500   00      95.27  741.8     96.98     0.30    -9999
TERREADELI 000714 300  082500-083000   00      94.60  741.7     96.30    -0.40    -9999
TERREADELI 000714 300  083000-083500   00      93.73  741.9     95.51    -1.20    -9999
TERREADELI 000714 300  083500-084000   00      95.93  741.8     97.66     1.00    -9999
TERREADELI 000714 300  084000-084500   00      95.53  742.0     97.44     0.80    -9999
TERREADELI 000714 300  084500-085000   00      95.40  742.0     97.21     0.60    -9999
TERREADELI 000714 300  085000-085500   00      94.07  741.9     95.85    -0.80    -9999
TERREADELI 000714 300  085500-086000   00      95.60  741.9     97.41     0.80    -9999
TERREADELI 000714 300  090000-090500   00      94.73  741.8     96.34    -0.30    -9999
TERREADELI 000714 300  090500-091000   00      95.00  741.8     96.80     0.20    -9999
TERREADELI 000714 300  091000-091500   00      96.00  741.8     97.73     1.10    -9999
TERREADELI 000714 300  091500-092000   00      95.60  741.6     97.03     0.40    -9999
TERREADELI 000714 300  092000-092500   00      95.07  741.6     96.59    -0.10    -9999
TERREADELI 000714 300  092500-093000   00      95.67  741.6     97.29     0.70    -9999
TERREADELI 000714 300  093000-093500   00      95.93  741.7     97.66     1.00    -9999
TERREADELI 000714 300  093500-094000   00      95.93  741.7     97.56     0.90    -9999
TERREADELI 000714 300  094000-094500   00      93.80  741.8     95.49    -1.20    -9999
TERREADELI 000714 300  094500-095000   00      94.20  741.7     95.80    -0.90    -9999
TERREADELI 000714 300  095000-095500   00      93.73  741.8     95.32    -1.40    -9999
TERREADELI 000714 300  095500-096000   00      94.53  741.9     96.23    -0.40    -9999
TERREADELI 000714 300  100000-100500   00      93.46  741.9     95.24    -1.50    -1.55
TERREADELI 000714 300  100500-101000   00      92.26  741.8     93.83    -2.90    -2.94
TERREADELI 000714 300  101000-101500   00      94.60  741.8     96.20    -0.50    -0.53
TERREADELI 000714 300  101500-102000   00      94.26  741.8     96.06    -0.60    -0.63
TERREADELI 000714 300  102000-102500   00      94.34  741.8     96.12    -0.50    -0.52
TERREADELI 000714 300  102500-103000   00      95.47  741.9     97.18     0.50     0.48
TERREADELI 000714 300  103000-103500   00      94.87  741.9     96.67     0.00    -0.01
TERREADELI 000714 300  103500-104000   00      98.73  741.6    100.41     3.90     3.90
TERREADELI 000714 300  104000-104500   00     104.67  741.7    106.34    10.00    10.00
TERREADELI 000714 300  104500-105000   00     111.27  741.6    113.04    17.00    17.01
TERREADELI 000714 300  105000-105500   00     114.00  741.5    115.71    19.70    19.71
TERREADELI 000714 300  105500-106000   00     117.20  741.5    119.07    23.20    23.22
TERREADELI 000714 300  110000-110500   00     117.13  741.6    118.77    22.90    22.93
TERREADELI 000714 300  110500-111000   00     120.94  741.3    122.50    26.70    26.73
TERREADELI 000714 300  111000-111500   00     120.93  741.4    122.62    26.90    26.94
TERREADELI 000714 300  111500-112000   00     120.47  741.6    122.03    26.30    26.34
TERREADELI 000714 300  112000-112500   00     119.87  741.3    121.30    25.50    25.55
TERREADELI 000714 300  112500-113000   00     118.27  741.1    119.68    23.80    23.85
TERREADELI 000714 300  113000-113500   00     120.13  741.3    121.69    25.90    25.96
TERREADELI 000714 300  113500-114000   00     119.67  741.2    121.10    25.30    25.36
TERREADELI 000714 300  114000-114500   00     118.93  741.1    120.24    24.40    24.47
TERREADELI 000714 300  114500-115000   00     118.20  740.9    119.26    23.40    23.47
TERREADELI 000714 300  115000-115500   00     117.53  740.9    118.59    22.70    22.78
TERREADELI 000714 300  115500-116000   00     114.40  740.8    115.31    19.30    19.38
TERREADELI 000714 300  120000-120500   00     114.40  740.7    115.08    19.10    19.19
TERREADELI 000714 300  120500-121000   00     114.80  740.7    115.60    19.60    19.69
TERREADELI 000714 300  121000-121500   00     112.73  740.6    113.51    17.40    17.50
TERREADELI 000714 300  121500-122000   00     112.33  740.6    113.00    16.90    17.00
TERREADELI 000714 300  122000-122500   00     111.13  740.6    111.57    15.40    15.51
TERREADELI 000714 300  122500-123000   00     112.27  740.7    113.16    17.10    17.21
TERREADELI 000714 300  123000-123500   00     109.13  740.8    110.11    13.90    14.02
TERREADELI 000714 300  123500-124000   00     109.73  740.7    110.28    14.10    14.22
TERREADELI 000714 300  124000-124500   00     109.53  740.7    110.40    14.20    14.33
TERREADELI 000714 300  124500-125000   00     109.93  740.8    111.03    14.90    15.03
TERREADELI 000714 300  125000-125500   00     108.93  740.7    109.69    13.50    13.64
TERREADELI 000714 300  125500-126000   00     108.13  740.8    108.89    12.70    12.84
TERREADELI 000714 300  130000-130500   00     107.80  740.6    108.44    12.20    12.35
TERREADELI 000714 300  130500-131000   00     108.13  740.5    108.78    12.60    12.75
TERREADELI 000714 300  131000-131500   00     108.47  740.5    109.00    12.80    12.95
TERREADELI 000714 300  131500-132000   00     106.20  740.6    106.83    10.50    10.66
TERREADELI 000714 300  132000-132500   00     106.47  740.6    107.21    10.90    11.06
TERREADELI 000714 300  132500-133000   00     106.33  740.6    106.97    10.70    10.87
TERREADELI 000714 300  133000-133500   00     104.40  740.6    104.92     8.60     8.77
TERREADELI 000714 300  133500-134000   00     103.87  740.5    104.38     8.00     8.17
TERREADELI 000714 300  134000-134500   00     107.20  740.4    107.52    11.20    11.38
TERREADELI 000714 300  134500-135000   00     104.60  740.5    105.01     8.60     8.78
TERREADELI 000714 300  135000-135500   00     105.27  740.4    105.68     9.30     9.49
TERREADELI 000714 300  135500-136000   00     105.40  740.2    105.71     9.40     9.59
TERREADELI 000714 300  140000-140500   00     104.93  740.3    105.25     8.90     9.09
TERREADELI 000714 300  140500-141000   00     103.80  740.4    104.21     7.80     8.00
TERREADELI 000714 300  141000-141500   00     102.33  740.4    102.74     6.30     6.50
TERREADELI 000714 300  141500-142000   00     104.87  740.5    105.18     8.80     9.00
TERREADELI 000714 300  142000-142500   00     105.00  740.6    105.42     9.10     9.31
TERREADELI 000714 300  142500-143000   00     103.53  740.3    103.84     7.40     7.61
TERREADELI 000714 300  143000-143500   00     103.33  740.2    103.54     7.10     7.31
TERREADELI 000714 300  143500-144000   00     104.47  740.3    104.77     8.40     8.62
TERREADELI 000714 300  144000-144500   00     102.93  740.1    103.04     6.60     6.82
TERREADELI 000714 300  144500-145000   00     103.93  740.0    104.04     7.60     7.82
TERREADELI 000714 300  145000-145500   00     103.80  740.2    104.11     7.70     7.93
TERREADELI 000714 300  145500-146000   00     102.60  740.2    102.70     6.30     6.53
TERREADELI 000714 300  150000-150500   00     102.67  740.2    102.97     6.50     6.73
TERREADELI 000714 300  150500-151000   00     103.47  740.3    103.47     7.10     7.33
TERREADELI 000714 300  151000-151500   00     101.67  740.1    101.67     5.20     5.44
TERREADELI 000714 300  151500-152000   00     103.13  740.1    103.24     6.80     7.04
TERREADELI 000714 300  152000-152500   00     102.40  740.1    102.50     6.10     6.34
TERREADELI 000714 300  152500-153000   00     100.13  740.2    100.13     3.60     3.84
TERREADELI 000714 300  153000-153500   00     101.80  740.0    101.80     5.30     5.55
TERREADELI 000714 300  153500-154000   00     101.73  740.1    102.14     5.70     5.95
TERREADELI 000714 300  154000-154500   00     103.87  740.1    104.07     7.70     7.95
TERREADELI 000714 300  154500-155000   00     102.00  740.4    102.61     6.20     6.45
TERREADELI 000714 300  155000-155500   00     101.33  740.4    102.04     5.60     5.86
TERREADELI 000714 300  155500-156000   00     100.80  740.4    101.00     4.50     4.76
TERREADELI 000714 300  160000-160500   00     100.33  740.3    100.73     4.20     4.46
TERREADELI 000714 300  160500-161000   00     100.33  740.6    100.93     4.40     4.66
TERREADELI 000714 300  161000-161500   00     101.93  740.4    102.34     5.90     6.17
TERREADELI 000714 300  161500-162000   00      98.53  740.5     99.22     2.70     2.97
TERREADELI 000714 300  162000-162500   00      99.87  740.5    100.46     3.90     4.17
TERREADELI 000714 300  162500-163000   00     100.27  740.6    101.16     4.70     4.97
TERREADELI 000714 300  163000-163500   00     101.33  740.8    102.04     5.60     5.87
TERREADELI 000714 300  163500-164000   00      99.47  740.8    100.36     3.80     4.07
TERREADELI 000714 300  164000-164500   00     101.27  740.8    101.87     5.40     5.68
TERREADELI 000714 300  164500-165000   00     100.00  740.9    100.79     4.30     4.58
TERREADELI 000714 300  165000-165500   00      99.67  740.8    100.46     3.90     4.18
TERREADELI 000714 300  165500-166000   00      99.93  740.9    100.93     4.40     4.68
TERREADELI 000714 300  170000-170500   00      99.93  740.8    100.83     4.30     4.58
TERREADELI 000714 300  170500-171000   00      97.73  740.7     98.61     2.00     2.28
TERREADELI 000714 300  171000-171500   00     100.33  740.9    101.33     4.80     5.09
TERREADELI 000714 300  171500-172000   00      99.93  740.9    100.83     4.30     4.59
TERREADELI 000714 300  172000-172500   00      98.53  740.8     99.32     2.80     3.09
TERREADELI 000714 300  172500-173000   00      99.67  740.7    100.16     3.60     3.89
TERREADELI 000714 300  173000-173500   00     100.67  740.6    101.27     4.80     5.09
TERREADELI 000714 300  173500-174000   00      99.53  740.7    100.23     3.70     3.99
TERREADELI 000714 300  174000-174500   00     101.07  740.8    101.77     5.30     5.59
TERREADELI 000714 300  174500-175000   00      99.13  740.9    100.22     3.70     3.99
TERREADELI 000714 300  175000-175500   00      99.20  741.1    100.29     3.80     4.09
TERREADELI 000714 300  175500-176000   00      97.87  740.9     98.84     2.30     2.59
TERREADELI 000714 300  180000-180500   00      98.53  741.2     99.71     3.20     3.50
TERREADELI 000714 300  180500-181000   00      98.60  741.1     99.68     3.10     3.40
TERREADELI 000714 300  181000-181500   00      98.27  741.0     99.44     2.90     3.20
TERREADELI 000714 300  181500-182000   00      99.73  741.2    100.92     4.40     4.70
TERREADELI 000714 300  182000-182500   00      98.33  741.2     99.61     3.10     3.40
TERREADELI 000714 300  182500-183000   00      98.40  741.4     99.67     3.10     3.40
TERREADELI 000714 300  183000-183500   00      98.73  741.4    100.11     3.60     3.90
TERREADELI 000714 300  183500-184000   00      99.27  741.4    100.75     4.20     4.50
TERREADELI 000714 300  184000-184500   00      98.40  741.3     99.68     3.10     3.40
TERREADELI 000714 300  184500-185000   00      96.60  741.2     97.75     1.10     1.40
TERREADELI 000714 300  185000-185500   00      96.20  741.2     97.35     0.70     1.00
TERREADELI 000714 300  185500-186000   00      96.93  741.2     98.00     1.40     1.70
TERREADELI 000714 300  190000-190500   00      96.67  741.3     97.82     1.20     1.50
TERREADELI 000714 300  190500-191000   00      98.13  741.4     99.50     2.90     3.20
TERREADELI 000714 300  191000-191500   00      98.00  741.4     99.37     2.80     3.10
TERREADELI 000714 300  191500-192000   00      95.13  741.4     96.46    -0.20     0.10
TERREADELI 000714 300  192000-192500   00      98.27  741.5     99.84     3.30     3.60
TERREADELI 000714 300  192500-193000   00      97.80  741.6     99.46     2.90     3.20
TERREADELI 000714 300  193000-193500   00      98.13  741.7    100.00     3.50     3.80
TERREADELI 000714 300  193500-194000   00      97.27  741.9     99.21     2.60     2.90
TERREADELI 000714 300  194000-194500   00      98.20  742.0    100.26     3.70     4.00
TERREADELI 000714 300  194500-195000   00      97.13  741.9     99.07     2.50     2.80
TERREADELI 000714 300  195000-195500   00      95.27  742.1     97.17     0.50     0.80
TERREADELI 000714 300  195500-196000   00      96.33  742.0     98.06     1.50     1.80
TERREADELI 000714 300  200000-200500   00      96.33  742.0     98.36     1.80     2.09
TERREADELI 000714 300  200500-201000   00      95.93  742.1     97.95     1.30     1.59
TERREADELI 000714 300  201000-201500   00      96.40  742.2     98.42     1.80     2.09
TERREADELI 000714 300  201500-202000   00      95.00  742.1     97.19     0.60     0.89
TERREADELI 000714 300  202000-202500   00      96.33  742.2     98.45     1.90     2.19
TERREADELI 000714 300  202500-203000   00      96.46  742.1     98.40     1.80     2.09
TERREADELI 000714 300  203000-203500   00      97.27  742.2     99.61     3.10     3.39
TERREADELI 000714 300  203500-204000   00      95.93  742.3     98.04     1.40     1.69
TERREADELI 000714 300  204000-204500   00      96.80  742.1     98.83     2.30     2.59
TERREADELI 000714 300  204500-205000   00      95.27  742.1     97.56     0.90     1.19
TERREADELI 000714 300  205000-205500   00      95.93  742.3     98.14     1.50     1.78
TERREADELI 000714 300  205500-206000   00      95.07  742.3     97.26     0.60     0.88
TERREADELI 000714 300  210000-210500   00      97.33  742.4     99.68     3.10     3.38
TERREADELI 000714 300  210500-211000   00      95.40  742.5     97.79     1.20     1.48
TERREADELI 000714 300  211000-211500   00      94.27  742.4     96.72     0.10     0.38
TERREADELI 000714 300  211500-212000   00      95.60  742.5     98.09     1.50     1.78
TERREADELI 000714 300  212000-212500   00      96.33  742.6     98.75     2.20     2.48
TERREADELI 000714 300  212500-213000   00      94.60  742.6     97.26     0.60     0.87
TERREADELI 000714 300  213000-213500   00      94.73  742.7     97.30     0.70     0.97
TERREADELI 000714 300  213500-214000   00      94.33  742.7     96.89     0.20     0.47
TERREADELI 000714 300  214000-214500   00      95.67  742.8     98.36     1.80     2.07
TERREADELI 000714 300  214500-215000   00      95.27  742.7     97.65     1.00     1.27
TERREADELI 000714 300  215000-215500   00      94.40  742.8     97.05     0.40     0.66
TERREADELI 000714 300  215500-216000   00      95.94  742.8     98.73     2.20     2.46
TERREADELI 000714 300  220000-220500   00      95.33  742.8     98.11     1.50     1.76
TERREADELI 000714 300  220500-221000   00      93.13  742.5     95.47    -1.20    -0.94
TERREADELI 000714 300  221000-221500   00      95.20  742.5     97.49     0.90     1.16
TERREADELI 000714 300  221500-222000   00      96.53  742.5     99.25     2.70     2.95
TERREADELI 000714 300  222000-222500   00      96.54  742.6     99.05     2.50     2.75
TERREADELI 000714 300  222500-223000   00      93.73  742.7     96.27    -0.40    -0.15
TERREADELI 000714 300  223000-223500   00      94.13  742.6     96.59    -0.10     0.15
TERREADELI 000714 300  223500-224000   00      95.73  742.5     98.13     1.50     1.74
TERREADELI 000714 300  224000-224500   00      96.20  742.5     98.51     1.90     2.14
TERREADELI 000714 300  224500-225000   00      93.67  742.5     95.92    -0.80    -0.56
TERREADELI 000714 300  225000-225500   00      95.20  742.4     97.59     1.00     1.24
TERREADELI 000714 300  225500-226000   00      93.93  742.5     96.29    -0.40    -0.17
TERREADELI 000714 300  230000-230500   00      94.73  742.4     97.11     0.50     0.73
TERREADELI 000714 300  230500-231000   00      96.40  742.5     98.91     2.30    -9999
TERREADELI 000714 300  231000-231500   00      95.93  742.5     98.34     1.70    -9999
TERREADELI 000714 300  231500-232000   00      95.27  742.4     97.56     0.90    -9999
TERREADELI 000714 300  232000-232500   00      96.00  742.4     98.41     1.80    -9999
TERREADELI 000714 300  232500-233000   00      96.60  742.4     98.92     2.30    -9999
TERREADELI 000714 300  233000-233500   00      94.93  742.5     97.21     0.60    -9999
TERREADELI 000714 300  233500-234000   00      94.20  742.5     96.56    -0.10    -9999
TERREADELI 000714 300  234000-234500   00      94.33  742.4     96.70     0.10    -9999
TERREADELI 000714 300  234500-235000   00      94.13  742.7     96.68     0.00    -9999
TERREADELI 000714 300  235000-235500   00      95.20  742.6     97.68     1.10    -9999
TERREADELI 000714 300  235500-240000   00      94.87  742.7     97.53     0.90    -9999
TERREADELI 000715 300  000000-000500   00      95.07  742.7     97.53     0.90    -9999
TERREADELI 000715 300  000500-001000   00      94.80  742.9     97.40     0.80    -9999
TERREADELI 000715 300  001000-001500   00      93.27  742.8     95.80    -0.90    -9999
TERREADELI 000715 300  001500-002000   00      93.93  742.8     96.53    -0.10    -9999
TERREADELI 000715 300  002000-002500   00      94.13  742.9     96.73     0.10    -9999
TERREADELI 000715 300  002500-003000   00      92.87  742.9     95.47    -1.20    -9999
TERREADELI 000715 300  003000-003500   00      93.27  742.9     95.87    -0.80    -9999
TERREADELI 000715 300  003500-004000   00      94.80  742.9     97.40     0.80    -9999
TERREADELI 000715 300  004000-004500   00      94.20  742.9     96.80     0.20    -9999
TERREADELI 000715 300  004500-005000   00      93.80  742.7     96.20    -0.50    -9999
TERREADELI 000715 300  005000-005500   00      92.13  742.9     94.73    -2.00    -9999
TERREADELI 000715 300  005500-010000   00      94.80  742.9     97.40     0.80    -9999
TERREADELI 000715 300  010000-010500   00      95.20  743.0     98.00     1.40    -9999
TERREADELI 000715 300  010500-011000   00      95.20  743.2     98.20     1.60    -9999
TERREADELI 000715 300  011000-011500   00      93.13  743.2     96.00    -0.70    -9999
TERREADELI 000715 300  011500-012000   00      94.80  743.2     97.80     1.20    -9999
TERREADELI 000715 300  012000-012500   00      93.53  742.9     96.13    -0.50    -9999
TERREADELI 000715 300  012500-013000   00      92.40  743.1     95.20    -1.50    -9999
TERREADELI 000715 300  013000-013500   00      94.27  743.2     97.27     0.60    -9999
TERREADELI 000715 300  013500-014000   00      93.60  743.3     96.60    -0.10    -9999
TERREADELI 000715 300  014000-014500   00      92.93  743.4     96.00    -0.70    -9999
TERREADELI 000715 300  014500-015000   00      92.13  743.6     95.33    -1.40    -9999
TERREADELI 000715 300  015000-015500   00      93.27  743.5     96.47    -0.20    -9999
TERREADELI 000715 300  015500-020000   00      93.13  743.6     96.40    -0.30    -9999
TERREADELI 000715 300  020000-020500   00      94.40  743.5     97.60     1.00    -9999
TERREADELI 000715 300  020500-021000   00      93.80  743.6     97.07     0.40    -9999
TERREADELI 000715 300  021000-021500   00      93.40  743.9     97.00     0.40    -9999
TERREADELI 000715 300  021500-022000   00      93.93  744.1     97.73     1.10    -9999
TERREADELI 000715 300  022000-022500   00      92.00  743.9     95.53    -1.20    -9999
TERREADELI 000715 300  022500-023000   00      93.73  744.2     97.60     1.00    -9999
TERREADELI 000715 300  023000-023500   00      91.73  744.0     95.33    -1.40    -9999
TERREADELI 000715 300  023500-024000   00      92.00  744.5     96.13    -0.50    -9999
TERREADELI 000715 300  024000-024500   00      92.13  744.5     96.27    -0.40    -9999
TERREADELI 000715 300  024500-025000   00      91.47  744.7     95.73    -1.00    -9999
TERREADELI 000715 300  025000-025500   00      91.47  744.9     95.93    -0.70    -9999
TERREADELI 000715 300  025500-030000   00      91.87  745.0     96.47    -0.20    -9999
TERREADELI 000715 300  030000-030500   00      91.20  745.0     95.80    -0.90    -9999
TERREADELI 000715 300  030500-031000   00      92.87  745.3     97.80     1.20    -9999
TERREADELI 000715 300  031000-031500   00      91.07  745.6     96.13    -0.50    -9999
TERREADELI 000715 300  031500-032000   00      92.80  745.8     98.20     1.60    -9999
TERREADELI 000715 300  032000-032500   00      91.07  745.5     96.07    -0.60    -9999
TERREADELI 000715 300  032500-033000   00      91.00  745.8     96.27    -0.40    -9999
TERREADELI 000715 300  033000-033500   00      90.60  746.0     96.07    -0.60    -9999
TERREADELI 000715 300  033500-034000   00      90.20  746.0     95.60    -1.10    -9999
TERREADELI 000715 300  034000-034500   00      89.87  746.3     95.53    -1.20    -9999
TERREADELI 000715 300  034500-035000   00      89.67  746.1     95.13    -1.60    -9999
TERREADELI 000715 300  035000-035500   00      91.87  745.9     97.33     0.70    -9999
TERREADELI 000715 300  035500-040000   00      90.20  745.9     95.47    -1.20    -9999
TERREADELI 000715 300  040000-040500   00      90.73  746.0     96.20    -0.50    -9999
TERREADELI 000715 300  040500-041000   00      91.67  746.0     97.20     0.60    -9999
TERREADELI 000715 300  041000-041500   00      91.13  746.1     96.73     0.10    -9999
TERREADELI 000715 300  041500-042000   00      90.13  746.3     95.87    -0.80    -9999
TERREADELI 000715 300  042000-042500   00      90.27  746.3     96.00    -0.70    -9999
TERREADELI 000715 300  042500-043000   00      91.20  746.4     97.00     0.40    -9999
TERREADELI 000715 300  043000-043500   00      89.73  746.6     95.73    -1.00    -9999
TERREADELI 000715 300  043500-044000   00      92.13  746.6     98.27     1.70    -9999
TERREADELI 000715 300  044000-044500   00      89.27  746.4     94.93    -1.80    -9999
TERREADELI 000715 300  044500-045000   00      90.67  746.5     96.60    -0.10    -9999
TERREADELI 000715 300  045000-045500   00      91.20  746.6     97.27     0.60    -9999
TERREADELI 000715 300  045500-050000   00      90.20  746.8     96.33    -0.30    -9999
TERREADELI 000715 300  050000-050500   00      91.13  746.9     97.47     0.80    -9999
TERREADELI 000715 300  050500-051000   00      90.60  747.1     97.07     0.40    -9999
TERREADELI 000715 300  051000-051500   00      90.60  747.2     97.20     0.60    -9999
TERREADELI 000715 300  051500-052000   00      89.60  747.3     96.20    -0.50    -9999
TERREADELI 000715 300  052000-052500   00      90.00  747.4     96.73     0.10    -9999
TERREADELI 000715 300  052500-053000   00      89.07  747.5     95.80    -0.90    -9999
TERREADELI 000715 300  053000-053500   00      91.07  747.4     97.87     1.30    -9999
TERREADELI 000715 300  053500-054000   00      88.87  747.4     95.47    -1.20    -9999
TERREADELI 000715 300  054000-054500   00      88.93  747.6     95.80    -0.90    -9999
TERREADELI 000715 300  054500-055000   00      89.80  747.7     96.80     0.20    -9999
TERREADELI 000715 300  055000-055500   00      90.00  747.8     97.13     0.50    -9999
TERREADELI 000715 300  055500-060000   00      89.47  748.0     96.73     0.10    -9999
TERREADELI 000715 300  060000-060500   00      88.13  748.2     95.47    -1.20    -9999
TERREADELI 000715 300  060500-061000   00      89.20  748.2     96.67     0.00    -9999
TERREADELI 000715 300  061000-061500   00      89.67  748.2     97.13     0.50    -9999
TERREADELI 000715 300  061500-062000   00      89.40  748.6     97.27     0.60    -9999
TERREADELI 000715 300  062000-062500   00      89.93  748.5     97.73     1.10    -9999
TERREADELI 000715 300  062500-063000   00      89.33  748.6     97.20     0.60    -9999
TERREADELI 000715 300  063000-063500   00      89.87  748.7     97.80     1.20    -9999
TERREADELI 000715 300  063500-064000   00      88.07  748.8     96.00    -0.70    -9999
TERREADELI 000715 300  064000-064500   00      90.00  748.8     98.07     1.50    -9999
TERREADELI 000715 300  064500-065000   00      89.27  749.0     97.53     0.90    -9999
TERREADELI 000715 300  065000-065500   00      87.93  749.1     96.13    -0.50    -9999
TERREADELI 000715 300  065500-070000   00      87.93  749.2     96.27    -0.40    -9999
TERREADELI 000715 300  070000-070500   00      88.87  749.1     97.20     0.60    -9999
TERREADELI 000715 300  070500-071000   00      85.53  749.4     93.80    -2.90    -9999
TERREADELI 000715 300  071000-071500   00      89.40  749.5     98.07     1.50    -9999
TERREADELI 000715 300  071500-072000   00      88.47  749.3     96.87     0.20    -9999
TERREADELI 000715 300  072000-072500   00      87.40  749.5     95.93    -0.70    -9999
TERREADELI 000715 300  072500-073000   00      89.40  749.4     98.00     1.40    -9999
TERREADELI 000715 300  073000-073500   00      86.93  749.5     95.40    -1.30    -9999
TERREADELI 000715 300  073500-074000   00      86.93  749.6     95.47    -1.20    -9999
TERREADELI 000715 300  074000-074500   00      88.93  749.6     97.73     1.10    -9999
TERREADELI 000715 300  074500-075000   00      87.93  749.6     96.60    -0.10    -9999
TERREADELI 000715 300  075000-075500   00      88.80  749.6     97.53     0.90    -9999
TERREADELI 000715 300  075500-080000   00      87.00  749.7     95.67    -1.00    -9999
TERREADELI 000715 300  080000-080500   00      88.13  749.8     97.00     0.40    -9999
TERREADELI 000715 300  080500-081000   00      88.47  749.7     97.27     0.60    -9999
TERREADELI 000715 300  081000-081500   00      88.47  750.0     97.53     0.90    -9999
TERREADELI 000715 300  081500-082000   00      86.87  750.0     95.80    -0.90    -9999
TERREADELI 000715 300  082000-082500   00      87.60  749.8     96.47    -0.20    -9999
TERREADELI 000715 300  082500-083000   00      86.87  750.0     95.73    -1.00    -9999
TERREADELI 000715 300  083000-083500   00      86.20  750.2     95.27    -1.40    -9999
TERREADELI 000715 300  083500-084000   00      89.20  750.2     98.60     2.00    -9999
TERREADELI 000715 300  084000-084500   00      86.60  749.9     95.40    -1.30    -9999
TERREADELI 000715 300  084500-085000   00      88.87  750.2     98.20     1.60    -9999
TERREADELI 000715 300  085000-085500   00      88.93  750.2     98.27     1.70    -9999
TERREADELI 000715 300  085500-090000   00      87.73  750.3     97.07     0.40    -9999
TERREADELI 000715 300  090000-090500   00      85.73  750.4     94.93    -1.80    -9999
TERREADELI 000715 300  090500-091000   00      86.80  750.6     96.27    -0.40    -9999
TERREADELI 000715 300  091000-091500   00      88.27  750.4     97.73     1.10    -9999
TERREADELI 000715 300  091500-092000   00      86.87  750.5     96.27    -0.40    -9999
TERREADELI 000715 300  092000-092500   00      86.73  750.8     96.40    -0.30    -9999
TERREADELI 000715 300  092500-093000   00      88.47  750.5     98.00     1.40    -9999
TERREADELI 000715 300  093000-093500   00      87.20  750.4     96.60    -0.10    -9999
TERREADELI 000715 300  093500-094000   00      88.53  750.7     98.33     1.70    -9999
TERREADELI 000715 300  094000-094500   00      86.27  750.8     95.87    -0.80    -9999
TERREADELI 000715 300  094500-095000   00      85.13  750.7     94.53    -2.20    -9999
TERREADELI 000715 300  095000-095500   00      86.67  750.7     96.27    -0.40    -9999
TERREADELI 000715 300  095500-100000   00      86.47  751.1     96.40    -0.30    -9999
TERREADELI 000715 300  100000-100500   00      85.60  750.9     95.27    -1.40    -9999
TERREADELI 000715 300  100500-101000   00      85.40  750.8     94.93    -1.80    -9999
TERREADELI 000715 300  101000-101500   00      87.33  750.8     97.07     0.40    -9999
TERREADELI 000715 300  101500-102000   00      85.80  750.9     95.47    -1.20    -9999
TERREADELI 000715 300  102000-102500   00      85.80  751.0     95.60    -1.10    -9999
TERREADELI 000715 300  102500-103000   00      85.60  751.2     95.53    -1.20    -9999
TERREADELI 000715 300  103000-103500   00      86.13  751.4     96.33    -0.30    -9999
TERREADELI 000715 300  103500-104000   00      85.53  751.4     95.67    -1.00    -9999
TERREADELI 000715 300  104000-104500   00      85.27  751.4     95.40    -1.30    -9999
TERREADELI 000715 300  104500-105000   00      86.13  751.7     96.60    -0.10    -9999
TERREADELI 000715 300  105000-105500   00      84.87  751.8     95.27    -1.40    -9999
TERREADELI 000715 300  105500-110000   00      85.13  751.7     95.47    -1.20    -9999
TERREADELI 000715 300  110000-110500   00      84.80  751.9     95.27    -1.40    -9999
TERREADELI 000715 300  110500-111000   00      84.93  752.1     95.67    -1.00    -9999
TERREADELI 000715 300  111000-111500   00      85.07  752.4     96.07    -0.60    -9999
TERREADELI 000715 300  111500-112000   00      83.33  752.6     94.33    -2.40    -9999
TERREADELI 000715 300  112000-112500   00      84.60  752.5     95.60    -1.10    -9999
TERREADELI 000715 300  112500-113000   00      84.07  752.7     95.20    -1.50    -9999
TERREADELI 000715 300  113000-113500   00      82.93  752.8     94.07    -2.70    -9999
TERREADELI 000715 300  113500-114000   00      84.27  752.8     95.53    -1.20    -9999
TERREADELI 000715 300  114000-114500   00      83.67  753.1     95.13    -1.60    -9999
TERREADELI 000715 300  114500-115000   00      83.60  753.1     95.13    -1.60    -9999
TERREADELI 000715 300  115000-115500   00      83.73  753.0     95.13    -1.60    -9999
TERREADELI 000715 300  115500-120000   00      83.67  753.3     95.40    -1.30    -9999
TERREADELI 000715 300  120000-120500   00      83.67  753.4     95.53    -1.20    -9999
TERREADELI 000715 300  120500-121000   00      84.87  753.4     96.80     0.20    -9999
TERREADELI 000715 300  121000-121500   00      83.27  753.7     95.27    -1.40    -9999
TERREADELI 000715 300  121500-122000   00      82.20  753.6     93.87    -2.90    -9999
TERREADELI 000715 300  122000-122500   00      83.13  753.7     95.13    -1.60    -9999
TERREADELI 000715 300  122500-123000   00      83.47  753.8     95.60    -1.10    -9999
TERREADELI 000715 300  123000-123500   00      83.53  754.0     95.87    -0.80    -9999
TERREADELI 000715 300  123500-124000   00      82.60  754.0     94.80    -1.90    -9999
TERREADELI 000715 300  124000-124500   00      82.40  753.8     94.33    -2.40    -9999
TERREADELI 000715 300  124500-125000   00      81.73  753.9     93.67    -3.10    -9999
TERREADELI 000715 300  125000-125500   00      82.00  754.0     94.07    -2.70    -9999
TERREADELI 000715 300  125500-130000   00      82.73  753.9     94.80    -1.90    -9999
TERREADELI 000715 300  130000-130500   00      83.07  754.0     95.27    -1.40    -9999
TERREADELI 000715 300  130500-131000   00      83.07  754.0     95.33    -1.40    -9999
TERREADELI 000715 300  131000-131500   00      83.00  753.9     95.13    -1.60    -9999
TERREADELI 000715 300  131500-132000   00      83.40  753.9     95.60    -1.10    -9999
TERREADELI 000715 300  132000-132500   00      81.93  753.9     93.93    -2.80    -9999
TERREADELI 000715 300  132500-133000   00      81.73  754.1     93.87    -2.90    -9999
TERREADELI 000715 300  133000-133500   00      82.13  753.9     94.13    -2.60    -9999
TERREADELI 000715 300  133500-134000   00      81.60  754.0     93.67    -3.10    -9999
TERREADELI 000715 300  134000-134500   00      83.47  754.0     95.73    -1.00    -9999
TERREADELI 000715 300  134500-135000   00      82.87  754.2     95.33    -1.40    -9999
TERREADELI 000715 300  135000-135500   00      83.87  754.2     96.47    -0.20    -9999
TERREADELI 000715 300  135500-140000   00      83.33  754.2     95.80    -0.90    -9999
TERREADELI 000715 300  140000-140500   00      82.93  754.2     95.33    -1.40    -9999
TERREADELI 000715 300  140500-141000   00      84.40  754.0     96.87     0.20    -9999
TERREADELI 000715 300  141000-141500   00      84.20  754.1     96.73     0.10    -9999
TERREADELI 000715 300  141500-142000   00      84.47  753.9     96.80     0.20    -9999
TERREADELI 000715 300  142000-142500   00      82.27  753.9     94.33    -2.40    -9999
TERREADELI 000715 300  142500-143000   00      82.60  753.9     94.67    -2.00    -9999
TERREADELI 000715 300  143000-143500   00      83.87  753.9     96.13    -0.50    -9999
TERREADELI 000715 300  143500-144000   00      83.27  753.8     95.33    -1.40    -9999
TERREADELI 000715 300  144000-144500   00      81.60  753.8     93.47    -3.30    -9999
TERREADELI 000715 300  144500-145000   00      82.73  753.8     94.73    -2.00    -9999
TERREADELI 000715 300  145000-145500   00      82.00  754.1     94.20    -2.50    -9999
TERREADELI 000715 300  145500-150000   00      83.87  754.0     96.27    -0.40    -9999
TERREADELI 000715 300  150000-150500   00      83.87  754.0     96.27    -0.40    -9999
TERREADELI 000715 300  150500-151000   00      82.67  754.0     94.87    -1.80    -9999
TERREADELI 000715 300  151000-151500   00      81.93  754.1     94.07    -2.70    -9999
TERREADELI 000715 300  151500-152000   00      84.47  754.1     97.07     0.40    -9999
TERREADELI 000715 300  152000-152500   00      83.47  754.1     95.93    -0.70    -9999
TERREADELI 000715 300  152500-153000   00      83.93  754.3     96.60    -0.10    -9999
TERREADELI 000715 300  153000-153500   00      85.20  754.4     98.13     1.50    -9999
TERREADELI 000715 300  153500-154000   00      84.67  754.6     97.80     1.20    -9999
TERREADELI 000715 300  154000-154500   00      84.20  754.8     97.40     0.80    -9999
TERREADELI 000715 300  154500-155000   00      82.20  754.7     95.00    -1.70    -9999
TERREADELI 000715 300  155000-155500   00      83.80  754.8     96.93     0.30    -9999
TERREADELI 000715 300  155500-160000   00      82.80  755.1     96.00    -0.70    -9999
TERREADELI 000715 300  160000-160500   00      83.67  755.0     96.93     0.30    -9999
TERREADELI 000715 300  160500-161000   00      84.20  755.1     97.73     1.10    -9999
TERREADELI 000715 300  161000-161500   00      83.93  755.1     97.33     0.70    -9999
TERREADELI 000715 300  161500-162000   00      81.47  755.4     94.80    -1.90    -9999
TERREADELI 000715 300  162000-162500   00      83.53  755.3     97.13     0.50    -9999
TERREADELI 000715 300  162500-163000   00      82.33  755.2     95.67    -1.00    -9999
TERREADELI 000715 300  163000-163500   00      82.07  755.3     95.33    -1.40    -9999
TERREADELI 000715 300  163500-164000   00      82.53  755.5     96.07    -0.60    -9999
TERREADELI 000715 300  164000-164500   00      82.47  755.4     95.93    -0.70    -9999
TERREADELI 000715 300  164500-165000   00      81.67  755.5     95.07    -1.60    -9999
TERREADELI 000715 300  165000-165500   00      80.93  755.4     94.20    -2.50    -9999
TERREADELI 000715 300  165500-170000   00      80.60  755.3     93.67    -3.10    -9999
TERREADELI 000715 300  170000-170500   00      82.93  755.5     96.60    -0.10    -9999
TERREADELI 000715 300  170500-171000   00      82.47  755.5     96.00    -0.70    -9999
TERREADELI 000715 300  171000-171500   00      81.60  755.5     95.00    -1.70    -9999
TERREADELI 000715 300  171500-172000   00      80.93  755.4     94.20    -2.50    -9999
TERREADELI 000715 300  172000-172500   00      82.40  755.4     95.87    -0.80    -9999
TERREADELI 000715 300  172500-173000   00      81.53  755.3     94.80    -1.90    -9999
TERREADELI 000715 300  173000-173500   00      82.47  755.4     95.93    -0.70    -9999
TERREADELI 000715 300  173500-174000   00      81.33  755.2     94.47    -2.30    -9999
TERREADELI 000715 300  174000-174500   00      81.07  755.4     94.33    -2.40    -9999
TERREADELI 000715 300  174500-175000   00      81.33  755.3     94.53    -2.20    -9999
TERREADELI 000715 300  175000-175500   00      80.67  755.4     93.80    -2.90    -9999
TERREADELI 000715 300  175500-180000   00      81.53  755.5     95.00    -1.70    -9999
TERREADELI 000715 300  180000-180500   00      81.87  755.4     95.27    -1.40    -9999
TERREADELI 000715 300  180500-181000   00      80.00  755.1     92.80    -4.00    -9999
TERREADELI 000715 300  181000-181500   00      82.67  755.2     96.00    -0.70    -9999
TERREADELI 000715 300  181500-182000   00      82.07  755.3     95.40    -1.30    -9999
TERREADELI 000715 300  182000-182500   00      82.40  755.2     95.67    -1.00    -9999
TERREADELI 000715 300  182500-183000   00      81.07  755.2     94.13    -2.60    -9999
TERREADELI 000715 300  183000-183500   00      80.93  755.2     94.00    -2.70    -9999
TERREADELI 000715 300  183500-184000   00      80.27  755.1     93.07    -3.70    -9999
TERREADELI 000715 300  184000-184500   00      81.47  755.2     94.60    -2.10    -9999
TERREADELI 000715 300  184500-185000   00      81.07  755.1     94.07    -2.70    -9999
TERREADELI 000715 300  185000-185500   00      80.80  755.3     93.93    -2.80    -9999
TERREADELI 000715 300  185500-190000   00      81.00  755.3     94.13    -2.60    -9999
TERREADELI 000715 300  190000-190500   00      82.47  755.2     95.80    -0.90    -9999
TERREADELI 000715 300  190500-191000   00      81.73  755.4     95.07    -1.60    -9999
TERREADELI 000715 300  191000-191500   00      81.27  755.3     94.47    -2.30    -9999
TERREADELI 000715 300  191500-192000   00      81.00  755.2     94.00    -2.70    -9999
TERREADELI 000715 300  192000-192500   00      79.73  755.3     92.67    -4.10    -9999
TERREADELI 000715 300  192500-193000   00      80.53  755.3     93.60    -3.20    -9999
TERREADELI 000715 300  193000-193500   00      82.13  755.2     95.33    -1.40    -9999
TERREADELI 000715 300  193500-194000   00      80.87  755.3     94.00    -2.70    -9999
TERREADELI 000715 300  194000-194500   00      81.33  755.5     94.80    -1.90    -9999
TERREADELI 000715 300  194500-195000   00      80.00  755.4     93.13    -3.60    -9999
TERREADELI 000715 300  195000-195500   00      80.67  755.4     93.87    -2.90    -9999
TERREADELI 000715 300  195500-200000   00      80.20  755.4     93.33    -3.40    -9999
TERREADELI 000715 300  200000-200500   00      77.80  755.3     90.40    -6.50    -9999
TERREADELI 000715 300  200500-201000   00      79.80  755.4     92.87    -3.90    -9999
TERREADELI 000715 300  201000-201500   00      78.80  755.4     91.67    -5.20    -9999
TERREADELI 000715 300  201500-202000   00      79.00  755.5     92.07    -4.70    -9999
TERREADELI 000715 300  202000-202500   00      78.13  755.4     90.93    -5.90    -9999
TERREADELI 000715 300  202500-203000   00      78.53  755.3     91.20    -5.60    -9999
TERREADELI 000715 300  203000-203500   00      78.07  755.4     90.80    -6.10    -9999
TERREADELI 000715 300  203500-204000   00      77.07  755.5     89.73    -7.20    -9999
TERREADELI 000715 300  204000-204500   00      78.20  755.5     91.07    -5.80    -9999
TERREADELI 000715 300  204500-205000   00      78.33  755.4     91.13    -5.70    -9999
TERREADELI 000715 300  205000-205500   00      77.80  755.4     90.53    -6.30    -9999
TERREADELI 000715 300  205500-210000   00      78.60  755.4     91.40    -5.40    -9999
TERREADELI 000715 300  210000-210500   00      79.73  755.3     92.67    -4.10    -9999
TERREADELI 000715 300  210500-211000   00      78.27  755.3     91.00    -5.80    -9999
TERREADELI 000715 300  211000-211500   00      77.73  755.1     90.13    -6.70    -9999
TERREADELI 000715 300  211500-212000   00      79.13  755.2     91.93    -4.90    -9999
TERREADELI 000715 300  212000-212500   00      78.00  755.2     90.53    -6.30    -9999
TERREADELI 000715 300  212500-213000   00      79.07  755.2     91.80    -5.00    -9999
TERREADELI 000715 300  213000-213500   00      79.00  755.2     91.73    -5.10    -9999
TERREADELI 000715 300  213500-214000   00      77.47  755.2     89.93    -7.00    -9999
TERREADELI 000715 300  214000-214500   00      76.67  755.3     89.13    -7.80    -9999
TERREADELI 000715 300  214500-215000   00      76.00  755.3     88.33    -8.60    -9999
TERREADELI 000715 300  215000-215500   00      76.07  755.1     88.20    -8.70    -9999
TERREADELI 000715 300  215500-220000   00      77.27  755.2     89.73    -7.20    -9999
TERREADELI 000715 300  220000-220500   00      76.80  755.2     89.20    -7.70    -9999
TERREADELI 000715 300  220500-221000   00      77.87  755.2     90.40    -6.50    -9999
TERREADELI 000715 300  221000-221500   00      75.47  755.3     87.67    -9.30    -9999
TERREADELI 000715 300  221500-222000   00      76.93  755.3     89.33    -7.60    -9999
TERREADELI 000715 300  222000-222500   00      77.13  755.3     89.60    -7.30    -9999
TERREADELI 000715 300  222500-223000   00      75.73  755.3     88.00    -8.90    -9999
TERREADELI 000715 300  223000-223500   00      77.00  755.4     89.60    -7.30    -9999
TERREADELI 000715 300  223500-224000   00      78.60  755.4     91.47    -5.40    -9999
TERREADELI 000715 300  224000-224500   00      76.13  755.3     88.47    -8.50    -9999
TERREADELI 000715 300  224500-225000   00      76.33  755.3     88.67    -8.30    -9999
TERREADELI 000715 300  225000-225500   00      74.73  755.4     87.00   -10.00    -9999
TERREADELI 000715 300  225500-230000   00      76.67  755.4     89.27    -7.60    -9999
TERREADELI 000715 300  230000-230500   00      76.80  755.3     89.27    -7.60    -9999
TERREADELI 000715 300  230500-231000   00      77.40  755.5     90.13    -6.70    -9999
TERREADELI 000715 300  231000-231500   00      76.27  755.2     88.53    -8.40    -9999
TERREADELI 000715 300  231500-232000   00      75.93  755.2     88.20    -8.70    -9999
TERREADELI 000715 300  232000-232500   00      76.73  755.2     89.13    -7.80    -9999
TERREADELI 000715 300  232500-233000   00      75.73  755.1     87.87    -9.10    -9999
TERREADELI 000715 300  233000-233500   00      77.53  755.1     89.93    -7.00    -9999
TERREADELI 000715 300  233500-234000   00      76.20  755.1     88.40    -8.50    -9999
TERREADELI 000715 300  234000-234500   00      75.93  755.1     88.07    -8.90    -9999
TERREADELI 000715 300  234500-235000   00      76.33  755.1     88.47    -8.50    -9999
TERREADELI 000715 300  235000-235500   00      76.93  754.9     89.07    -7.80    -9999
TERREADELI 000715 300  235500-240000   00      76.47  755.0     88.60    -8.30    -9999
*
*             	
COMMENT    DATA VERIFIED BY Pierre LANTOS	
COMMENT    E-MAIL:pierre.lantos@obspm.fr	
COMMENT    PARIS-MEUDON OBSERVATORY.	
COMMENT    PRE-INCREASE COUNT RATE VERIFIED AND CORRECTED (I.USOSKIN)	
COMMENT UNIVERISTY OF OULU: FILE GENERATED FROM DATABASE AND OBTAINED FROM
COMMENT https://gle.oulu.fi at 2022-05-13 14:50:50 +00:00
COMMENT FOR HISTORICAL/ORIGINAL TEXT FILES SEE https://gle.oulu.fi/txtarchive/
COMMENT ORIGINAL AT https://gle.oulu.fi/txtarchive/GLE59/C059TERA_cor.DAT
COMMENT DETRENDED DATA SHOW -9999 IF EQUAL TO INC% COLUMN 