NORILSK    LATITUDE    69.26     LONGITUDE     88.05     ALTITUDE    0 M
NORILSK    INSTRUMENT   18NM64    NEUTRON MONITOR     	
NORILSK    STANDARD PRESSURE    1017.1  MB     COEFFICIENT   -0.71     % / MB
NORILSK    PRE-INCREASE BASELINE TIME INTERVAL    010415    120000-130000   UT
NORILSK    PRE-INCREASE AVERAGE COUNTING RATE     97.66      COUNTS PER SECOND
NORILSK    TIME INTERVALS    300         3600     
NORILSK    SCALE FACTORS     1           1        
STATION    YYMMDD  SEC   TIME (UT)   CODE    UNCORR. PRESS.    CORR.    % INC.	DETRENDED
                         INTERVAL    TD      C/S     (MB)      C/S
NORILSK    010414 3600 000000-010000   00      96.19 1014.1     94.16    -3.60    -9999
NORILSK    010414 3600 010000-020000   00      96.85 1014.0     94.74    -3.00    -9999
NORILSK    010414 3600 020000-030000   00      96.76 1014.1     94.72    -3.00    -9999
NORILSK    010414 3600 030000-040000   00      96.59 1014.4     94.76    -3.00    -9999
NORILSK    010414 3600 040000-050000   00      96.94 1014.6     95.23    -2.50    -9999
NORILSK    010414 3600 050000-060000   00      97.15 1014.8     95.58    -2.10    -9999
NORILSK    010414 3600 060000-070000   00      97.36 1015.1     95.99    -1.70    -9999
NORILSK    010414 3600 070000-080000   00      97.00 1015.4     95.84    -1.90    -9999
NORILSK    010414 3600 080000-090000   00      96.79 1015.8     95.90    -1.80    -9999
NORILSK    010414 3600 090000-100000   00      96.36 1016.1     95.68    -2.00    -9999
NORILSK    010414 3600 100000-110000   00      96.20 1016.3     95.66    -2.00    -9999
NORILSK    010414 3600 110000-120000   00      96.07 1016.4     95.59    -2.10    -9999
NORILSK    010414 3600 120000-130000   00      96.26 1016.4     95.78    -1.90    -9999
NORILSK    010414 3600 130000-140000   00      96.28 1016.3     95.73    -2.00    -9999
NORILSK    010414 3600 140000-150000   00      95.82 1016.1     95.14    -2.60    -9999
NORILSK    010414 3600 150000-160000   00      95.62 1016.1     94.94    -2.80    -9999
NORILSK    010414 3600 160000-170000   00      95.47 1016.4     94.99    -2.70    -9999
NORILSK    010414 3600 170000-180000   00      95.34 1016.6     95.00    -2.70    -9999
NORILSK    010414 3600 180000-190000   00      91.90 1016.8     91.70    -6.10    -9999
NORILSK    010414 3600 190000-200000   00      94.72 1017.0     94.66    -3.10    -9999
NORILSK    010414 3600 200000-210000   00      94.59 1017.4     94.79    -2.90    -9999
NORILSK    010414 3600 210000-220000   00      95.05 1017.6     95.39    -2.30    -9999
NORILSK    010414 3600 220000-230000   00      95.26 1017.7     95.67    -2.00    -9999
NORILSK    010414 3600 230000-240000   00      94.75 1018.0     95.36    -2.40    -9999
NORILSK    010415 3600 000000-010000   00      95.79 1017.9     96.34    -1.30    -9999
NORILSK    010415 3600 010000-020000   00      95.84 1017.8     96.31    -1.40    -9999
NORILSK    010415 3600 020000-030000   00      96.42 1018.0     97.04    -0.60    -9999
NORILSK    010415 3600 030000-040000   00      95.94 1018.2     96.70    -1.00    -9999
NORILSK    010415 3600 040000-050000   00      96.21 1018.3     97.03    -0.60    -9999
NORILSK    010415 3600 050000-060000   00      95.88 1018.3     96.70    -1.00    -9999
NORILSK    010415 3600 060000-070000   00      95.48 1018.4     96.36    -1.30    -9999
NORILSK    010415 3600 070000-080000   00      96.74 1018.4     97.64     0.00    -9999
NORILSK    010415 3600 080000-090000   00      96.78 1018.4     97.67     0.00    -9999
NORILSK    010415 300  090000-090500   00      97.91 1018.4     98.83     1.20    -9999
NORILSK    010415 300  090500-091000   00      98.33 1018.4     99.26     1.60    -9999
NORILSK    010415 300  091000-091500   00      96.84 1018.4     97.76     0.10    -9999
NORILSK    010415 300  091500-092000   00      98.18 1018.4     99.11     1.50    -9999
NORILSK    010415 300  092000-092500   00      97.86 1018.4     98.78     1.20    -9999
NORILSK    010415 300  092500-093000   00      96.62 1018.4     97.52    -0.10    -9999
NORILSK    010415 300  093000-093500   00      95.63 1018.4     96.52    -1.10    -9999
NORILSK    010415 300  093500-094000   00      98.29 1018.4     99.20     1.60    -9999
NORILSK    010415 300  094000-094500   00      96.50 1018.4     97.38    -0.30    -9999
NORILSK    010415 300  094500-095000   00      97.35 1018.4     98.23     0.60    -9999
NORILSK    010415 300  095000-095500   00      96.22 1018.4     97.08    -0.60    -9999
NORILSK    010415 300  095500-100000   00      98.02 1018.3     98.89     1.20    -9999
NORILSK    010415 300  100000-100500   00      96.00 1018.3     96.85    -0.80    -9999
NORILSK    010415 300  100500-101000   00      97.04 1018.3     97.88     0.20    -9999
NORILSK    010415 300  101000-101500   00      95.63 1018.3     96.44    -1.20    -9999
NORILSK    010415 300  101500-102000   00      95.71 1018.3     96.52    -1.10    -9999
NORILSK    010415 300  102000-102500   00      97.56 1018.3     98.37     0.70    -9999
NORILSK    010415 300  102500-103000   00      97.49 1018.2     98.28     0.60    -9999
NORILSK    010415 300  103000-103500   00      97.34 1018.2     98.10     0.50    -9999
NORILSK    010415 300  103500-104000   00      99.05 1018.2     99.81     2.20    -9999
NORILSK    010415 300  104000-104500   00      95.64 1018.1     96.34    -1.30    -9999
NORILSK    010415 300  104500-105000   00      97.08 1018.1     97.78     0.10    -9999
NORILSK    010415 300  105000-105500   00      98.40 1018.1     99.07     1.40    -9999
NORILSK    010415 300  105500-110000   00      97.41 1018.0     98.05     0.40    -9999
NORILSK    010415 300  110000-110500   00      96.71 1018.0     97.30    -0.40    -9999
NORILSK    010415 300  110500-111000   00      97.56 1017.9     98.12     0.50    -9999
NORILSK    010415 300  111000-111500   00      96.42 1017.9     96.95    -0.70    -9999
NORILSK    010415 300  111500-112000   00      98.06 1017.8     98.57     0.90    -9999
NORILSK    010415 300  112000-112500   00      97.74 1017.8     98.21     0.60    -9999
NORILSK    010415 300  112500-113000   00      96.12 1017.7     96.56    -1.10    -9999
NORILSK    010415 300  113000-113500   00      97.57 1017.7     97.98     0.30    -9999
NORILSK    010415 300  113500-114000   00      98.09 1017.6     98.47     0.80    -9999
NORILSK    010415 300  114000-114500   00      96.89 1017.6     97.24    -0.40    -9999
NORILSK    010415 300  114500-115000   00      98.32 1017.6     98.64     1.00    -9999
NORILSK    010415 300  115000-115500   00      96.16 1017.5     96.44    -1.20    -9999
NORILSK    010415 300  115500-120000   00      98.08 1017.5     98.33     0.70    -9999
NORILSK    010415 300  120000-120500   00      97.64 1017.4     97.84     0.20    -9999
NORILSK    010415 300  120500-121000   00      98.47 1017.3     98.64     1.00    -9999
NORILSK    010415 300  121000-121500   00      99.02 1017.3     99.15     1.50    -9999
NORILSK    010415 300  121500-122000   00      96.05 1017.2     96.14    -1.60    -9999
NORILSK    010415 300  122000-122500   00      96.91 1017.2     96.96    -0.70    -9999
NORILSK    010415 300  122500-123000   00      99.20 1017.1     99.23     1.60    -9999
NORILSK    010415 300  123000-123500   00      98.07 1017.1     98.06     0.40    -9999
NORILSK    010415 300  123500-124000   00      98.01 1017.0     97.97     0.30    -9999
NORILSK    010415 300  124000-124500   00      96.97 1017.0     96.90    -0.80    -9999
NORILSK    010415 300  124500-125000   00      96.66 1017.0     96.57    -1.10    -9999
NORILSK    010415 300  125000-125500   00      97.93 1016.9     97.81     0.20    -9999
NORILSK    010415 300  125500-130000   00      96.97 1016.9     96.82    -0.90    -9999
NORILSK    010415 300  130000-130500   00      97.08 1016.8     96.90    -0.80    -1.06
NORILSK    010415 300  130500-131000   00      98.13 1016.8     97.92     0.30     0.02
NORILSK    010415 300  131000-131500   00      97.94 1016.8     97.71     0.10    -0.19
NORILSK    010415 300  131500-132000   00      96.83 1016.7     96.57    -1.10    -1.41
NORILSK    010415 300  132000-132500   00      98.44 1016.7     98.14     0.50     0.17
NORILSK    010415 300  132500-133000   00      98.38 1016.6     98.06     0.40     0.06
NORILSK    010415 300  133000-133500   00      96.56 1016.6     96.21    -1.50    -1.86
NORILSK    010415 300  133500-134000   00      98.86 1016.6     98.48     0.80     0.42
NORILSK    010415 300  134000-134500   00      99.15 1016.5     98.74     1.10     0.71
NORILSK    010415 300  134500-135000   00      96.06 1016.5     95.63    -2.10    -2.51
NORILSK    010415 300  135000-135500   00      96.70 1016.4     96.24    -1.50    -1.93
NORILSK    010415 300  135500-140000   00      97.65 1016.4     97.16    -0.50    -0.94
NORILSK    010415 300  140000-140500   00      98.74 1016.4     98.22     0.60     0.14
NORILSK    010415 300  140500-141000   00      98.71 1016.3     98.16     0.50     0.03
NORILSK    010415 300  141000-141500   00     103.45 1016.3    102.84     5.30     4.81
NORILSK    010415 300  141500-142000   00     111.42 1016.2    110.73    13.40    12.89
NORILSK    010415 300  142000-142500   00     115.47 1016.2    114.72    17.50    16.98
NORILSK    010415 300  142500-143000   00     118.88 1016.1    118.07    20.90    20.36
NORILSK    010415 300  143000-143500   00     123.12 1016.1    122.25    25.20    24.64
NORILSK    010415 300  143500-144000   00     125.97 1016.0    125.04    28.00    27.43
NORILSK    010415 300  144000-144500   00     127.74 1016.0    126.75    29.80    29.21
NORILSK    010415 300  144500-145000   00     128.85 1016.0    127.81    30.90    30.30
NORILSK    010415 300  145000-145500   00     130.26 1015.9    129.16    32.20    31.58
NORILSK    010415 300  145500-150000   00     130.41 1015.9    129.26    32.40    31.76
NORILSK    010415 300  150000-150500   00     131.29 1015.8    130.07    33.20    32.55
NORILSK    010415 300  150500-151000   00     130.98 1015.7    129.71    32.80    32.13
NORILSK    010415 300  151000-151500   00     132.23 1015.7    130.91    34.10    33.41
NORILSK    010415 300  151500-152000   00     130.50 1015.6    129.15    32.20    31.50
NORILSK    010415 300  152000-152500   00     127.90 1015.6    126.53    29.60    28.88
NORILSK    010415 300  152500-153000   00     127.61 1015.5    126.20    29.20    28.47
NORILSK    010415 300  153000-153500   00     126.40 1015.5    124.96    28.00    27.25
NORILSK    010415 300  153500-154000   00     125.70 1015.5    124.24    27.20    26.43
NORILSK    010415 300  154000-154500   00     122.76 1015.4    121.30    24.20    23.42
NORILSK    010415 300  154500-155000   00     122.05 1015.4    120.55    23.40    22.60
NORILSK    010415 300  155000-155500   00     122.38 1015.3    120.84    23.80    22.99
NORILSK    010415 300  155500-160000   00     119.79 1015.3    118.26    21.10    20.27
NORILSK    010415 300  160000-160500   00     118.33 1015.2    116.79    19.60    18.76
NORILSK    010415 300  160500-161000   00     117.30 1015.2    115.74    18.50    17.64
NORILSK    010415 300  161000-161500   00     116.73 1015.2    115.14    17.90    17.02
NORILSK    010415 300  161500-162000   00     115.95 1015.1    114.33    17.10    16.21
NORILSK    010415 300  162000-162500   00     114.88 1015.1    113.25    15.90    14.99
NORILSK    010415 300  162500-163000   00     115.61 1015.0    113.93    16.60    15.68
NORILSK    010415 300  163000-163500   00     115.46 1015.0    113.75    16.50    15.56
NORILSK    010415 300  163500-164000   00     116.39 1015.0    114.63    17.40    16.44
NORILSK    010415 300  164000-164500   00     115.94 1014.9    114.15    16.90    15.93
NORILSK    010415 300  164500-165000   00     114.08 1014.9    112.29    15.00    14.01
NORILSK    010415 300  165000-165500   00     114.38 1014.8    112.55    15.30    14.30
NORILSK    010415 300  165500-170000   00     111.11 1014.8    109.30    11.90    10.88
NORILSK    010415 300  170000-170500   00     111.41 1014.8    109.61    12.30    11.27
NORILSK    010415 300  170500-171000   00     112.30 1014.8    110.45    13.10    12.05
NORILSK    010415 300  171000-171500   00     113.64 1014.7    111.73    14.40    13.34
NORILSK    010415 300  171500-172000   00     111.41 1014.7    109.50    12.10    11.02
NORILSK    010415 300  172000-172500   00     111.08 1014.6    109.14    11.80    10.70
NORILSK    010415 300  172500-173000   00     108.63 1014.6    106.68     9.20     8.09
NORILSK    010415 300  173000-173500   00     108.99 1014.5    106.99     9.60     8.47
NORILSK    010415 300  173500-174000   00     107.25 1014.4    105.24     7.70     6.56
NORILSK    010415 300  174000-174500   00     109.18 1014.4    107.08     9.70     8.54
NORILSK    010415 300  174500-175000   00     109.23 1014.3    107.08     9.70     8.53
NORILSK    010415 300  175000-175500   00     108.06 1014.2    105.87     8.40     7.21
NORILSK    010415 300  175500-180000   00     107.57 1014.1    105.33     7.80     6.60
NORILSK    010415 300  180000-180500   00     106.34 1013.9    103.98     6.50     5.28
NORILSK    010415 300  180500-181000   00     107.40 1013.9    104.95     7.50     6.27
NORILSK    010415 300  181000-181500   00     107.65 1013.8    105.14     7.60     6.35
NORILSK    010415 300  181500-182000   00     107.48 1013.7    104.92     7.40     6.14
NORILSK    010415 300  182000-182500   00     106.45 1013.6    103.86     6.30     5.02
NORILSK    010415 300  182500-183000   00     107.08 1013.6    104.43     6.90     5.61
NORILSK    010415 300  183000-183500   00     106.84 1013.5    104.14     6.70     5.39
NORILSK    010415 300  183500-184000   00     106.24 1013.4    103.50     6.00     4.67
NORILSK    010415 300  184000-184500   00     106.51 1013.4    103.72     6.20     4.86
NORILSK    010415 300  184500-185000   00     108.96 1013.3    106.06     8.60     7.24
NORILSK    010415 300  185000-185500   00     105.66 1013.3    102.81     5.30     3.93
NORILSK    010415 300  185500-190000   00     104.89 1013.2    102.02     4.50     3.11
NORILSK    010415 300  190000-190500   00     105.73 1013.2    102.84     5.30     3.90
NORILSK    010415 300  190500-191000   00     106.00 1013.1    103.06     5.50     4.08
NORILSK    010415 300  191000-191500   00     104.77 1013.1    101.83     4.30     2.87
NORILSK    010415 300  191500-192000   00     104.56 1013.0    101.59     4.00     2.55
NORILSK    010415 300  192000-192500   00     104.80 1013.0    101.79     4.20     2.74
NORILSK    010415 300  192500-193000   00     104.07 1012.9    101.05     3.50     2.02
NORILSK    010415 300  193000-193500   00     104.45 1012.9    101.38     3.80     2.31
NORILSK    010415 300  193500-194000   00     104.06 1012.8    100.96     3.40     1.89
NORILSK    010415 300  194000-194500   00     105.39 1012.8    102.22     4.70     3.18
NORILSK    010415 300  194500-195000   00     106.49 1012.7    103.24     5.70     4.16
NORILSK    010415 300  195000-195500   00     105.32 1012.7    102.08     4.50     2.95
NORILSK    010415 300  195500-200000   00     105.58 1012.6    102.29     4.80     3.24
NORILSK    010415 300  200000-200500   00     105.05 1012.6    101.75     4.20     2.62
NORILSK    010415 300  200500-201000   00     103.88 1012.6    100.58     3.00     1.41
NORILSK    010415 300  201000-201500   00     107.00 1012.5    103.56     6.00     4.39
NORILSK    010415 300  201500-202000   00     105.22 1012.5    101.80     4.20     2.58
NORILSK    010415 300  202000-202500   00     104.98 1012.4    101.54     4.00     2.36
NORILSK    010415 300  202500-203000   00     104.00 1012.3    100.55     3.00     1.35
NORILSK    010415 300  203000-203500   00     103.58 1012.3    100.11     2.50     0.83
NORILSK    010415 300  203500-204000   00     105.02 1012.2    101.46     3.90     2.22
NORILSK    010415 300  204000-204500   00     102.72 1012.2     99.19     1.60    -0.10
NORILSK    010415 300  204500-205000   00     103.66 1012.1    100.06     2.50     0.79
NORILSK    010415 300  205000-205500   00     103.77 1012.1    100.13     2.50     0.77
NORILSK    010415 300  205500-210000   00     104.34 1012.0    100.64     3.00     1.26
NORILSK    010415 300  210000-210500   00     105.36 1012.0    101.58     4.00     2.25
NORILSK    010415 300  210500-211000   00     102.34 1011.9     98.62     1.00    -0.77
NORILSK    010415 300  211000-211500   00     103.80 1011.8     99.99     2.40     0.62
NORILSK    010415 300  211500-212000   00     104.63 1011.8    100.75     3.20     1.40
NORILSK    010415 300  212000-212500   00     103.66 1011.7     99.78     2.20     0.39
NORILSK    010415 300  212500-213000   00     105.31 1011.7    101.32     3.80     1.97
NORILSK    010415 300  213000-213500   00     105.21 1011.6    101.17     3.60     1.76
NORILSK    010415 300  213500-214000   00     105.54 1011.5    101.45     3.90     2.04
NORILSK    010415 300  214000-214500   00     106.42 1011.5    102.25     4.70     2.83
NORILSK    010415 300  214500-215000   00     105.40 1011.4    101.22     3.70     1.82
NORILSK    010415 300  215000-215500   00     105.18 1011.3    100.96     3.40     1.50
NORILSK    010415 300  215500-220000   00     104.68 1011.3    100.44     2.90     0.99
NORILSK    010415 300  220000-220500   00     106.77 1011.2    102.37     4.80     2.87
NORILSK    010415 300  220500-221000   00     102.21 1011.1     97.95     0.30    -1.64
NORILSK    010415 300  221000-221500   00     103.78 1011.0     99.42     1.80    -0.16
NORILSK    010415 300  221500-222000   00     103.33 1011.0     98.94     1.30    -0.67
NORILSK    010415 300  222000-222500   00     105.77 1010.9    101.23     3.70     1.72
NORILSK    010415 300  222500-223000   00     104.77 1010.9    100.23     2.60     0.60
NORILSK    010415 300  223000-223500   00     105.17 1010.8    100.56     3.00     0.99
NORILSK    010415 300  223500-224000   00     105.69 1010.7    101.01     3.50     1.47
NORILSK    010415 300  224000-224500   00     105.73 1010.7    101.01     3.40     1.36
NORILSK    010415 300  224500-225000   00     105.09 1010.6    100.36     2.80     0.75
NORILSK    010415 300  225000-225500   00     105.27 1010.5    100.49     2.90     0.83
NORILSK    010415 300  225500-230000   00     104.40 1010.5     99.61     2.00    -0.08
NORILSK    010415 300  230000-230500   00     105.67 1010.4    100.79     3.20     1.10
NORILSK    010415 300  230500-231000   00     104.31 1010.4     99.46     1.80    -9999
NORILSK    010415 300  231000-231500   00     105.47 1010.3    100.52     2.90    -9999
NORILSK    010415 300  231500-232000   00     105.31 1010.3    100.32     2.70    -9999
NORILSK    010415 300  232000-232500   00     105.97 1010.2    100.91     3.30    -9999
NORILSK    010415 300  232500-233000   00     103.81 1010.2     98.81     1.20    -9999
NORILSK    010415 300  233000-233500   00     104.76 1010.1     99.68     2.10    -9999
NORILSK    010415 300  233500-234000   00     105.82 1010.0    100.64     3.10    -9999
NORILSK    010415 300  234000-234500   00     103.87 1010.0     98.75     1.10    -9999
NORILSK    010415 300  234500-235000   00     106.90 1009.9    101.59     4.00    -9999
NORILSK    010415 300  235000-235500   00     103.10 1009.9     97.94     0.30    -9999
NORILSK    010415 300  235500-240000   00     106.12 1009.8    100.76     3.20    -9999
NORILSK    010416 3600 000000-010000   00     105.22 1009.4     99.62     2.00    -9999
NORILSK    010416 3600 010000-020000   00     106.54 1008.6    100.30     2.70    -9999
NORILSK    010416 3600 020000-030000   00     106.87 1008.0    100.19     2.60    -9999
NORILSK    010416 3600 030000-040000   00     107.26 1007.7    100.34     2.70    -9999
NORILSK    010416 3600 040000-050000   00     107.60 1007.3    100.37     2.80    -9999
NORILSK    010416 3600 050000-060000   00     107.71 1007.0    100.25     2.70    -9999
NORILSK    010416 3600 060000-070000   00     107.49 1006.6     99.77     2.20    -9999
NORILSK    010416 3600 070000-080000   00     107.64 1006.6     99.91     2.30    -9999
NORILSK    010416 3600 080000-090000   00     107.38 1006.8     99.80     2.20    -9999
NORILSK    010416 3600 090000-100000   00     107.38 1007.1    100.02     2.40    -9999
NORILSK    010416 3600 100000-110000   00     107.90 1007.4    100.72     3.10    -9999
NORILSK    010416 3600 110000-120000   00     106.90 1007.5     99.85     2.20    -9999
NORILSK    010416 3600 120000-130000   00     106.77 1007.6     99.81     2.20    -9999
NORILSK    010416 3600 130000-140000   00     106.79 1007.5     99.76     2.20    -9999
NORILSK    010416 3600 140000-150000   00     105.66 1007.4     98.63     1.00    -9999
NORILSK    010416 3600 150000-160000   00     105.66 1007.3     98.56     0.90    -9999
NORILSK    010416 3600 160000-170000   00     104.94 1007.6     98.09     0.40    -9999
NORILSK    010416 3600 170000-180000   00     104.98 1007.8     98.28     0.60    -9999
NORILSK    010416 3600 180000-190000   00     104.75 1007.9     98.13     0.50    -9999
NORILSK    010416 3600 190000-200000   00     105.07 1008.2     98.63     1.00    -9999
NORILSK    010416 3600 200000-210000   00     105.03 1008.2     98.60     1.00    -9999
NORILSK    010416 3600 210000-220000   00     105.12 1008.4     98.82     1.20    -9999
NORILSK    010416 3600 220000-230000   00     105.01 1008.5     98.79     1.20    -9999
NORILSK    010416 3600 230000-240000   00     104.98 1008.7     98.90     1.30    -9999
*
*	
COMMENT UNIVERISTY OF OULU: FILE GENERATED FROM DATABASE AND OBTAINED FROM
COMMENT https://gle.oulu.fi at 2023-04-05 10:02:56 +00:00
COMMENT FOR HISTORICAL/ORIGINAL TEXT FILES SEE https://gle.oulu.fi/txtarchive/
COMMENT ORIGINAL AT https://gle.oulu.fi/txtarchive/GLE60/C060NRLK_cor.DAT
COMMENT DETRENDED DATA SHOW -9999 IF EQUAL TO INC% COLUMN 