JUNGFRAU2  LATITUDE    46.55     LONGITUDE     7.98      ALTITUDE    3475 M
JUNGFRAU2  INSTRUMENT   3-NM-64  NEUTRON MONITOR	
JUNGFRAU2  STANDARD PRESSURE    482     MMHG   COEFFICIENT   -0.96     % / MMHG
JUNGFRAU2  PRE-INCREASE BASELINE TIME INTERVAL    010415    120000-130000   UT
JUNGFRAU2  PRE-INCREASE AVERAGE COUNTING RATE    309.66      COUNTS PER SECOND
JUNGFRAU2  TIME INTERVALS    60          3600     
JUNGFRAU2  SCALE FACTORS     1           1        
STATION    YYMMDD  SEC   TIME (UT)   CODE    UNCORR. PRESS.    CORR.    % INC.	DETRENDED
                         INTERVAL    TD      C/S    (MMHG)     C/S
JUNGFRAU2  010414 3600 000000-010000   30     271.40  491.6    297.64    -3.90    -9999
JUNGFRAU2  010414 3600 010000-020000   30     273.78  491.1    298.67    -3.60    -9999
JUNGFRAU2  010414 3600 020000-030000   30     275.08  490.7    298.94    -3.50    -9999
JUNGFRAU2  010414 3600 030000-040000   30     275.68  490.5    299.10    -3.40    -9999
JUNGFRAU2  010414 3600 040000-050000   30     277.66  490.5    301.18    -2.70    -9999
JUNGFRAU2  010414 3600 050000-060000   30     279.02  490.5    302.64    -2.30    -9999
JUNGFRAU2  010414 3600 060000-070000   30     278.39  490.6    302.46    -2.30    -9999
JUNGFRAU2  010414 3600 070000-080000   30     277.68  490.8    302.29    -2.40    -9999
JUNGFRAU2  010414 3600 080000-090000   30     277.01  491.2    302.70    -2.20    -9999
JUNGFRAU2  010414 3600 090000-100000   30     277.30  491.5    303.78    -1.90    -9999
JUNGFRAU2  010414 3600 100000-110000   30     276.35  491.9    303.79    -1.90    -9999
JUNGFRAU2  010414 3600 110000-120000   30     275.64  492.2    303.90    -1.90    -9999
JUNGFRAU2  010414 3600 120000-130000   30     273.05  492.5    302.10    -2.40    -9999
JUNGFRAU2  010414 3600 130000-140000   30     273.39  492.9    303.43    -2.00    -9999
JUNGFRAU2  010414 3600 140000-150000   30     273.35  493.0    303.89    -1.90    -9999
JUNGFRAU2  010414 3600 150000-160000   30     274.20  493.2    305.23    -1.40    -9999
JUNGFRAU2  010414 3600 160000-170000   30     273.45  493.3    304.89    -1.50    -9999
JUNGFRAU2  010414 3600 170000-180000   30     271.72  493.4    303.26    -2.10    -9999
JUNGFRAU2  010414 3600 180000-190000   30     269.35  493.6    300.91    -2.80    -9999
JUNGFRAU2  010414 3600 190000-200000   30     267.22  493.8    299.14    -3.40    -9999
JUNGFRAU2  010414 3600 200000-210000   30     267.53  493.9    299.92    -3.10    -9999
JUNGFRAU2  010414 3600 210000-220000   30     268.01  493.8    300.23    -3.00    -9999
JUNGFRAU2  010414 3600 220000-230000   30     269.70  493.5    301.23    -2.70    -9999
JUNGFRAU2  010414 3600 230000-240000   30     269.83  492.9    299.57    -3.30    -9999
JUNGFRAU2  010415 3600 000000-010000   30     270.28  492.7    299.55    -3.30    -9999
JUNGFRAU2  010415 3600 010000-020000   30     271.04  492.6    300.13    -3.10    -9999
JUNGFRAU2  010415 3600 020000-030000   30     272.44  492.3    300.62    -2.90    -9999
JUNGFRAU2  010415 3600 030000-040000   30     274.33  492.0    301.98    -2.50    -9999
JUNGFRAU2  010415 3600 040000-050000   30     274.43  492.0    301.95    -2.50    -9999
JUNGFRAU2  010415 3600 050000-060000   30     274.85  491.9    302.37    -2.40    -9999
JUNGFRAU2  010415 3600 060000-070000   30     274.94  492.0    302.69    -2.30    -9999
JUNGFRAU2  010415 3600 070000-080000   30     276.80  492.0    304.59    -1.60    -9999
JUNGFRAU2  010415 3600 080000-090000   30     279.23  491.5    306.01    -1.20    -9999
JUNGFRAU2  010415 60   090000-090100   30     277.05  491.4    303.22    -2.10    -9999
JUNGFRAU2  010415 60   090100-090200   30     275.92  491.1    301.10    -2.80    -9999
JUNGFRAU2  010415 60   090200-090300   30     282.07  491.9    310.18     0.20    -9999
JUNGFRAU2  010415 60   090300-090400   30     283.00  491.4    309.73     0.00    -9999
JUNGFRAU2  010415 60   090400-090500   30     273.57  491.9    300.83    -2.90    -9999
JUNGFRAU2  010415 60   090500-090600   30     279.65  491.7    306.95    -0.90    -9999
JUNGFRAU2  010415 60   090600-090700   30     272.90  492.2    300.97    -2.80    -9999
JUNGFRAU2  010415 60   090700-090800   30     280.73  491.9    308.72    -0.30    -9999
JUNGFRAU2  010415 60   090800-090900   30     283.92  491.7    311.63     0.60    -9999
JUNGFRAU2  010415 60   090900-091000   30     274.78  491.6    301.30    -2.70    -9999
JUNGFRAU2  010415 60   091000-091100   30     281.77  491.3    308.08    -0.50    -9999
JUNGFRAU2  010415 60   091100-091200   30     277.08  491.5    303.55    -2.00    -9999
JUNGFRAU2  010415 60   091200-091300   30     275.83  491.7    302.77    -2.20    -9999
JUNGFRAU2  010415 60   091300-091400   30     283.07  492.0    311.60     0.60    -9999
JUNGFRAU2  010415 60   091400-091500   30     278.25  491.9    306.00    -1.20    -9999
JUNGFRAU2  010415 60   091500-091600   30     285.65  492.0    314.43     1.50    -9999
JUNGFRAU2  010415 60   091600-091700   30     283.58  491.5    310.67     0.30    -9999
JUNGFRAU2  010415 60   091700-091800   30     277.52  491.6    304.30    -1.70    -9999
JUNGFRAU2  010415 60   091800-091900   30     273.02  491.8    299.95    -3.10    -9999
JUNGFRAU2  010415 60   091900-092000   30     282.23  491.7    309.77     0.00    -9999
JUNGFRAU2  010415 60   092000-092100   30     276.62  491.4    302.73    -2.20    -9999
JUNGFRAU2  010415 60   092100-092200   30     280.43  491.7    307.80    -0.60    -9999
JUNGFRAU2  010415 60   092200-092300   30     279.55  492.4    308.90    -0.20    -9999
JUNGFRAU2  010415 60   092300-092400   30     280.22  491.4    306.68    -1.00    -9999
JUNGFRAU2  010415 60   092400-092500   30     276.52  491.6    303.22    -2.10    -9999
JUNGFRAU2  010415 60   092500-092600   30     277.20  491.9    304.83    -1.60    -9999
JUNGFRAU2  010415 60   092600-092700   30     278.67  491.7    305.85    -1.20    -9999
JUNGFRAU2  010415 60   092700-092800   30     278.97  491.8    306.48    -1.00    -9999
JUNGFRAU2  010415 60   092800-092900   30     280.85  492.0    309.13    -0.20    -9999
JUNGFRAU2  010415 60   092900-093000   30     285.12  492.1    314.13     1.40    -9999
JUNGFRAU2  010415 60   093000-093100   30     279.58  492.1    308.05    -0.50    -9999
JUNGFRAU2  010415 60   093100-093200   30     276.58  492.2    305.03    -1.50    -9999
JUNGFRAU2  010415 60   093200-093300   30     280.20  492.0    308.43    -0.40    -9999
JUNGFRAU2  010415 60   093300-093400   30     277.07  492.3    305.87    -1.20    -9999
JUNGFRAU2  010415 60   093400-093500   30     277.95  492.3    306.83    -0.90    -9999
JUNGFRAU2  010415 60   093500-093600   30     274.43  492.3    302.97    -2.20    -9999
JUNGFRAU2  010415 60   093600-093700   30     278.92  492.3    307.92    -0.60    -9999
JUNGFRAU2  010415 60   093700-093800   30     278.67  492.3    307.63    -0.70    -9999
JUNGFRAU2  010415 60   093800-093900   30     277.93  492.2    306.53    -1.00    -9999
JUNGFRAU2  010415 60   093900-094000   30     281.60  492.0    309.97     0.10    -9999
JUNGFRAU2  010415 60   094000-094100   30     279.35  492.2    308.08    -0.50    -9999
JUNGFRAU2  010415 60   094100-094200   30     281.10  491.7    308.53    -0.40    -9999
JUNGFRAU2  010415 60   094200-094300   30     284.45  492.2    313.70     1.30    -9999
JUNGFRAU2  010415 60   094300-094400   30     276.02  492.3    304.72    -1.60    -9999
JUNGFRAU2  010415 60   094400-094500   30     278.18  492.1    306.52    -1.00    -9999
JUNGFRAU2  010415 60   094500-094600   30     277.03  492.0    304.95    -1.50    -9999
JUNGFRAU2  010415 60   094600-094700   30     285.65  491.8    313.82     1.30    -9999
JUNGFRAU2  010415 60   094700-094800   30     279.37  492.2    308.12    -0.50    -9999
JUNGFRAU2  010415 60   094800-094900   30     280.82  492.0    309.10    -0.20    -9999
JUNGFRAU2  010415 60   094900-095000   30     277.78  492.4    306.95    -0.90    -9999
JUNGFRAU2  010415 60   095000-095100   30     280.05  492.3    309.17    -0.20    -9999
JUNGFRAU2  010415 60   095100-095200   30     279.37  492.3    308.40    -0.40    -9999
JUNGFRAU2  010415 60   095200-095300   30     274.63  492.0    302.32    -2.40    -9999
JUNGFRAU2  010415 60   095300-095400   30     280.53  492.0    308.80    -0.30    -9999
JUNGFRAU2  010415 60   095400-095500   30     272.85  491.9    300.05    -3.10    -9999
JUNGFRAU2  010415 60   095500-095600   30     272.80  492.0    300.28    -3.00    -9999
JUNGFRAU2  010415 60   095600-095700   30     283.20  492.0    311.73     0.70    -9999
JUNGFRAU2  010415 60   095700-095800   30     275.43  491.7    302.30    -2.40    -9999
JUNGFRAU2  010415 60   095800-095900   30     284.27  492.1    313.22     1.10    -9999
JUNGFRAU2  010415 60   095900-100000   30     277.62  492.0    305.58    -1.30    -9999
JUNGFRAU2  010415 60   100000-100100   30     277.92  491.8    305.33    -1.40    -9999
JUNGFRAU2  010415 60   100100-100200   30     287.70  492.3    317.62     2.60    -9999
JUNGFRAU2  010415 60   100200-100300   30     280.68  491.9    308.67    -0.30    -9999
JUNGFRAU2  010415 60   100300-100400   30     279.25  491.7    306.50    -1.00    -9999
JUNGFRAU2  010415 60   100400-100500   30     286.42  492.0    315.28     1.80    -9999
JUNGFRAU2  010415 60   100500-100600   30     277.80  492.0    305.80    -1.20    -9999
JUNGFRAU2  010415 60   100600-100700   30     278.85  492.0    306.95    -0.90    -9999
JUNGFRAU2  010415 60   100700-100800   30     278.18  492.3    307.10    -0.80    -9999
JUNGFRAU2  010415 60   100800-100900   30     278.30  492.1    306.63    -1.00    -9999
JUNGFRAU2  010415 60   100900-101000   30     281.80  492.1    310.50     0.30    -9999
JUNGFRAU2  010415 60   101000-101100   30     280.33  492.3    309.47    -0.10    -9999
JUNGFRAU2  010415 60   101100-101200   30     282.15  492.1    310.87     0.40    -9999
JUNGFRAU2  010415 60   101200-101300   30     279.55  492.0    307.72    -0.60    -9999
JUNGFRAU2  010415 60   101300-101400   30     277.10  492.1    305.30    -1.40    -9999
JUNGFRAU2  010415 60   101400-101500   30     283.05  492.3    312.47     0.90    -9999
JUNGFRAU2  010415 60   101500-101600   30     286.67  492.3    316.47     2.20    -9999
JUNGFRAU2  010415 60   101600-101700   30     284.92  492.3    314.53     1.60    -9999
JUNGFRAU2  010415 60   101700-101800   30     287.60  491.9    316.28     2.10    -9999
JUNGFRAU2  010415 60   101800-101900   30     276.25  492.1    304.38    -1.70    -9999
JUNGFRAU2  010415 60   101900-102000   30     274.85  492.1    302.83    -2.20    -9999
JUNGFRAU2  010415 60   102000-102100   30     278.48  492.3    307.43    -0.70    -9999
JUNGFRAU2  010415 60   102100-102200   30     278.30  492.3    307.23    -0.80    -9999
JUNGFRAU2  010415 60   102200-102300   30     287.58  492.1    316.87     2.30    -9999
JUNGFRAU2  010415 60   102300-102400   30     280.47  492.1    309.02    -0.20    -9999
JUNGFRAU2  010415 60   102400-102500   30     275.67  492.3    304.32    -1.70    -9999
JUNGFRAU2  010415 60   102500-102600   30     280.38  492.2    309.23    -0.10    -9999
JUNGFRAU2  010415 60   102600-102700   30     279.03  492.0    307.15    -0.80    -9999
JUNGFRAU2  010415 60   102700-102800   30     275.62  492.0    303.38    -2.00    -9999
JUNGFRAU2  010415 60   102800-102900   30     281.70  492.0    310.08     0.10    -9999
JUNGFRAU2  010415 60   102900-103000   30     279.58  492.0    307.75    -0.60    -9999
JUNGFRAU2  010415 60   103000-103100   30     284.87  492.0    313.57     1.30    -9999
JUNGFRAU2  010415 60   103100-103200   30     278.27  492.0    306.32    -1.10    -9999
JUNGFRAU2  010415 60   103200-103300   30     278.10  491.9    305.83    -1.20    -9999
JUNGFRAU2  010415 60   103300-103400   30     284.68  492.0    313.37     1.20    -9999
JUNGFRAU2  010415 60   103400-103500   30     280.67  491.9    308.65    -0.30    -9999
JUNGFRAU2  010415 60   103500-103600   30     285.75  491.8    313.93     1.40    -9999
JUNGFRAU2  010415 60   103600-103700   30     280.38  492.0    308.63    -0.30    -9999
JUNGFRAU2  010415 60   103700-103800   30     276.68  491.9    304.28    -1.70    -9999
JUNGFRAU2  010415 60   103800-103900   30     276.98  491.5    303.43    -2.00    -9999
JUNGFRAU2  010415 60   103900-104000   30     279.35  492.0    307.48    -0.70    -9999
JUNGFRAU2  010415 60   104000-104100   30     281.55  492.4    311.10     0.50    -9999
JUNGFRAU2  010415 60   104100-104200   30     277.48  491.7    304.55    -1.70    -9999
JUNGFRAU2  010415 60   104200-104300   30     287.27  492.0    316.22     2.10    -9999
JUNGFRAU2  010415 60   104300-104400   30     277.27  492.0    305.22    -1.40    -9999
JUNGFRAU2  010415 60   104400-104500   30     280.58  492.0    308.85    -0.30    -9999
JUNGFRAU2  010415 60   104500-104600   30     276.40  491.4    302.50    -2.30    -9999
JUNGFRAU2  010415 60   104600-104700   30     281.52  491.7    308.98    -0.20    -9999
JUNGFRAU2  010415 60   104700-104800   30     276.93  492.1    305.13    -1.50    -9999
JUNGFRAU2  010415 60   104800-104900   30     280.87  492.0    309.17    -0.20    -9999
JUNGFRAU2  010415 60   104900-105000   30     282.00  492.3    311.32     0.50    -9999
JUNGFRAU2  010415 60   105000-105100   30     285.88  491.7    313.78     1.30    -9999
JUNGFRAU2  010415 60   105100-105200   30     277.80  492.0    305.80    -1.20    -9999
JUNGFRAU2  010415 60   105200-105300   30     279.55  492.2    308.30    -0.40    -9999
JUNGFRAU2  010415 60   105300-105400   30     282.52  492.0    310.98     0.40    -9999
JUNGFRAU2  010415 60   105400-105500   30     278.97  492.0    307.08    -0.80    -9999
JUNGFRAU2  010415 60   105500-105600   30     281.32  492.4    310.85     0.40    -9999
JUNGFRAU2  010415 60   105600-105700   30     276.93  492.0    304.83    -1.60    -9999
JUNGFRAU2  010415 60   105700-105800   30     279.02  491.8    306.55    -1.00    -9999
JUNGFRAU2  010415 60   105800-105900   30     282.85  492.0    311.35     0.50    -9999
JUNGFRAU2  010415 60   105900-110000   30     283.38  491.8    311.33     0.50    -9999
JUNGFRAU2  010415 60   110000-110100   30     284.90  492.1    313.90     1.40    -9999
JUNGFRAU2  010415 60   110100-110200   30     287.98  492.0    317.00     2.40    -9999
JUNGFRAU2  010415 60   110200-110300   30     282.42  491.9    310.58     0.30    -9999
JUNGFRAU2  010415 60   110300-110400   30     280.58  491.6    307.67    -0.60    -9999
JUNGFRAU2  010415 60   110400-110500   30     279.35  492.0    307.48    -0.70    -9999
JUNGFRAU2  010415 60   110500-110600   30     276.58  491.8    303.87    -1.90    -9999
JUNGFRAU2  010415 60   110600-110700   30     282.05  492.0    310.47     0.30    -9999
JUNGFRAU2  010415 60   110700-110800   30     277.63  491.9    305.32    -1.40    -9999
JUNGFRAU2  010415 60   110800-110900   30     279.25  491.8    306.80    -0.90    -9999
JUNGFRAU2  010415 60   110900-111000   30     278.23  492.2    306.85    -0.90    -9999
JUNGFRAU2  010415 60   111000-111100   30     272.27  491.9    299.42    -3.30    -9999
JUNGFRAU2  010415 60   111100-111200   30     278.12  491.6    304.97    -1.50    -9999
JUNGFRAU2  010415 60   111200-111300   30     279.98  491.8    307.60    -0.70    -9999
JUNGFRAU2  010415 60   111300-111400   30     277.17  491.9    304.80    -1.60    -9999
JUNGFRAU2  010415 60   111400-111500   30     281.92  491.9    310.03     0.10    -9999
JUNGFRAU2  010415 60   111500-111600   30     279.90  491.9    307.80    -0.60    -9999
JUNGFRAU2  010415 60   111600-111700   30     281.23  491.9    309.27    -0.10    -9999
JUNGFRAU2  010415 60   111700-111800   30     279.52  492.0    307.68    -0.60    -9999
JUNGFRAU2  010415 60   111800-111900   30     277.97  491.9    305.68    -1.30    -9999
JUNGFRAU2  010415 60   111900-112000   30     279.10  492.0    307.22    -0.80    -9999
JUNGFRAU2  010415 60   112000-112100   30     277.23  491.7    304.30    -1.70    -9999
JUNGFRAU2  010415 60   112100-112200   30     281.88  491.6    309.10    -0.20    -9999
JUNGFRAU2  010415 60   112200-112300   30     278.58  491.6    305.48    -1.30    -9999
JUNGFRAU2  010415 60   112300-112400   30     280.43  491.7    307.80    -0.60    -9999
JUNGFRAU2  010415 60   112400-112500   30     281.10  491.7    308.53    -0.40    -9999
JUNGFRAU2  010415 60   112500-112600   30     289.32  491.8    317.87     2.60    -9999
JUNGFRAU2  010415 60   112600-112700   30     281.43  491.8    309.20    -0.10    -9999
JUNGFRAU2  010415 60   112700-112800   30     275.38  491.7    302.27    -2.40    -9999
JUNGFRAU2  010415 60   112800-112900   30     277.52  491.8    304.88    -1.50    -9999
JUNGFRAU2  010415 60   112900-113000   30     284.80  491.5    311.98     0.70    -9999
JUNGFRAU2  010415 60   113000-113100   30     279.03  491.6    305.97    -1.20    -9999
JUNGFRAU2  010415 60   113100-113200   30     286.30  491.8    314.55     1.60    -9999
JUNGFRAU2  010415 60   113200-113300   30     284.67  492.0    313.35     1.20    -9999
JUNGFRAU2  010415 60   113300-113400   30     275.77  491.5    302.10    -2.40    -9999
JUNGFRAU2  010415 60   113400-113500   30     277.27  491.5    303.75    -1.90    -9999
JUNGFRAU2  010415 60   113500-113600   30     276.73  491.8    304.03    -1.80    -9999
JUNGFRAU2  010415 60   113600-113700   30     281.08  491.7    308.52    -0.40    -9999
JUNGFRAU2  010415 60   113700-113800   30     276.33  491.7    303.30    -2.10    -9999
JUNGFRAU2  010415 60   113800-113900   30     282.18  491.7    309.72     0.00    -9999
JUNGFRAU2  010415 60   113900-114000   30     280.40  491.4    306.88    -0.90    -9999
JUNGFRAU2  010415 60   114000-114100   30     280.15  491.4    306.62    -1.00    -9999
JUNGFRAU2  010415 60   114100-114200   30     281.82  491.9    309.92     0.10    -9999
JUNGFRAU2  010415 60   114200-114300   30     278.27  491.8    305.72    -1.30    -9999
JUNGFRAU2  010415 60   114300-114400   30     275.62  491.7    302.52    -2.30    -9999
JUNGFRAU2  010415 60   114400-114500   30     277.42  492.1    305.67    -1.30    -9999
JUNGFRAU2  010415 60   114500-114600   30     277.58  491.9    305.27    -1.40    -9999
JUNGFRAU2  010415 60   114600-114700   30     277.10  492.0    305.02    -1.50    -9999
JUNGFRAU2  010415 60   114700-114800   30     278.70  491.7    305.90    -1.20    -9999
JUNGFRAU2  010415 60   114800-114900   30     281.38  491.9    309.43    -0.10    -9999
JUNGFRAU2  010415 60   114900-115000   30     280.35  492.0    308.60    -0.30    -9999
JUNGFRAU2  010415 60   115000-115100   30     282.50  492.0    310.97     0.40    -9999
JUNGFRAU2  010415 60   115100-115200   30     273.30  491.6    299.68    -3.20    -9999
JUNGFRAU2  010415 60   115200-115300   30     281.67  491.6    308.85    -0.30    -9999
JUNGFRAU2  010415 60   115300-115400   30     283.63  491.9    311.92     0.70    -9999
JUNGFRAU2  010415 60   115400-115500   30     283.70  491.8    311.68     0.70    -9999
JUNGFRAU2  010415 60   115500-115600   30     277.08  491.9    304.70    -1.60    -9999
JUNGFRAU2  010415 60   115600-115700   30     283.22  491.7    310.85     0.40    -9999
JUNGFRAU2  010415 60   115700-115800   30     279.80  491.9    307.70    -0.60    -9999
JUNGFRAU2  010415 60   115800-115900   30     284.05  491.6    311.47     0.60    -9999
JUNGFRAU2  010415 60   115900-120000   30     281.97  491.6    309.20    -0.10    -9999
JUNGFRAU2  010415 60   120000-120100   30     279.75  491.6    306.77    -0.90    -9999
JUNGFRAU2  010415 60   120100-120200   30     282.50  491.6    309.78     0.00    -9999
JUNGFRAU2  010415 60   120200-120300   30     287.20  491.7    315.22     1.80    -9999
JUNGFRAU2  010415 60   120300-120400   30     274.95  491.6    301.48    -2.60    -9999
JUNGFRAU2  010415 60   120400-120500   30     279.33  491.7    306.60    -1.00    -9999
JUNGFRAU2  010415 60   120500-120600   30     284.30  492.0    312.93     1.10    -9999
JUNGFRAU2  010415 60   120600-120700   30     288.32  491.8    316.77     2.30    -9999
JUNGFRAU2  010415 60   120700-120800   30     276.83  491.9    304.43    -1.70    -9999
JUNGFRAU2  010415 60   120800-120900   30     282.28  491.8    310.13     0.20    -9999
JUNGFRAU2  010415 60   120900-121000   30     278.57  491.7    305.77    -1.30    -9999
JUNGFRAU2  010415 60   121000-121100   30     284.45  491.7    312.22     0.80    -9999
JUNGFRAU2  010415 60   121100-121200   30     283.20  491.7    310.83     0.40    -9999
JUNGFRAU2  010415 60   121200-121300   30     276.73  491.4    302.88    -2.20    -9999
JUNGFRAU2  010415 60   121300-121400   30     280.48  491.9    308.45    -0.40    -9999
JUNGFRAU2  010415 60   121400-121500   30     282.85  491.4    309.57     0.00    -9999
JUNGFRAU2  010415 60   121500-121600   30     286.78  491.7    314.77     1.60    -9999
JUNGFRAU2  010415 60   121600-121700   30     278.93  491.6    305.85    -1.20    -9999
JUNGFRAU2  010415 60   121700-121800   30     285.35  491.6    312.90     1.00    -9999
JUNGFRAU2  010415 60   121800-121900   30     281.60  491.7    309.08    -0.20    -9999
JUNGFRAU2  010415 60   121900-122000   30     280.55  491.7    307.93    -0.60    -9999
JUNGFRAU2  010415 60   122000-122100   30     283.77  491.6    311.15     0.50    -9999
JUNGFRAU2  010415 60   122100-122200   30     276.03  491.5    302.40    -2.30    -9999
JUNGFRAU2  010415 60   122200-122300   30     281.18  491.6    308.33    -0.40    -9999
JUNGFRAU2  010415 60   122300-122400   30     283.63  491.6    311.02     0.40    -9999
JUNGFRAU2  010415 60   122400-122500   30     284.78  491.7    312.58     0.90    -9999
JUNGFRAU2  010415 60   122500-122600   30     277.65  491.3    303.58    -2.00    -9999
JUNGFRAU2  010415 60   122600-122700   30     277.15  491.8    304.50    -1.70    -9999
JUNGFRAU2  010415 60   122700-122800   30     285.62  491.8    313.80     1.30    -9999
JUNGFRAU2  010415 60   122800-122900   30     288.18  491.7    316.32     2.10    -9999
JUNGFRAU2  010415 60   122900-123000   30     284.30  491.9    312.65     1.00    -9999
JUNGFRAU2  010415 60   123000-123100   30     279.33  491.8    306.88    -0.90    -9999
JUNGFRAU2  010415 60   123100-123200   30     279.70  491.8    307.28    -0.80    -9999
JUNGFRAU2  010415 60   123200-123300   30     285.87  491.3    312.57     0.90    -9999
JUNGFRAU2  010415 60   123300-123400   30     282.03  491.9    310.15     0.20    -9999
JUNGFRAU2  010415 60   123400-123500   30     278.33  491.8    305.80    -1.20    -9999
JUNGFRAU2  010415 60   123500-123600   30     278.60  491.9    306.37    -1.10    -9999
JUNGFRAU2  010415 60   123600-123700   30     283.63  491.7    311.30     0.50    -9999
JUNGFRAU2  010415 60   123700-123800   30     285.18  491.7    313.02     1.10    -9999
JUNGFRAU2  010415 60   123800-123900   30     287.68  491.7    315.77     2.00    -9999
JUNGFRAU2  010415 60   123900-124000   30     280.53  491.8    308.20    -0.50    -9999
JUNGFRAU2  010415 60   124000-124100   30     285.23  491.6    312.78     1.00    -9999
JUNGFRAU2  010415 60   124100-124200   30     281.92  491.5    308.83    -0.30    -9999
JUNGFRAU2  010415 60   124200-124300   30     282.43  491.4    309.10    -0.20    -9999
JUNGFRAU2  010415 60   124300-124400   30     286.00  491.7    313.92     1.40    -9999
JUNGFRAU2  010415 60   124400-124500   30     278.15  491.4    304.42    -1.70    -9999
JUNGFRAU2  010415 60   124500-124600   30     279.67  491.6    306.67    -1.00    -9999
JUNGFRAU2  010415 60   124600-124700   30     285.88  491.7    313.78     1.30    -9999
JUNGFRAU2  010415 60   124700-124800   30     285.27  491.8    313.40     1.20    -9999
JUNGFRAU2  010415 60   124800-124900   30     281.48  491.9    309.53     0.00    -9999
JUNGFRAU2  010415 60   124900-125000   30     282.23  491.9    310.38     0.20    -9999
JUNGFRAU2  010415 60   125000-125100   30     278.75  491.7    305.97    -1.20    -9999
JUNGFRAU2  010415 60   125100-125200   30     287.22  491.8    315.55     1.90    -9999
JUNGFRAU2  010415 60   125200-125300   30     281.82  491.7    309.32    -0.10    -9999
JUNGFRAU2  010415 60   125300-125400   30     281.08  491.7    308.50    -0.40    -9999
JUNGFRAU2  010415 60   125400-125500   30     282.13  491.6    309.38    -0.10    -9999
JUNGFRAU2  010415 60   125500-125600   30     286.07  491.7    313.98     1.40    -9999
JUNGFRAU2  010415 60   125600-125700   30     276.92  491.4    303.07    -2.10    -9999
JUNGFRAU2  010415 60   125700-125800   30     278.93  491.6    305.87    -1.20    -9999
JUNGFRAU2  010415 60   125800-125900   30     288.85  491.7    317.03     2.40    -9999
JUNGFRAU2  010415 60   125900-130000   30     283.50  491.4    310.27     0.20    -9999
JUNGFRAU2  010415 60   130000-130100   30     280.27  491.4    306.73    -0.90    -9999
JUNGFRAU2  010415 60   130100-130200   30     278.90  491.7    306.12    -1.10    -9999
JUNGFRAU2  010415 60   130200-130300   30     280.83  491.7    308.23    -0.50    -9999
JUNGFRAU2  010415 60   130300-130400   30     276.42  491.7    303.40    -2.00    -9999
JUNGFRAU2  010415 60   130400-130500   30     282.97  491.7    310.58     0.30    -9999
JUNGFRAU2  010415 60   130500-130600   30     279.02  491.7    306.23    -1.10    -9999
JUNGFRAU2  010415 60   130600-130700   30     286.22  491.8    314.45     1.50    -9999
JUNGFRAU2  010415 60   130700-130800   30     278.05  491.8    305.48    -1.30    -9999
JUNGFRAU2  010415 60   130800-130900   30     280.95  491.4    307.48    -0.70    -9999
JUNGFRAU2  010415 60   130900-131000   30     278.45  491.4    304.73    -1.60    -9999
JUNGFRAU2  010415 60   131000-131100   30     286.77  491.4    313.85     1.40    -9999
JUNGFRAU2  010415 60   131100-131200   30     281.38  491.5    308.25    -0.50    -9999
JUNGFRAU2  010415 60   131200-131300   30     285.68  491.7    313.57     1.30    -9999
JUNGFRAU2  010415 60   131300-131400   30     283.97  491.7    311.67     0.60    -9999
JUNGFRAU2  010415 60   131400-131500   30     283.13  491.6    310.47     0.30    -9999
JUNGFRAU2  010415 60   131500-131600   30     285.88  491.6    313.48     1.20    -9999
JUNGFRAU2  010415 60   131600-131700   30     282.55  491.7    310.12     0.10    -9999
JUNGFRAU2  010415 60   131700-131800   30     282.90  491.7    310.50     0.30    -9999
JUNGFRAU2  010415 60   131800-131900   30     284.48  491.4    311.35     0.50    -9999
JUNGFRAU2  010415 60   131900-132000   30     286.93  491.8    315.25     1.80    -9999
JUNGFRAU2  010415 60   132000-132100   30     280.80  491.6    307.92    -0.60    -9999
JUNGFRAU2  010415 60   132100-132200   30     283.90  491.4    310.70     0.30    -9999
JUNGFRAU2  010415 60   132200-132300   30     279.68  491.2    305.52    -1.30    -9999
JUNGFRAU2  010415 60   132300-132400   30     280.28  491.2    306.17    -1.10    -9999
JUNGFRAU2  010415 60   132400-132500   30     280.85  491.6    307.97    -0.50    -9999
JUNGFRAU2  010415 60   132500-132600   30     279.63  491.7    306.92    -0.90    -9999
JUNGFRAU2  010415 60   132600-132700   30     285.23  491.4    312.18     0.80    -9999
JUNGFRAU2  010415 60   132700-132800   30     281.85  491.4    308.47    -0.40    -9999
JUNGFRAU2  010415 60   132800-132900   30     282.75  491.3    309.17    -0.20    -9999
JUNGFRAU2  010415 60   132900-133000   30     286.90  491.4    314.00     1.40    -9999
JUNGFRAU2  010415 60   133000-133100   30     282.83  491.6    310.13     0.20    -9999
JUNGFRAU2  010415 60   133100-133200   30     277.92  491.6    304.75    -1.60    -9999
JUNGFRAU2  010415 60   133200-133300   30     283.95  491.2    310.17     0.20    -9999
JUNGFRAU2  010415 60   133300-133400   30     281.48  491.4    308.07    -0.50    -9999
JUNGFRAU2  010415 60   133400-133500   30     282.15  491.3    308.50    -0.40    -9999
JUNGFRAU2  010415 60   133500-133600   30     289.97  491.6    317.97     2.70    -9999
JUNGFRAU2  010415 60   133600-133700   30     285.50  491.8    313.67     1.30    -9999
JUNGFRAU2  010415 60   133700-133800   30     281.97  491.5    308.88    -0.30    -9999
JUNGFRAU2  010415 60   133800-133900   30     283.20  491.1    309.05    -0.20    -9999
JUNGFRAU2  010415 60   133900-134000   30     271.85  491.4    297.52    -3.90    -9999
JUNGFRAU2  010415 60   134000-134100   30     277.78  491.4    304.02    -1.80    -9999
JUNGFRAU2  010415 60   134100-134200   30     286.40  491.2    312.85     1.00    -9999
JUNGFRAU2  010415 60   134200-134300   30     287.30  491.3    314.13     1.40    -9999
JUNGFRAU2  010415 60   134300-134400   30     283.23  491.5    310.28     0.20    -9999
JUNGFRAU2  010415 60   134400-134500   30     283.23  491.5    310.27     0.20    -9999
JUNGFRAU2  010415 60   134500-134600   30     281.55  491.7    309.03    -0.20    -9999
JUNGFRAU2  010415 60   134600-134700   30     283.03  491.6    310.35     0.20    -9999
JUNGFRAU2  010415 60   134700-134800   30     281.08  491.4    307.63    -0.70    -9999
JUNGFRAU2  010415 60   134800-134900   30     281.38  491.6    308.55    -0.40    -9999
JUNGFRAU2  010415 60   134900-135000   30     282.53  491.4    309.22    -0.10    -9999
JUNGFRAU2  010415 60   135000-135100   30     282.25  491.0    307.72    -0.60    -9999
JUNGFRAU2  010415 60   135100-135200   30     281.53  491.5    308.42    -0.40    -9999
JUNGFRAU2  010415 60   135200-135300   30     283.93  491.4    310.75     0.40    -9999
JUNGFRAU2  010415 60   135300-135400   30     279.93  491.2    305.78    -1.30    -9999
JUNGFRAU2  010415 60   135400-135500   30     279.47  491.3    305.57    -1.30    -9999
JUNGFRAU2  010415 60   135500-135600   30     282.45  491.1    308.25    -0.50    -9999
JUNGFRAU2  010415 60   135600-135700   30     281.82  491.2    307.83    -0.60    -9999
JUNGFRAU2  010415 60   135700-135800   30     282.87  491.6    310.17     0.20    -9999
JUNGFRAU2  010415 60   135800-135900   30     282.98  491.2    309.12    -0.20    -9999
JUNGFRAU2  010415 60   135900-140000   30     282.72  491.5    309.70     0.00    -9999
JUNGFRAU2  010415 60   140000-140100   30     288.05  491.4    315.25     1.80    -9999
JUNGFRAU2  010415 60   140100-140200   30     282.90  491.6    310.22     0.20    -9999
JUNGFRAU2  010415 60   140200-140300   30     292.83  491.4    320.48     3.50    -9999
JUNGFRAU2  010415 60   140300-140400   30     294.58  491.4    322.40     4.10    -9999
JUNGFRAU2  010415 60   140400-140500   30     287.37  491.3    314.22     1.50    -9999
JUNGFRAU2  010415 60   140500-140600   30     293.65  491.4    321.38     3.80    -9999
JUNGFRAU2  010415 60   140600-140700   30     299.75  491.4    328.07     5.90    -9999
JUNGFRAU2  010415 60   140700-140800   30     305.48  491.4    334.33     8.00    -9999
JUNGFRAU2  010415 60   140800-140900   30     298.98  491.7    328.17     6.00    -9999
JUNGFRAU2  010415 60   140900-141000   30     296.70  491.3    324.42     4.80    -9999
JUNGFRAU2  010415 60   141000-141100   30     304.28  491.4    333.02     7.50    -9999
JUNGFRAU2  010415 60   141100-141200   30     301.88  491.4    330.40     6.70    -9999
JUNGFRAU2  010415 60   141200-141300   30     304.25  491.1    332.02     7.20    -9999
JUNGFRAU2  010415 60   141300-141400   30     301.28  491.7    330.68     6.80    -9999
JUNGFRAU2  010415 60   141400-141500   30     297.48  491.2    324.97     4.90    -9999
JUNGFRAU2  010415 60   141500-141600   30     303.02  491.3    331.32     7.00    -9999
JUNGFRAU2  010415 60   141600-141700   30     307.75  491.3    336.50     8.70    -9999
JUNGFRAU2  010415 60   141700-141800   30     301.12  491.5    329.87     6.50    -9999
JUNGFRAU2  010415 60   141800-141900   30     301.98  491.0    329.23     6.30    -9999
JUNGFRAU2  010415 60   141900-142000   30     301.13  491.2    328.95     6.20    -9999
JUNGFRAU2  010415 60   142000-142100   30     292.03  491.1    318.68     2.90    -9999
JUNGFRAU2  010415 60   142100-142200   30     301.73  491.2    329.60     6.40    -9999
JUNGFRAU2  010415 60   142200-142300   30     298.98  491.4    327.22     5.70    -9999
JUNGFRAU2  010415 60   142300-142400   30     300.27  491.5    328.93     6.20    -9999
JUNGFRAU2  010415 60   142400-142500   30     305.32  491.6    334.78     8.10    -9999
JUNGFRAU2  010415 60   142500-142600   30     299.50  491.4    327.78     5.90    -9999
JUNGFRAU2  010415 60   142600-142700   30     299.87  491.3    327.87     5.90    -9999
JUNGFRAU2  010415 60   142700-142800   30     301.70  491.4    330.18     6.60    -9999
JUNGFRAU2  010415 60   142800-142900   30     298.87  491.5    327.40     5.70    -9999
JUNGFRAU2  010415 60   142900-143000   30     301.23  491.7    330.63     6.80    -9999
JUNGFRAU2  010415 60   143000-143100   30     300.30  491.2    328.03     5.90    -9999
JUNGFRAU2  010415 60   143100-143200   30     308.32  491.0    336.13     8.50    -9999
JUNGFRAU2  010415 60   143200-143300   30     296.50  491.5    324.80     4.90    -9999
JUNGFRAU2  010415 60   143300-143400   30     297.00  491.4    325.03     5.00    -9999
JUNGFRAU2  010415 60   143400-143500   30     303.37  491.1    331.05     6.90    -9999
JUNGFRAU2  010415 60   143500-143600   30     299.65  491.1    327.02     5.60    -9999
JUNGFRAU2  010415 60   143600-143700   30     302.85  491.1    330.50     6.70    -9999
JUNGFRAU2  010415 60   143700-143800   30     296.40  490.9    322.83     4.30    -9999
JUNGFRAU2  010415 60   143800-143900   30     301.62  491.2    329.47     6.40    -9999
JUNGFRAU2  010415 60   143900-144000   30     304.63  490.8    331.48     7.00    -9999
JUNGFRAU2  010415 60   144000-144100   30     308.92  491.2    337.43     9.00    -9999
JUNGFRAU2  010415 60   144100-144200   30     298.00  491.1    325.20     5.00    -9999
JUNGFRAU2  010415 60   144200-144300   30     292.37  491.2    319.37     3.10    -9999
JUNGFRAU2  010415 60   144300-144400   30     301.47  491.2    329.30     6.30    -9999
JUNGFRAU2  010415 60   144400-144500   30     293.57  491.1    320.37     3.50    -9999
JUNGFRAU2  010415 60   144500-144600   30     293.97  491.2    321.10     3.70    -9999
JUNGFRAU2  010415 60   144600-144700   30     300.05  491.0    327.12     5.60    -9999
JUNGFRAU2  010415 60   144700-144800   30     294.07  491.1    320.92     3.60    -9999
JUNGFRAU2  010415 60   144800-144900   30     297.63  491.1    324.80     4.90    -9999
JUNGFRAU2  010415 60   144900-145000   30     302.33  491.3    330.57     6.80    -9999
JUNGFRAU2  010415 60   145000-145100   30     306.17  491.3    334.75     8.10    -9999
JUNGFRAU2  010415 60   145100-145200   30     293.77  491.4    321.52     3.80    -9999
JUNGFRAU2  010415 60   145200-145300   30     295.87  491.1    322.87     4.30    -9999
JUNGFRAU2  010415 60   145300-145400   30     298.83  490.9    325.50     5.10    -9999
JUNGFRAU2  010415 60   145400-145500   30     297.65  491.1    324.82     4.90    -9999
JUNGFRAU2  010415 60   145500-145600   30     298.47  490.9    325.08     5.00    -9999
JUNGFRAU2  010415 60   145600-145700   30     296.65  491.1    323.73     4.50    -9999
JUNGFRAU2  010415 60   145700-145800   30     296.82  491.2    324.22     4.70    -9999
JUNGFRAU2  010415 60   145800-145900   30     296.15  491.3    323.80     4.60    -9999
JUNGFRAU2  010415 60   145900-150000   30     289.93  491.3    317.02     2.40    -9999
JUNGFRAU2  010415 60   150000-150100   30     291.38  491.3    318.58     2.90    -9999
JUNGFRAU2  010415 60   150100-150200   30     295.22  491.3    322.78     4.20    -9999
JUNGFRAU2  010415 60   150200-150300   30     296.68  491.1    323.77     4.60    -9999
JUNGFRAU2  010415 60   150300-150400   30     291.70  490.8    317.42     2.50    -9999
JUNGFRAU2  010415 60   150400-150500   30     302.90  491.1    330.57     6.80    -9999
JUNGFRAU2  010415 60   150500-150600   30     295.92  491.0    322.63     4.20    -9999
JUNGFRAU2  010415 60   150600-150700   30     297.28  491.2    324.75     4.90    -9999
JUNGFRAU2  010415 60   150700-150800   30     294.25  491.1    321.12     3.70    -9999
JUNGFRAU2  010415 60   150800-150900   30     293.05  490.8    318.88     3.00    -9999
JUNGFRAU2  010415 60   150900-151000   30     286.58  490.7    311.55     0.60    -9999
JUNGFRAU2  010415 60   151000-151100   30     296.93  491.1    324.05     4.60    -9999
JUNGFRAU2  010415 60   151100-151200   30     292.23  490.8    317.98     2.70    -9999
JUNGFRAU2  010415 60   151200-151300   30     296.73  490.8    322.88     4.30    -9999
JUNGFRAU2  010415 60   151300-151400   30     293.97  490.9    320.18     3.40    -9999
JUNGFRAU2  010415 60   151400-151500   30     291.28  490.7    316.65     2.30    -9999
JUNGFRAU2  010415 60   151500-151600   30     294.05  490.8    319.98     3.30    -9999
JUNGFRAU2  010415 60   151600-151700   30     292.65  491.1    319.37     3.10    -9999
JUNGFRAU2  010415 60   151700-151800   30     293.97  490.9    320.20     3.40    -9999
JUNGFRAU2  010415 60   151800-151900   30     299.18  490.9    325.88     5.20    -9999
JUNGFRAU2  010415 60   151900-152000   30     290.28  490.8    315.87     2.00    -9999
JUNGFRAU2  010415 60   152000-152100   30     293.22  490.8    319.05     3.00    -9999
JUNGFRAU2  010415 60   152100-152200   30     282.23  491.3    308.58    -0.30    -9999
JUNGFRAU2  010415 60   152200-152300   30     301.80  491.1    329.35     6.40    -9999
JUNGFRAU2  010415 60   152300-152400   30     289.87  490.5    314.52     1.60    -9999
JUNGFRAU2  010415 60   152400-152500   30     289.62  490.5    314.25     1.50    -9999
JUNGFRAU2  010415 60   152500-152600   30     293.48  490.9    319.65     3.20    -9999
JUNGFRAU2  010415 60   152600-152700   30     294.93  490.4    319.70     3.20    -9999
JUNGFRAU2  010415 60   152700-152800   30     289.17  490.4    313.45     1.20    -9999
JUNGFRAU2  010415 60   152800-152900   30     291.10  490.4    315.55     1.90    -9999
JUNGFRAU2  010415 60   152900-153000   30     295.27  490.8    321.30     3.80    -9999
JUNGFRAU2  010415 60   153000-153100   30     286.02  490.8    311.22     0.50    -9999
JUNGFRAU2  010415 60   153100-153200   30     289.62  490.7    314.85     1.70    -9999
JUNGFRAU2  010415 60   153200-153300   30     296.13  490.4    321.02     3.70    -9999
JUNGFRAU2  010415 60   153300-153400   30     299.85  490.5    325.33     5.10    -9999
JUNGFRAU2  010415 60   153400-153500   30     289.05  490.5    313.62     1.30    -9999
JUNGFRAU2  010415 60   153500-153600   30     299.13  491.1    326.43     5.40    -9999
JUNGFRAU2  010415 60   153600-153700   30     291.63  490.7    317.03     2.40    -9999
JUNGFRAU2  010415 60   153700-153800   30     289.15  491.0    315.25     1.80    -9999
JUNGFRAU2  010415 60   153800-153900   30     287.27  490.6    311.98     0.70    -9999
JUNGFRAU2  010415 60   153900-154000   30     290.92  490.8    316.57     2.20    -9999
JUNGFRAU2  010415 60   154000-154100   30     290.57  490.8    316.17     2.10    -9999
JUNGFRAU2  010415 60   154100-154200   30     296.27  490.5    321.45     3.80    -9999
JUNGFRAU2  010415 60   154200-154300   30     290.27  491.0    316.47     2.20    -9999
JUNGFRAU2  010415 60   154300-154400   30     289.83  490.9    315.68     1.90    -9999
JUNGFRAU2  010415 60   154400-154500   30     290.27  491.1    316.77     2.30    -9999
JUNGFRAU2  010415 60   154500-154600   30     286.13  491.0    311.97     0.70    -9999
JUNGFRAU2  010415 60   154600-154700   30     283.90  490.9    309.23    -0.10    -9999
JUNGFRAU2  010415 60   154700-154800   30     286.43  490.4    310.48     0.30    -9999
JUNGFRAU2  010415 60   154800-154900   30     290.75  490.6    315.77     2.00    -9999
JUNGFRAU2  010415 60   154900-155000   30     290.45  490.6    315.45     1.90    -9999
JUNGFRAU2  010415 60   155000-155100   30     287.82  490.8    313.18     1.10    -9999
JUNGFRAU2  010415 60   155100-155200   30     290.98  490.9    316.95     2.40    -9999
JUNGFRAU2  010415 60   155200-155300   30     291.67  490.5    316.45     2.20    -9999
JUNGFRAU2  010415 60   155300-155400   30     284.95  490.8    310.07     0.10    -9999
JUNGFRAU2  010415 60   155400-155500   30     287.85  490.8    313.23     1.20    -9999
JUNGFRAU2  010415 60   155500-155600   30     290.92  490.9    316.87     2.30    -9999
JUNGFRAU2  010415 60   155600-155700   30     288.98  491.1    315.35     1.80    -9999
JUNGFRAU2  010415 60   155700-155800   30     288.62  490.6    313.45     1.20    -9999
JUNGFRAU2  010415 60   155800-155900   30     289.82  490.7    315.07     1.70    -9999
JUNGFRAU2  010415 60   155900-160000   30     290.95  490.7    316.30     2.10    -9999
JUNGFRAU2  010415 60   160000-160100   30     284.70  491.2    311.00     0.40    -9999
JUNGFRAU2  010415 60   160100-160200   30     289.23  490.8    314.73     1.60    -9999
JUNGFRAU2  010415 60   160200-160300   30     287.42  490.9    313.05     1.10    -9999
JUNGFRAU2  010415 60   160300-160400   30     289.70  490.8    315.23     1.80    -9999
JUNGFRAU2  010415 60   160400-160500   30     284.55  490.9    309.93     0.10    -9999
JUNGFRAU2  010415 60   160500-160600   30     288.65  491.1    315.00     1.70    -9999
JUNGFRAU2  010415 60   160600-160700   30     284.98  490.6    309.50    -0.10    -9999
JUNGFRAU2  010415 60   160700-160800   30     285.75  490.9    311.25     0.50    -9999
JUNGFRAU2  010415 60   160800-160900   30     285.12  490.9    310.55     0.30    -9999
JUNGFRAU2  010415 60   160900-161000   30     286.05  490.6    310.68     0.30    -9999
JUNGFRAU2  010415 60   161000-161100   30     285.15  490.6    309.70     0.00    -9999
JUNGFRAU2  010415 60   161100-161200   30     292.92  490.8    318.75     2.90    -9999
JUNGFRAU2  010415 60   161200-161300   30     297.07  490.8    323.25     4.40    -9999
JUNGFRAU2  010415 60   161300-161400   30     285.58  490.4    309.57     0.00    -9999
JUNGFRAU2  010415 60   161400-161500   30     286.17  490.5    310.50     0.30    -9999
JUNGFRAU2  010415 60   161500-161600   30     282.70  490.3    306.15    -1.10    -9999
JUNGFRAU2  010415 60   161600-161700   30     286.82  491.1    313.00     1.10    -9999
JUNGFRAU2  010415 60   161700-161800   30     285.23  491.0    310.97     0.40    -9999
JUNGFRAU2  010415 60   161800-161900   30     290.08  491.2    316.87     2.30    -9999
JUNGFRAU2  010415 60   161900-162000   30     293.17  490.5    318.08     2.70    -9999
JUNGFRAU2  010415 60   162000-162100   30     290.87  490.7    316.20     2.10    -9999
JUNGFRAU2  010415 60   162100-162200   30     288.27  490.7    313.38     1.20    -9999
JUNGFRAU2  010415 60   162200-162300   30     285.38  490.8    310.53     0.30    -9999
JUNGFRAU2  010415 60   162300-162400   30     293.20  490.9    319.35     3.10    -9999
JUNGFRAU2  010415 60   162400-162500   30     290.95  491.1    317.50     2.50    -9999
JUNGFRAU2  010415 60   162500-162600   30     289.65  490.7    314.87     1.70    -9999
JUNGFRAU2  010415 60   162600-162700   30     287.65  490.8    313.00     1.10    -9999
JUNGFRAU2  010415 60   162700-162800   30     286.35  490.8    311.60     0.60    -9999
JUNGFRAU2  010415 60   162800-162900   30     285.88  490.9    311.37     0.60    -9999
JUNGFRAU2  010415 60   162900-163000   30     282.30  491.1    308.08    -0.50    -9999
JUNGFRAU2  010415 60   163000-163100   30     287.28  490.6    312.02     0.80    -9999
JUNGFRAU2  010415 60   163100-163200   30     294.73  491.1    321.63     3.90    -9999
JUNGFRAU2  010415 60   163200-163300   30     283.23  491.1    309.08    -0.20    -9999
JUNGFRAU2  010415 60   163300-163400   30     291.47  491.1    318.07     2.70    -9999
JUNGFRAU2  010415 60   163400-163500   30     285.03  491.1    311.07     0.50    -9999
JUNGFRAU2  010415 60   163500-163600   30     281.17  491.0    306.55    -1.00    -9999
JUNGFRAU2  010415 60   163600-163700   30     285.75  491.1    311.83     0.70    -9999
JUNGFRAU2  010415 60   163700-163800   30     288.20  491.1    314.50     1.60    -9999
JUNGFRAU2  010415 60   163800-163900   30     280.58  491.1    306.20    -1.10    -9999
JUNGFRAU2  010415 60   163900-164000   30     284.78  491.2    311.08     0.50    -9999
JUNGFRAU2  010415 60   164000-164100   30     283.37  491.2    309.53     0.00    -9999
JUNGFRAU2  010415 60   164100-164200   30     289.45  490.8    314.97     1.70    -9999
JUNGFRAU2  010415 60   164200-164300   30     283.13  490.8    308.10    -0.50    -9999
JUNGFRAU2  010415 60   164300-164400   30     289.95  491.1    316.42     2.20    -9999
JUNGFRAU2  010415 60   164400-164500   30     285.95  491.1    312.05     0.80    -9999
JUNGFRAU2  010415 60   164500-164600   30     286.28  491.2    312.72     1.00    -9999
JUNGFRAU2  010415 60   164600-164700   30     287.65  491.1    313.92     1.40    -9999
JUNGFRAU2  010415 60   164700-164800   30     287.73  491.1    314.00     1.40    -9999
JUNGFRAU2  010415 60   164800-164900   30     291.87  491.1    318.52     2.90    -9999
JUNGFRAU2  010415 60   164900-165000   30     288.12  491.2    314.72     1.60    -9999
JUNGFRAU2  010415 60   165000-165100   30     287.97  491.2    314.57     1.60    -9999
JUNGFRAU2  010415 60   165100-165200   30     289.57  491.2    316.30     2.10    -9999
JUNGFRAU2  010415 60   165200-165300   30     286.83  491.1    313.02     1.10    -9999
JUNGFRAU2  010415 60   165300-165400   30     290.92  491.3    318.10     2.70    -9999
JUNGFRAU2  010415 60   165400-165500   30     280.30  491.1    305.88    -1.20    -9999
JUNGFRAU2  010415 60   165500-165600   30     287.40  491.2    313.95     1.40    -9999
JUNGFRAU2  010415 60   165600-165700   30     283.87  491.1    309.78     0.00    -9999
JUNGFRAU2  010415 60   165700-165800   30     286.02  491.1    312.13     0.80    -9999
JUNGFRAU2  010415 60   165800-165900   30     285.18  491.0    310.92     0.40    -9999
JUNGFRAU2  010415 60   165900-170000   30     281.73  491.1    307.45    -0.70    -9999
JUNGFRAU2  010415 60   170000-170100   30     286.23  491.1    312.37     0.90    -9999
JUNGFRAU2  010415 60   170100-170200   30     293.37  491.3    320.77     3.60    -9999
JUNGFRAU2  010415 60   170200-170300   30     283.72  491.1    309.62     0.00    -9999
JUNGFRAU2  010415 60   170300-170400   30     286.85  491.1    313.03     1.10    -9999
JUNGFRAU2  010415 60   170400-170500   30     285.12  491.1    311.15     0.50    -9999
JUNGFRAU2  010415 60   170500-170600   30     285.05  491.0    310.77     0.40    -9999
JUNGFRAU2  010415 60   170600-170700   30     288.62  490.9    314.37     1.50    -9999
JUNGFRAU2  010415 60   170700-170800   30     285.63  491.1    311.72     0.70    -9999
JUNGFRAU2  010415 60   170800-170900   30     280.82  490.8    305.57    -1.30    -9999
JUNGFRAU2  010415 60   170900-171000   30     281.17  490.9    306.25    -1.10    -9999
JUNGFRAU2  010415 60   171000-171100   30     284.58  491.2    310.87     0.40    -9999
JUNGFRAU2  010415 60   171100-171200   30     286.25  490.9    311.78     0.70    -9999
JUNGFRAU2  010415 60   171200-171300   30     287.22  491.1    313.45     1.20    -9999
JUNGFRAU2  010415 60   171300-171400   30     280.37  490.9    305.38    -1.40    -9999
JUNGFRAU2  010415 60   171400-171500   30     279.35  491.1    304.85    -1.60    -9999
JUNGFRAU2  010415 60   171500-171600   30     289.90  490.9    315.77     2.00    -9999
JUNGFRAU2  010415 60   171600-171700   30     279.88  491.0    305.13    -1.50    -9999
JUNGFRAU2  010415 60   171700-171800   30     283.63  491.1    309.53     0.00    -9999
JUNGFRAU2  010415 60   171800-171900   30     288.30  490.8    313.72     1.30    -9999
JUNGFRAU2  010415 60   171900-172000   30     286.47  490.6    311.12     0.50    -9999
JUNGFRAU2  010415 60   172000-172100   30     280.18  491.0    305.47    -1.40    -9999
JUNGFRAU2  010415 60   172100-172200   30     295.17  491.0    321.80     3.90    -9999
JUNGFRAU2  010415 60   172200-172300   30     292.55  490.9    318.65     2.90    -9999
JUNGFRAU2  010415 60   172300-172400   30     293.52  490.9    319.70     3.20    -9999
JUNGFRAU2  010415 60   172400-172500   30     288.88  490.8    314.33     1.50    -9999
JUNGFRAU2  010415 60   172500-172600   30     296.33  491.0    323.07     4.30    -9999
JUNGFRAU2  010415 60   172600-172700   30     284.95  490.9    310.37     0.20    -9999
JUNGFRAU2  010415 60   172700-172800   30     287.30  490.8    312.63     1.00    -9999
JUNGFRAU2  010415 60   172800-172900   30     289.08  491.0    315.17     1.80    -9999
JUNGFRAU2  010415 60   172900-173000   30     278.10  490.8    302.62    -2.30    -9999
JUNGFRAU2  010415 60   173000-173100   30     288.25  490.9    313.95     1.40    -9999
JUNGFRAU2  010415 60   173100-173200   30     282.18  490.8    307.07    -0.80    -9999
JUNGFRAU2  010415 60   173200-173300   30     289.30  491.0    315.42     1.90    -9999
JUNGFRAU2  010415 60   173300-173400   30     290.63  491.1    317.17     2.40    -9999
JUNGFRAU2  010415 60   173400-173500   30     289.75  491.1    316.22     2.10    -9999
JUNGFRAU2  010415 60   173500-173600   30     287.47  490.8    312.82     1.00    -9999
JUNGFRAU2  010415 60   173600-173700   30     282.55  490.8    307.47    -0.70    -9999
JUNGFRAU2  010415 60   173700-173800   30     287.30  491.0    313.22     1.10    -9999
JUNGFRAU2  010415 60   173800-173900   30     287.33  490.8    312.67     1.00    -9999
JUNGFRAU2  010415 60   173900-174000   30     286.23  490.8    311.47     0.60    -9999
JUNGFRAU2  010415 60   174000-174100   30     284.25  490.9    309.60     0.00    -9999
JUNGFRAU2  010415 60   174100-174200   30     292.13  491.0    318.50     2.90    -9999
JUNGFRAU2  010415 60   174200-174300   30     284.73  490.9    310.13     0.20    -9999
JUNGFRAU2  010415 60   174300-174400   30     280.12  490.9    305.10    -1.50    -9999
JUNGFRAU2  010415 60   174400-174500   30     290.85  490.8    316.48     2.20    -9999
JUNGFRAU2  010415 60   174500-174600   30     278.28  490.9    303.10    -2.10    -9999
JUNGFRAU2  010415 60   174600-174700   30     282.18  491.1    307.95    -0.60    -9999
JUNGFRAU2  010415 60   174700-174800   30     283.13  490.9    308.40    -0.40    -9999
JUNGFRAU2  010415 60   174800-174900   30     287.50  490.8    312.85     1.00    -9999
JUNGFRAU2  010415 60   174900-175000   30     285.38  490.8    310.53     0.30    -9999
JUNGFRAU2  010415 60   175000-175100   30     287.50  490.9    313.15     1.10    -9999
JUNGFRAU2  010415 60   175100-175200   30     287.80  491.0    313.78     1.30    -9999
JUNGFRAU2  010415 60   175200-175300   30     280.20  490.9    305.20    -1.40    -9999
JUNGFRAU2  010415 60   175300-175400   30     281.75  490.9    306.88    -0.90    -9999
JUNGFRAU2  010415 60   175400-175500   30     287.97  490.8    313.35     1.20    -9999
JUNGFRAU2  010415 60   175500-175600   30     287.33  490.9    312.97     1.10    -9999
JUNGFRAU2  010415 60   175600-175700   30     283.38  490.8    308.35    -0.40    -9999
JUNGFRAU2  010415 60   175700-175800   30     285.17  491.0    310.90     0.40    -9999
JUNGFRAU2  010415 60   175800-175900   30     290.50  490.9    316.40     2.20    -9999
JUNGFRAU2  010415 60   175900-180000   30     279.68  491.1    305.22    -1.40    -9999
JUNGFRAU2  010415 60   180000-180100   30     283.42  491.1    309.30    -0.10    -9999
JUNGFRAU2  010415 60   180100-180200   30     288.78  491.1    315.13     1.80    -9999
JUNGFRAU2  010415 60   180200-180300   30     291.53  490.9    317.53     2.50    -9999
JUNGFRAU2  010415 60   180300-180400   30     289.90  490.9    315.77     2.00    -9999
JUNGFRAU2  010415 60   180400-180500   30     287.92  490.9    313.60     1.30    -9999
JUNGFRAU2  010415 60   180500-180600   30     282.90  490.8    307.83    -0.60    -9999
JUNGFRAU2  010415 60   180600-180700   30     285.68  491.0    311.47     0.60    -9999
JUNGFRAU2  010415 60   180700-180800   30     283.90  490.8    308.93    -0.20    -9999
JUNGFRAU2  010415 60   180800-180900   30     285.62  490.9    311.08     0.50    -9999
JUNGFRAU2  010415 60   180900-181000   30     287.43  490.9    313.07     1.10    -9999
JUNGFRAU2  010415 60   181000-181100   30     288.82  491.1    315.18     1.80    -9999
JUNGFRAU2  010415 60   181100-181200   30     285.37  490.9    310.82     0.40    -9999
JUNGFRAU2  010415 60   181200-181300   30     286.43  491.1    312.58     0.90    -9999
JUNGFRAU2  010415 60   181300-181400   30     281.00  491.1    306.65    -1.00    -9999
JUNGFRAU2  010415 60   181400-181500   30     290.68  491.1    317.22     2.40    -9999
JUNGFRAU2  010415 60   181500-181600   30     288.42  491.1    314.75     1.60    -9999
JUNGFRAU2  010415 60   181600-181700   30     281.23  491.1    306.92    -0.90    -9999
JUNGFRAU2  010415 60   181700-181800   30     294.18  490.9    320.43     3.50    -9999
JUNGFRAU2  010415 60   181800-181900   30     282.68  490.9    307.90    -0.60    -9999
JUNGFRAU2  010415 60   181900-182000   30     288.80  491.1    315.17     1.80    -9999
JUNGFRAU2  010415 60   182000-182100   30     282.55  491.0    308.03    -0.50    -9999
JUNGFRAU2  010415 60   182100-182200   30     281.77  491.0    307.18    -0.80    -9999
JUNGFRAU2  010415 60   182200-182300   30     285.45  490.8    310.60     0.30    -9999
JUNGFRAU2  010415 60   182300-182400   30     284.87  490.8    309.98     0.10    -9999
JUNGFRAU2  010415 60   182400-182500   30     287.83  490.5    312.32     0.90    -9999
JUNGFRAU2  010415 60   182500-182600   30     289.15  491.1    315.55     1.90    -9999
JUNGFRAU2  010415 60   182600-182700   30     286.33  490.8    311.57     0.60    -9999
JUNGFRAU2  010415 60   182700-182800   30     283.17  491.0    308.72    -0.30    -9999
JUNGFRAU2  010415 60   182800-182900   30     279.73  490.9    304.68    -1.60    -9999
JUNGFRAU2  010415 60   182900-183000   30     286.92  491.1    313.10     1.10    -9999
JUNGFRAU2  010415 60   183000-183100   30     284.07  491.1    310.00     0.10    -9999
JUNGFRAU2  010415 60   183100-183200   30     290.40  490.9    316.30     2.10    -9999
JUNGFRAU2  010415 60   183200-183300   30     285.05  491.1    311.07     0.50    -9999
JUNGFRAU2  010415 60   183300-183400   30     286.17  491.1    312.28     0.80    -9999
JUNGFRAU2  010415 60   183400-183500   30     281.43  491.1    307.13    -0.80    -9999
JUNGFRAU2  010415 60   183500-183600   30     289.63  491.1    316.07     2.10    -9999
JUNGFRAU2  010415 60   183600-183700   30     291.58  491.1    318.20     2.80    -9999
JUNGFRAU2  010415 60   183700-183800   30     289.40  490.8    314.92     1.70    -9999
JUNGFRAU2  010415 60   183800-183900   30     289.93  490.8    315.48     1.90    -9999
JUNGFRAU2  010415 60   183900-184000   30     290.73  491.0    316.98     2.40    -9999
JUNGFRAU2  010415 60   184000-184100   30     287.00  491.2    313.50     1.20    -9999
JUNGFRAU2  010415 60   184100-184200   30     285.87  490.9    311.37     0.60    -9999
JUNGFRAU2  010415 60   184200-184300   30     285.97  491.0    311.77     0.70    -9999
JUNGFRAU2  010415 60   184300-184400   30     286.38  490.9    311.92     0.70    -9999
JUNGFRAU2  010415 60   184400-184500   30     291.10  491.1    317.68     2.60    -9999
JUNGFRAU2  010415 60   184500-184600   30     292.00  490.9    318.05     2.70    -9999
JUNGFRAU2  010415 60   184600-184700   30     281.08  490.9    306.15    -1.10    -9999
JUNGFRAU2  010415 60   184700-184800   30     282.60  490.8    307.52    -0.70    -9999
JUNGFRAU2  010415 60   184800-184900   30     281.40  491.0    306.80    -0.90    -9999
JUNGFRAU2  010415 60   184900-185000   30     279.88  490.9    304.85    -1.60    -9999
JUNGFRAU2  010415 60   185000-185100   30     282.20  490.6    306.50    -1.00    -9999
JUNGFRAU2  010415 60   185100-185200   30     283.45  490.8    308.45    -0.40    -9999
JUNGFRAU2  010415 60   185200-185300   30     277.90  490.8    302.40    -2.30    -9999
JUNGFRAU2  010415 60   185300-185400   30     281.58  490.8    306.40    -1.10    -9999
JUNGFRAU2  010415 60   185400-185500   30     281.65  490.9    306.77    -0.90    -9999
JUNGFRAU2  010415 60   185500-185600   30     287.90  490.8    313.28     1.20    -9999
JUNGFRAU2  010415 60   185600-185700   30     289.88  490.7    315.13     1.80    -9999
JUNGFRAU2  010415 60   185700-185800   30     288.63  490.6    313.47     1.20    -9999
JUNGFRAU2  010415 60   185800-185900   30     289.78  490.6    314.72     1.60    -9999
JUNGFRAU2  010415 60   185900-190000   30     287.32  490.8    312.65     1.00    -9999
JUNGFRAU2  010415 60   190000-190100   30     286.08  490.9    311.60     0.60    -9999
JUNGFRAU2  010415 60   190100-190200   30     287.83  491.1    314.12     1.40    -9999
JUNGFRAU2  010415 60   190200-190300   30     281.73  491.0    307.17    -0.80    -9999
JUNGFRAU2  010415 60   190300-190400   30     283.47  490.7    308.17    -0.50    -9999
JUNGFRAU2  010415 60   190400-190500   30     284.98  490.9    310.40     0.20    -9999
JUNGFRAU2  010415 60   190500-190600   30     277.97  490.8    302.47    -2.30    -9999
JUNGFRAU2  010415 60   190600-190700   30     284.40  490.8    309.48    -0.10    -9999
JUNGFRAU2  010415 60   190700-190800   30     287.57  490.6    312.32     0.90    -9999
JUNGFRAU2  010415 60   190800-190900   30     285.08  491.0    310.82     0.40    -9999
JUNGFRAU2  010415 60   190900-191000   30     282.45  490.8    307.35    -0.70    -9999
JUNGFRAU2  010415 60   191000-191100   30     286.77  491.0    312.65     1.00    -9999
JUNGFRAU2  010415 60   191100-191200   30     283.55  491.1    309.43    -0.10    -9999
JUNGFRAU2  010415 60   191200-191300   30     288.00  490.7    313.08     1.10    -9999
JUNGFRAU2  010415 60   191300-191400   30     281.67  490.8    306.48    -1.00    -9999
JUNGFRAU2  010415 60   191400-191500   30     285.93  490.9    311.45     0.60    -9999
JUNGFRAU2  010415 60   191500-191600   30     282.20  490.8    307.08    -0.80    -9999
JUNGFRAU2  010415 60   191600-191700   30     283.17  490.9    308.43    -0.40    -9999
JUNGFRAU2  010415 60   191700-191800   30     284.25  491.2    310.50     0.30    -9999
JUNGFRAU2  010415 60   191800-191900   30     282.65  490.8    307.57    -0.70    -9999
JUNGFRAU2  010415 60   191900-192000   30     286.90  490.7    311.88     0.70    -9999
JUNGFRAU2  010415 60   192000-192100   30     286.40  490.7    311.35     0.50    -9999
JUNGFRAU2  010415 60   192100-192200   30     288.23  490.8    313.63     1.30    -9999
JUNGFRAU2  010415 60   192200-192300   30     288.43  491.0    314.47     1.60    -9999
JUNGFRAU2  010415 60   192300-192400   30     282.65  491.1    308.45    -0.40    -9999
JUNGFRAU2  010415 60   192400-192500   30     282.82  491.0    308.33    -0.40    -9999
JUNGFRAU2  010415 60   192500-192600   30     283.22  490.8    308.18    -0.50    -9999
JUNGFRAU2  010415 60   192600-192700   30     285.62  490.8    310.80     0.40    -9999
JUNGFRAU2  010415 60   192700-192800   30     288.65  490.5    313.18     1.10    -9999
JUNGFRAU2  010415 60   192800-192900   30     284.07  490.8    309.10    -0.20    -9999
JUNGFRAU2  010415 60   192900-193000   30     287.73  490.7    312.80     1.00    -9999
JUNGFRAU2  010415 60   193000-193100   30     284.12  490.8    309.15    -0.20    -9999
JUNGFRAU2  010415 60   193100-193200   30     280.35  490.8    305.07    -1.50    -9999
JUNGFRAU2  010415 60   193200-193300   30     284.43  490.9    309.80     0.00    -9999
JUNGFRAU2  010415 60   193300-193400   30     282.87  490.5    306.92    -0.90    -9999
JUNGFRAU2  010415 60   193400-193500   30     274.60  490.7    298.52    -3.60    -9999
JUNGFRAU2  010415 60   193500-193600   30     278.95  490.9    303.83    -1.90    -9999
JUNGFRAU2  010415 60   193600-193700   30     289.70  490.9    315.53     1.90    -9999
JUNGFRAU2  010415 60   193700-193800   30     286.02  490.9    311.53     0.60    -9999
JUNGFRAU2  010415 60   193800-193900   30     283.07  490.9    308.30    -0.40    -9999
JUNGFRAU2  010415 60   193900-194000   30     282.17  491.0    307.63    -0.70    -9999
JUNGFRAU2  010415 60   194000-194100   30     280.77  491.0    306.10    -1.20    -9999
JUNGFRAU2  010415 60   194100-194200   30     280.87  491.1    306.52    -1.00    -9999
JUNGFRAU2  010415 60   194200-194300   30     285.92  490.6    310.53     0.30    -9999
JUNGFRAU2  010415 60   194300-194400   30     285.67  490.8    310.85     0.40    -9999
JUNGFRAU2  010415 60   194400-194500   30     286.83  491.1    313.02     1.10    -9999
JUNGFRAU2  010415 60   194500-194600   30     279.17  491.0    304.35    -1.70    -9999
JUNGFRAU2  010415 60   194600-194700   30     286.95  490.9    312.53     0.90    -9999
JUNGFRAU2  010415 60   194700-194800   30     283.82  490.9    309.13    -0.20    -9999
JUNGFRAU2  010415 60   194800-194900   30     279.25  490.7    303.57    -2.00    -9999
JUNGFRAU2  010415 60   194900-195000   30     281.07  490.8    305.85    -1.20    -9999
JUNGFRAU2  010415 60   195000-195100   30     280.13  490.7    304.53    -1.70    -9999
JUNGFRAU2  010415 60   195100-195200   30     283.75  490.4    307.58    -0.70    -9999
JUNGFRAU2  010415 60   195200-195300   30     281.45  490.7    305.97    -1.20    -9999
JUNGFRAU2  010415 60   195300-195400   30     282.33  490.9    307.52    -0.70    -9999
JUNGFRAU2  010415 60   195400-195500   30     285.22  490.9    310.67     0.30    -9999
JUNGFRAU2  010415 60   195500-195600   30     283.22  490.8    308.18    -0.50    -9999
JUNGFRAU2  010415 60   195600-195700   30     282.25  490.8    307.13    -0.80    -9999
JUNGFRAU2  010415 60   195700-195800   30     287.12  490.8    312.42     0.90    -9999
JUNGFRAU2  010415 60   195800-195900   30     285.78  490.8    310.97     0.40    -9999
JUNGFRAU2  010415 60   195900-200000   30     283.08  490.6    307.45    -0.70    -9999
JUNGFRAU2  010415 60   200000-200100   30     284.18  490.8    309.23    -0.10    -9999
JUNGFRAU2  010415 60   200100-200200   30     283.65  491.1    309.53     0.00    -9999
JUNGFRAU2  010415 60   200200-200300   30     275.93  491.1    301.13    -2.80    -9999
JUNGFRAU2  010415 60   200300-200400   30     288.85  490.8    314.32     1.50    -9999
JUNGFRAU2  010415 60   200400-200500   30     288.57  490.8    314.02     1.40    -9999
JUNGFRAU2  010415 60   200500-200600   30     279.83  490.9    304.80    -1.60    -9999
JUNGFRAU2  010415 60   200600-200700   30     283.33  490.9    308.60    -0.30    -9999
JUNGFRAU2  010415 60   200700-200800   30     285.73  490.8    310.92     0.40    -9999
JUNGFRAU2  010415 60   200800-200900   30     281.45  490.8    306.27    -1.10    -9999
JUNGFRAU2  010415 60   200900-201000   30     289.48  490.8    315.02     1.70    -9999
JUNGFRAU2  010415 60   201000-201100   30     282.83  490.9    308.07    -0.50    -9999
JUNGFRAU2  010415 60   201100-201200   30     282.68  491.0    308.18    -0.50    -9999
JUNGFRAU2  010415 60   201200-201300   30     288.17  491.1    314.48     1.60    -9999
JUNGFRAU2  010415 60   201300-201400   30     285.20  491.0    310.93     0.40    -9999
JUNGFRAU2  010415 60   201400-201500   30     284.85  491.0    310.55     0.30    -9999
JUNGFRAU2  010415 60   201500-201600   30     289.77  491.0    315.92     2.00    -9999
JUNGFRAU2  010415 60   201600-201700   30     283.28  491.0    308.83    -0.30    -9999
JUNGFRAU2  010415 60   201700-201800   30     285.52  491.0    311.28     0.50    -9999
JUNGFRAU2  010415 60   201800-201900   30     279.15  490.8    303.75    -1.90    -9999
JUNGFRAU2  010415 60   201900-202000   30     278.43  491.0    303.57    -2.00    -9999
JUNGFRAU2  010415 60   202000-202100   30     284.88  490.9    310.30     0.20    -9999
JUNGFRAU2  010415 60   202100-202200   30     288.58  490.9    314.32     1.50    -9999
JUNGFRAU2  010415 60   202200-202300   30     284.68  490.9    310.08     0.10    -9999
JUNGFRAU2  010415 60   202300-202400   30     280.00  490.8    304.68    -1.60    -9999
JUNGFRAU2  010415 60   202400-202500   30     279.92  490.8    304.60    -1.60    -9999
JUNGFRAU2  010415 60   202500-202600   30     282.28  490.7    306.88    -0.90    -9999
JUNGFRAU2  010415 60   202600-202700   30     283.15  490.8    308.12    -0.50    -9999
JUNGFRAU2  010415 60   202700-202800   30     283.17  490.8    308.13    -0.50    -9999
JUNGFRAU2  010415 60   202800-202900   30     278.80  490.6    302.78    -2.20    -9999
JUNGFRAU2  010415 60   202900-203000   30     281.85  490.8    306.70    -1.00    -9999
JUNGFRAU2  010415 60   203000-203100   30     291.85  490.7    317.28     2.50    -9999
JUNGFRAU2  010415 60   203100-203200   30     278.33  490.5    302.00    -2.50    -9999
JUNGFRAU2  010415 60   203200-203300   30     286.90  490.5    311.30     0.50    -9999
JUNGFRAU2  010415 60   203300-203400   30     282.52  490.2    305.65    -1.30    -9999
JUNGFRAU2  010415 60   203400-203500   30     286.02  490.2    309.43    -0.10    -9999
JUNGFRAU2  010415 60   203500-203600   30     280.33  489.9    302.42    -2.30    -9999
JUNGFRAU2  010415 60   203600-203700   30     278.43  490.1    300.95    -2.80    -9999
JUNGFRAU2  010415 60   203700-203800   30     282.83  490.3    306.28    -1.10    -9999
JUNGFRAU2  010415 60   203800-203900   30     279.37  490.2    302.25    -2.40    -9999
JUNGFRAU2  010415 60   203900-204000   30     278.22  490.0    300.43    -3.00    -9999
JUNGFRAU2  010415 60   204000-204100   30     285.02  490.2    308.37    -0.40    -9999
JUNGFRAU2  010415 60   204100-204200   30     287.33  490.2    310.87     0.40    -9999
JUNGFRAU2  010415 60   204200-204300   30     284.98  489.7    306.85    -0.90    -9999
JUNGFRAU2  010415 60   204300-204400   30     276.48  489.9    298.27    -3.70    -9999
JUNGFRAU2  010415 60   204400-204500   30     286.65  490.3    310.43     0.20    -9999
JUNGFRAU2  010415 60   204500-204600   30     274.70  489.9    296.33    -4.30    -9999
JUNGFRAU2  010415 60   204600-204700   30     280.45  490.2    303.42    -2.00    -9999
JUNGFRAU2  010415 60   204700-204800   30     285.02  490.5    309.25    -0.10    -9999
JUNGFRAU2  010415 60   204800-204900   30     282.30  490.3    305.72    -1.30    -9999
JUNGFRAU2  010415 60   204900-205000   30     279.47  490.1    302.07    -2.50    -9999
JUNGFRAU2  010415 60   205000-205100   30     280.28  490.1    302.95    -2.20    -9999
JUNGFRAU2  010415 60   205100-205200   30     285.02  489.8    307.18    -0.80    -9999
JUNGFRAU2  010415 60   205200-205300   30     282.02  489.7    303.65    -1.90    -9999
JUNGFRAU2  010415 60   205300-205400   30     286.13  490.1    309.28    -0.10    -9999
JUNGFRAU2  010415 60   205400-205500   30     283.50  489.7    305.25    -1.40    -9999
JUNGFRAU2  010415 60   205500-205600   30     281.78  489.6    303.12    -2.10    -9999
JUNGFRAU2  010415 60   205600-205700   30     286.90  490.2    310.40     0.20    -9999
JUNGFRAU2  010415 60   205700-205800   30     284.67  489.7    306.50    -1.00    -9999
JUNGFRAU2  010415 60   205800-205900   30     286.95  490.2    310.45     0.30    -9999
JUNGFRAU2  010415 60   205900-210000   30     282.15  489.9    304.38    -1.70    -9999
JUNGFRAU2  010415 60   210000-210100   30     280.20  489.6    301.40    -2.70    -9999
JUNGFRAU2  010415 60   210100-210200   30     286.83  489.7    308.85    -0.30    -9999
JUNGFRAU2  010415 60   210200-210300   30     282.37  489.6    303.73    -1.90    -9999
JUNGFRAU2  010415 60   210300-210400   30     286.28  490.0    309.13    -0.20    -9999
JUNGFRAU2  010415 60   210400-210500   30     279.20  489.6    300.33    -3.00    -9999
JUNGFRAU2  010415 60   210500-210600   30     284.83  489.5    306.10    -1.20    -9999
JUNGFRAU2  010415 60   210600-210700   30     281.65  489.9    303.85    -1.90    -9999
JUNGFRAU2  010415 60   210700-210800   30     284.38  489.2    304.73    -1.60    -9999
JUNGFRAU2  010415 60   210800-210900   30     282.07  489.2    302.25    -2.40    -9999
JUNGFRAU2  010415 60   210900-211000   30     281.95  489.5    303.00    -2.20    -9999
JUNGFRAU2  010415 60   211000-211100   30     278.93  488.7    297.47    -3.90    -9999
JUNGFRAU2  010415 60   211100-211200   30     280.97  488.7    299.63    -3.20    -9999
JUNGFRAU2  010415 60   211200-211300   30     284.70  489.3    305.37    -1.40    -9999
JUNGFRAU2  010415 60   211300-211400   30     285.22  489.4    306.22    -1.10    -9999
JUNGFRAU2  010415 60   211400-211500   30     279.37  489.9    301.38    -2.70    -9999
JUNGFRAU2  010415 60   211500-211600   30     285.68  490.1    308.78    -0.30    -9999
JUNGFRAU2  010415 60   211600-211700   30     281.60  489.3    302.03    -2.50    -9999
JUNGFRAU2  010415 60   211700-211800   30     284.45  489.6    305.98    -1.20    -9999
JUNGFRAU2  010415 60   211800-211900   30     286.17  489.7    308.12    -0.50    -9999
JUNGFRAU2  010415 60   211900-212000   30     282.60  489.3    303.12    -2.10    -9999
JUNGFRAU2  010415 60   212000-212100   30     286.58  489.8    308.87    -0.30    -9999
JUNGFRAU2  010415 60   212100-212200   30     287.13  489.6    308.87    -0.30    -9999
JUNGFRAU2  010415 60   212200-212300   30     279.48  489.7    300.93    -2.80    -9999
JUNGFRAU2  010415 60   212300-212400   30     290.83  489.4    312.23     0.80    -9999
JUNGFRAU2  010415 60   212400-212500   30     282.22  490.0    304.73    -1.60    -9999
JUNGFRAU2  010415 60   212500-212600   30     287.12  489.6    308.83    -0.30    -9999
JUNGFRAU2  010415 60   212600-212700   30     291.23  489.2    312.07     0.80    -9999
JUNGFRAU2  010415 60   212700-212800   30     285.62  489.1    305.77    -1.30    -9999
JUNGFRAU2  010415 60   212800-212900   30     286.05  489.9    308.58    -0.30    -9999
JUNGFRAU2  010415 60   212900-213000   30     283.22  489.9    305.53    -1.30    -9999
JUNGFRAU2  010415 60   213000-213100   30     280.55  489.7    302.07    -2.50    -9999
JUNGFRAU2  010415 60   213100-213200   30     275.78  490.2    298.37    -3.60    -9999
JUNGFRAU2  010415 60   213200-213300   30     284.28  490.1    307.28    -0.80    -9999
JUNGFRAU2  010415 60   213300-213400   30     283.47  489.6    304.93    -1.50    -9999
JUNGFRAU2  010415 60   213400-213500   30     286.73  489.7    308.73    -0.30    -9999
JUNGFRAU2  010415 60   213500-213600   30     288.40  489.8    310.83     0.40    -9999
JUNGFRAU2  010415 60   213600-213700   30     283.27  489.6    304.72    -1.60    -9999
JUNGFRAU2  010415 60   213700-213800   30     282.57  489.3    303.07    -2.10    -9999
JUNGFRAU2  010415 60   213800-213900   30     282.32  489.1    302.23    -2.40    -9999
JUNGFRAU2  010415 60   213900-214000   30     287.80  489.6    309.58     0.00    -9999
JUNGFRAU2  010415 60   214000-214100   30     283.67  489.3    304.27    -1.70    -9999
JUNGFRAU2  010415 60   214100-214200   30     285.70  490.1    308.80    -0.30    -9999
JUNGFRAU2  010415 60   214200-214300   30     284.12  490.1    307.08    -0.80    -9999
JUNGFRAU2  010415 60   214300-214400   30     287.85  489.9    310.53     0.30    -9999
JUNGFRAU2  010415 60   214400-214500   30     281.53  490.2    304.58    -1.60    -9999
JUNGFRAU2  010415 60   214500-214600   30     280.38  490.3    303.65    -1.90    -9999
JUNGFRAU2  010415 60   214600-214700   30     281.35  490.2    304.40    -1.70    -9999
JUNGFRAU2  010415 60   214700-214800   30     284.45  490.2    307.75    -0.60    -9999
JUNGFRAU2  010415 60   214800-214900   30     283.57  490.3    307.08    -0.80    -9999
JUNGFRAU2  010415 60   214900-215000   30     288.72  490.3    312.65     1.00    -9999
JUNGFRAU2  010415 60   215000-215100   30     281.45  490.2    304.50    -1.70    -9999
JUNGFRAU2  010415 60   215100-215200   30     289.78  489.9    312.62     1.00    -9999
JUNGFRAU2  010415 60   215200-215300   30     283.40  489.9    305.73    -1.30    -9999
JUNGFRAU2  010415 60   215300-215400   30     281.78  489.9    303.98    -1.80    -9999
JUNGFRAU2  010415 60   215400-215500   30     288.42  490.1    311.73     0.70    -9999
JUNGFRAU2  010415 60   215500-215600   30     285.65  490.2    309.05    -0.20    -9999
JUNGFRAU2  010415 60   215600-215700   30     280.98  490.2    304.00    -1.80    -9999
JUNGFRAU2  010415 60   215700-215800   30     279.40  489.6    300.55    -2.90    -9999
JUNGFRAU2  010415 60   215800-215900   30     279.77  490.1    302.38    -2.40    -9999
JUNGFRAU2  010415 60   215900-220000   30     283.67  490.3    307.20    -0.80    -9999
JUNGFRAU2  010415 60   220000-220100   30     285.83  489.9    308.37    -0.40    -9999
JUNGFRAU2  010415 60   220100-220200   30     286.25  490.1    309.40    -0.10    -9999
JUNGFRAU2  010415 60   220200-220300   30     287.20  490.5    311.63     0.60    -9999
JUNGFRAU2  010415 60   220300-220400   30     287.05  490.5    311.47     0.60    -9999
JUNGFRAU2  010415 60   220400-220500   30     285.78  490.5    310.08     0.10    -9999
JUNGFRAU2  010415 60   220500-220600   30     287.25  490.2    310.78     0.40    -9999
JUNGFRAU2  010415 60   220600-220700   30     286.75  490.3    310.53     0.30    -9999
JUNGFRAU2  010415 60   220700-220800   30     279.92  490.1    302.55    -2.30    -9999
JUNGFRAU2  010415 60   220800-220900   30     282.55  490.2    305.70    -1.30    -9999
JUNGFRAU2  010415 60   220900-221000   30     281.63  489.9    303.82    -1.90    -9999
JUNGFRAU2  010415 60   221000-221100   30     284.55  489.9    306.97    -0.90    -9999
JUNGFRAU2  010415 60   221100-221200   30     278.40  490.0    300.63    -2.90    -9999
JUNGFRAU2  010415 60   221200-221300   30     281.53  490.2    304.58    -1.60    -9999
JUNGFRAU2  010415 60   221300-221400   30     283.20  490.4    306.98    -0.90    -9999
JUNGFRAU2  010415 60   221400-221500   30     283.92  490.2    307.18    -0.80    -9999
JUNGFRAU2  010415 60   221500-221600   30     286.00  490.4    310.02     0.10    -9999
JUNGFRAU2  010415 60   221600-221700   30     290.43  490.2    314.22     1.50    -9999
JUNGFRAU2  010415 60   221700-221800   30     280.18  490.0    302.55    -2.30    -9999
JUNGFRAU2  010415 60   221800-221900   30     283.67  490.0    306.32    -1.10    -9999
JUNGFRAU2  010415 60   221900-222000   30     285.70  490.3    309.40    -0.10    -9999
JUNGFRAU2  010415 60   222000-222100   30     282.62  490.3    306.05    -1.20    -9999
JUNGFRAU2  010415 60   222100-222200   30     279.80  490.2    302.72    -2.20    -9999
JUNGFRAU2  010415 60   222200-222300   30     288.23  490.6    313.03     1.10    -9999
JUNGFRAU2  010415 60   222300-222400   30     283.02  490.5    307.07    -0.80    -9999
JUNGFRAU2  010415 60   222400-222500   30     285.20  490.5    309.45    -0.10    -9999
JUNGFRAU2  010415 60   222500-222600   30     282.75  490.4    306.50    -1.00    -9999
JUNGFRAU2  010415 60   222600-222700   30     284.00  490.7    308.73    -0.30    -9999
JUNGFRAU2  010415 60   222700-222800   30     284.07  490.2    307.32    -0.80    -9999
JUNGFRAU2  010415 60   222800-222900   30     289.15  490.1    312.53     0.90    -9999
JUNGFRAU2  010415 60   222900-223000   30     284.63  490.5    308.83    -0.30    -9999
JUNGFRAU2  010415 60   223000-223100   30     283.42  490.5    307.50    -0.70    -9999
JUNGFRAU2  010415 60   223100-223200   30     279.55  490.5    303.32    -2.00    -9999
JUNGFRAU2  010415 60   223200-223300   30     284.73  490.4    308.65    -0.30    -9999
JUNGFRAU2  010415 60   223300-223400   30     284.33  490.5    308.52    -0.40    -9999
JUNGFRAU2  010415 60   223400-223500   30     280.45  490.4    304.00    -1.80    -9999
JUNGFRAU2  010415 60   223500-223600   30     285.87  490.4    309.88     0.10    -9999
JUNGFRAU2  010415 60   223600-223700   30     287.60  490.5    312.05     0.80    -9999
JUNGFRAU2  010415 60   223700-223800   30     287.57  490.4    311.72     0.70    -9999
JUNGFRAU2  010415 60   223800-223900   30     282.10  490.5    306.08    -1.20    -9999
JUNGFRAU2  010415 60   223900-224000   30     284.38  490.6    308.85    -0.30    -9999
JUNGFRAU2  010415 60   224000-224100   30     283.28  490.5    307.38    -0.70    -9999
JUNGFRAU2  010415 60   224100-224200   30     286.83  490.6    311.52     0.60    -9999
JUNGFRAU2  010415 60   224200-224300   30     282.45  490.5    306.47    -1.00    -9999
JUNGFRAU2  010415 60   224300-224400   30     283.20  490.5    307.28    -0.80    -9999
JUNGFRAU2  010415 60   224400-224500   30     281.48  490.5    305.42    -1.40    -9999
JUNGFRAU2  010415 60   224500-224600   30     285.70  490.6    310.28     0.20    -9999
JUNGFRAU2  010415 60   224600-224700   30     275.92  490.5    299.38    -3.30    -9999
JUNGFRAU2  010415 60   224700-224800   30     281.43  490.5    305.35    -1.40    -9999
JUNGFRAU2  010415 60   224800-224900   30     286.22  490.6    310.85     0.40    -9999
JUNGFRAU2  010415 60   224900-225000   30     285.12  490.7    309.95     0.10    -9999
JUNGFRAU2  010415 60   225000-225100   30     283.50  490.7    308.18    -0.50    -9999
JUNGFRAU2  010415 60   225100-225200   30     292.52  490.8    318.30     2.80    -9999
JUNGFRAU2  010415 60   225200-225300   30     281.17  490.7    305.67    -1.30    -9999
JUNGFRAU2  010415 60   225300-225400   30     289.13  490.7    314.33     1.50    -9999
JUNGFRAU2  010415 60   225400-225500   30     283.20  490.7    307.87    -0.60    -9999
JUNGFRAU2  010415 60   225500-225600   30     281.97  490.7    306.53    -1.00    -9999
JUNGFRAU2  010415 60   225600-225700   30     284.67  490.7    309.47    -0.10    -9999
JUNGFRAU2  010415 60   225700-225800   30     284.33  490.6    308.80    -0.30    -9999
JUNGFRAU2  010415 60   225800-225900   30     285.67  490.5    309.95     0.10    -9999
JUNGFRAU2  010415 60   225900-230000   30     285.83  490.7    310.73     0.30    -9999
JUNGFRAU2  010415 60   230000-230100   30     279.60  490.5    303.37    -2.00    -9999
JUNGFRAU2  010415 60   230100-230200   30     285.98  490.5    310.30     0.20    -9999
JUNGFRAU2  010415 60   230200-230300   30     284.22  490.5    308.37    -0.40    -9999
JUNGFRAU2  010415 60   230300-230400   30     283.82  490.3    307.37    -0.70    -9999
JUNGFRAU2  010415 60   230400-230500   30     282.40  490.3    305.83    -1.20    -9999
JUNGFRAU2  010415 60   230500-230600   30     285.15  490.3    308.80    -0.30    -9999
JUNGFRAU2  010415 60   230600-230700   30     285.23  490.5    309.48    -0.10    -9999
JUNGFRAU2  010415 60   230700-230800   30     284.37  490.5    308.55    -0.40    -9999
JUNGFRAU2  010415 60   230800-230900   30     291.67  490.2    315.55     1.90    -9999
JUNGFRAU2  010415 60   230900-231000   30     285.87  490.2    309.28    -0.10    -9999
JUNGFRAU2  010415 60   231000-231100   30     282.95  490.2    306.12    -1.10    -9999
JUNGFRAU2  010415 60   231100-231200   30     289.00  490.4    313.28     1.20    -9999
JUNGFRAU2  010415 60   231200-231300   30     285.30  490.5    309.57     0.00    -9999
JUNGFRAU2  010415 60   231300-231400   30     283.22  489.9    305.53    -1.30    -9999
JUNGFRAU2  010415 60   231400-231500   30     288.65  490.1    311.98     0.70    -9999
JUNGFRAU2  010415 60   231500-231600   30     284.28  490.0    306.97    -0.90    -9999
JUNGFRAU2  010415 60   231600-231700   30     287.70  490.3    311.57     0.60    -9999
JUNGFRAU2  010415 60   231700-231800   30     275.10  490.2    297.63    -3.90    -9999
JUNGFRAU2  010415 60   231800-231900   30     280.88  490.2    303.90    -1.90    -9999
JUNGFRAU2  010415 60   231900-232000   30     283.45  490.2    306.67    -1.00    -9999
JUNGFRAU2  010415 60   232000-232100   30     283.43  490.2    306.65    -1.00    -9999
JUNGFRAU2  010415 60   232100-232200   30     286.05  490.3    309.78     0.00    -9999
JUNGFRAU2  010415 60   232200-232300   30     290.93  490.3    315.07     1.70    -9999
JUNGFRAU2  010415 60   232300-232400   30     290.40  490.1    313.88     1.40    -9999
JUNGFRAU2  010415 60   232400-232500   30     287.90  490.3    311.78     0.70    -9999
JUNGFRAU2  010415 60   232500-232600   30     281.45  490.2    304.50    -1.70    -9999
JUNGFRAU2  010415 60   232600-232700   30     286.03  490.2    309.47    -0.10    -9999
JUNGFRAU2  010415 60   232700-232800   30     287.48  490.2    311.03     0.40    -9999
JUNGFRAU2  010415 60   232800-232900   30     283.63  490.3    307.17    -0.80    -9999
JUNGFRAU2  010415 60   232900-233000   30     285.63  490.4    309.62     0.00    -9999
JUNGFRAU2  010415 60   233000-233100   30     285.70  490.3    309.38    -0.10    -9999
JUNGFRAU2  010415 60   233100-233200   30     290.93  489.9    313.85     1.40    -9999
JUNGFRAU2  010415 60   233200-233300   30     286.57  490.3    310.33     0.20    -9999
JUNGFRAU2  010415 60   233300-233400   30     287.07  490.0    309.98     0.10    -9999
JUNGFRAU2  010415 60   233400-233500   30     290.42  490.2    314.20     1.50    -9999
JUNGFRAU2  010415 60   233500-233600   30     283.18  490.2    306.38    -1.10    -9999
JUNGFRAU2  010415 60   233600-233700   30     286.82  490.1    310.02     0.10    -9999
JUNGFRAU2  010415 60   233700-233800   30     283.03  490.2    306.22    -1.10    -9999
JUNGFRAU2  010415 60   233800-233900   30     287.07  490.2    310.58     0.30    -9999
JUNGFRAU2  010415 60   233900-234000   30     280.93  490.0    303.37    -2.00    -9999
JUNGFRAU2  010415 60   234000-234100   30     285.58  490.1    308.68    -0.30    -9999
JUNGFRAU2  010415 60   234100-234200   30     287.25  490.3    311.07     0.50    -9999
JUNGFRAU2  010415 60   234200-234300   30     281.08  490.2    304.10    -1.80    -9999
JUNGFRAU2  010415 60   234300-234400   30     285.57  490.2    308.95    -0.20    -9999
JUNGFRAU2  010415 60   234400-234500   30     292.25  490.2    316.18     2.10    -9999
JUNGFRAU2  010415 60   234500-234600   30     282.87  490.2    306.05    -1.20    -9999
JUNGFRAU2  010415 60   234600-234700   30     289.37  490.0    312.47     0.90    -9999
JUNGFRAU2  010415 60   234700-234800   30     285.58  490.2    308.97    -0.20    -9999
JUNGFRAU2  010415 60   234800-234900   30     288.95  490.2    312.60     0.90    -9999
JUNGFRAU2  010415 60   234900-235000   30     283.77  490.2    307.02    -0.90    -9999
JUNGFRAU2  010415 60   235000-235100   30     286.17  490.2    309.62     0.00    -9999
JUNGFRAU2  010415 60   235100-235200   30     285.75  490.2    309.15    -0.20    -9999
JUNGFRAU2  010415 60   235200-235300   30     291.00  490.2    314.83     1.70    -9999
JUNGFRAU2  010415 60   235300-235400   30     284.70  490.2    308.02    -0.50    -9999
JUNGFRAU2  010415 60   235400-235500   30     284.45  490.1    307.45    -0.70    -9999
JUNGFRAU2  010415 60   235500-235600   30     290.75  490.1    314.25     1.50    -9999
JUNGFRAU2  010415 60   235600-235700   30     289.77  490.1    313.20     1.10    -9999
JUNGFRAU2  010415 60   235700-235800   30     283.98  490.2    307.23    -0.80    -9999
JUNGFRAU2  010415 60   235800-235900   30     284.33  490.2    307.62    -0.70    -9999
JUNGFRAU2  010415 60   235900-240000   30     287.68  490.1    310.95     0.40    -9999
JUNGFRAU2  010416 3600 000000-010000   30     285.93  490.3    309.51     0.00    -9999
JUNGFRAU2  010416 3600 010000-020000   30     286.52  490.3    310.35     0.20    -9999
JUNGFRAU2  010416 3600 020000-030000   30     287.94  490.0    310.95     0.40    -9999
JUNGFRAU2  010416 3600 030000-040000   30     287.54  489.5    308.88    -0.30    -9999
JUNGFRAU2  010416 3600 040000-050000   30     288.61  489.6    310.56     0.30    -9999
JUNGFRAU2  010416 3600 050000-060000   30     289.34  489.9    312.01     0.80    -9999
JUNGFRAU2  010416 3600 060000-070000   30     289.45  490.1    312.94     1.10    -9999
JUNGFRAU2  010416 3600 070000-080000   30     289.73  490.2    313.56     1.30    -9999
JUNGFRAU2  010416 3600 080000-090000   30     289.40  490.3    313.47     1.20    -9999
JUNGFRAU2  010416 3600 090000-100000   30     291.01  490.3    315.20     1.80    -9999
JUNGFRAU2  010416 3600 100000-110000   30     290.70  490.3    314.92     1.70    -9999
JUNGFRAU2  010416 3600 110000-120000   30     292.80  490.4    317.39     2.50    -9999
JUNGFRAU2  010416 3600 120000-130000   30     291.61  490.6    316.64     2.30    -9999
JUNGFRAU2  010416 3600 130000-140000   30     292.66  490.8    318.40     2.80    -9999
JUNGFRAU2  010416 3600 140000-150000   30     292.71  490.7    318.22     2.80    -9999
JUNGFRAU2  010416 3600 150000-160000   30     291.67  490.7    316.92     2.30    -9999
JUNGFRAU2  010416 3600 160000-170000   30     291.05  490.7    316.54     2.20    -9999
JUNGFRAU2  010416 3600 170000-180000   30     289.54  490.8    315.05     1.70    -9999
JUNGFRAU2  010416 3600 180000-190000   30     287.50  491.0    313.39     1.20    -9999
JUNGFRAU2  010416 3600 190000-200000   30     285.95  491.3    312.72     1.00    -9999
JUNGFRAU2  010416 3600 200000-210000   30     285.62  491.2    312.08     0.80    -9999
JUNGFRAU2  010416 3600 210000-220000   30     285.45  491.2    311.66     0.60    -9999
JUNGFRAU2  010416 3600 220000-230000   30     286.34  491.1    312.42     0.90    -9999
JUNGFRAU2  010416 3600 230000-240000   30     285.60  491.0    311.53     0.60    -9999
*
COMMENT    EFFECTS OF TURBULENT AND HIGH SPEED WINDS ON PRESSURE 
COMMENT    MEASUREMENTS ON 15 APRIL 2001. 
COMMENT    FOR DETAILS SEE SPECIAL REPORT (AVAILABLE UPON REQUEST).
COMMENT    DATA VERIFIED BY ERWIN O. FLUECKIGER AND ROLF BUETIKOFER
COMMENT    FOR THE COSMIC RAY GROUP OF THE UNIVERSITY OF BERN.
COMMENT UNIVERISTY OF OULU: FILE GENERATED FROM DATABASE AND OBTAINED FROM
COMMENT https://gle.oulu.fi at 2023-04-05 10:02:56 +00:00
COMMENT FOR HISTORICAL/ORIGINAL TEXT FILES SEE https://gle.oulu.fi/txtarchive/
COMMENT ORIGINAL AT https://gle.oulu.fi/txtarchive/GLE60/C060JUN2.DAT
COMMENT DETRENDED DATA SHOW -9999 IF EQUAL TO INC% COLUMN 