BERN       LATITUDE    46.95     LONGITUDE     7.45      ALTITUDE    570 M
BERN       INSTRUMENT   SPECIAL  NEUTRON MONITOR	
BERN       STANDARD PRESSURE    710     MMHG   COEFFICIENT   -0.9557   % / MMHG
BERN       PRE-INCREASE BASELINE TIME INTERVAL    010415    120000-130000   UT
BERN       PRE-INCREASE AVERAGE COUNTING RATE     40.71      COUNTS PER SECOND
BERN       TIME INTERVALS    300         3600     
BERN       SCALE FACTORS     1           1        
STATION    YYMMDD  SEC   TIME (UT)   CODE    UNCORR. PRESS.    CORR.    % INC.	DETRENDED
                         INTERVAL    TD      C/S    (MMHG)     C/S
BERN       010414 3600 000000-010000   20      37.02  717.3     39.72    -2.40    -9999
BERN       010414 3600 010000-020000   20      37.09  717.2     39.75    -2.40    -9999
BERN       010414 3600 020000-030000   20      37.20  717.2     39.84    -2.20    -9999
BERN       010414 3600 030000-040000   20      37.31  717.3     40.02    -1.70    -9999
BERN       010414 3600 040000-050000   20      37.36  717.6     40.17    -1.30    -9999
BERN       010414 3600 050000-060000   20      37.10  717.9     39.99    -1.80    -9999
BERN       010414 3600 060000-070000   20      37.40  718.0     40.38    -0.80    -9999
BERN       010414 3600 070000-080000   20      37.24  718.0     40.21    -1.30    -9999
BERN       010414 3600 080000-090000   20      37.53  718.1     40.56    -0.40    -9999
BERN       010414 3600 090000-100000   20      37.51  718.0     40.50    -0.50    -9999
BERN       010414 3600 100000-110000   20      37.89  717.7     40.80     0.20    -9999
BERN       010414 3600 110000-120000   20      37.47  717.6     40.28    -1.10    -9999
BERN       010414 3600 120000-130000   20      37.61  717.4     40.38    -0.80    -9999
BERN       010414 3600 130000-140000   20      38.09  717.1     40.78     0.20    -9999
BERN       010414 3600 140000-150000   20      37.94  716.9     40.53    -0.50    -9999
BERN       010414 3600 150000-160000   20      37.80  716.9     40.38    -0.80    -9999
BERN       010414 3600 160000-170000   20      37.63  716.9     40.17    -1.30    -9999
BERN       010414 3600 170000-180000   20      37.70  716.8     40.23    -1.20    -9999
BERN       010414 3600 180000-190000   20      37.18  716.8     39.67    -2.60    -9999
BERN       010414 3600 190000-200000   20      37.00  716.9     39.53    -2.90    -9999
BERN       010414 3600 200000-210000   20      36.98  716.9     39.51    -3.00    -9999
BERN       010414 3600 210000-220000   20      37.52  716.9     40.08    -1.50    -9999
BERN       010414 3600 220000-230000   20      37.67  716.7     40.19    -1.30    -9999
BERN       010414 3600 230000-240000   20      37.65  716.3     40.01    -1.70    -9999
BERN       010415 3600 000000-010000   20      38.00  715.7     40.13    -1.40    -9999
BERN       010415 3600 010000-020000   20      38.15  715.1     40.04    -1.60    -9999
BERN       010415 3600 020000-030000   20      38.32  714.6     40.05    -1.60    -9999
BERN       010415 3600 030000-040000   20      38.73  714.0     40.25    -1.10    -9999
BERN       010415 3600 040000-050000   20      39.03  713.7     40.43    -0.70    -9999
BERN       010415 3600 050000-060000   20      39.24  713.3     40.51    -0.50    -9999
BERN       010415 3600 060000-070000   20      39.37  713.1     40.54    -0.40    -9999
BERN       010415 3600 070000-080000   20      39.27  712.7     40.31    -1.00    -9999
BERN       010415 3600 080000-090000   20      39.98  712.3     40.89     0.40    -9999
BERN       010415 300  090000-090500   20      38.88  712.1     39.67    -2.60    -9999
BERN       010415 300  090500-091000   20      42.04  712.1     42.89     5.40    -9999
BERN       010415 300  091000-091500   20      39.06  712.1     39.85    -2.10    -9999
BERN       010415 300  091500-092000   20      40.14  712.1     40.95     0.60    -9999
BERN       010415 300  092000-092500   20      40.80  712.0     41.59     2.10    -9999
BERN       010415 300  092500-093000   20      40.15  712.0     40.92     0.50    -9999
BERN       010415 300  093000-093500   20      39.83  712.0     40.60    -0.30    -9999
BERN       010415 300  093500-094000   20      40.40  711.9     41.14     1.00    -9999
BERN       010415 300  094000-094500   20      40.67  711.9     41.42     1.70    -9999
BERN       010415 300  094500-095000   20      40.80  711.8     41.51     2.00    -9999
BERN       010415 300  095000-095500   20      40.12  711.7     40.78     0.20    -9999
BERN       010415 300  095500-100000   20      39.36  711.7     40.00    -1.80    -9999
BERN       010415 300  100000-100500   20      38.79  711.7     39.43    -3.20    -9999
BERN       010415 300  100500-101000   20      40.54  711.6     41.17     1.10    -9999
BERN       010415 300  101000-101500   20      39.97  711.6     40.59    -0.30    -9999
BERN       010415 300  101500-102000   20      39.46  711.5     40.03    -1.70    -9999
BERN       010415 300  102000-102500   20      41.13  711.5     41.73     2.50    -9999
BERN       010415 300  102500-103000   20      39.75  711.5     40.33    -0.90    -9999
BERN       010415 300  103000-103500   20      41.04  711.4     41.59     2.20    -9999
BERN       010415 300  103500-104000   20      40.23  711.5     40.82     0.30    -9999
BERN       010415 300  104000-104500   20      41.58  711.4     42.14     3.50    -9999
BERN       010415 300  104500-105000   20      41.73  711.4     42.30     3.90    -9999
BERN       010415 300  105000-105500   20      40.62  711.4     41.17     1.10    -9999
BERN       010415 300  105500-110000   20      40.85  711.4     41.40     1.70    -9999
BERN       010415 300  110000-110500   20      40.02  711.3     40.52    -0.50    -9999
BERN       010415 300  110500-111000   20      40.84  711.2     41.32     1.50    -9999
BERN       010415 300  111000-111500   20      40.35  711.2     40.81     0.20    -9999
BERN       010415 300  111500-112000   20      41.01  711.1     41.45     1.80    -9999
BERN       010415 300  112000-112500   20      39.19  711.1     39.61    -2.70    -9999
BERN       010415 300  112500-113000   20      39.20  711.1     39.62    -2.70    -9999
BERN       010415 300  113000-113500   20      40.27  711.1     40.69    -0.10    -9999
BERN       010415 300  113500-114000   20      40.41  711.1     40.83     0.30    -9999
BERN       010415 300  114000-114500   20      39.98  711.0     40.36    -0.90    -9999
BERN       010415 300  114500-115000   20      40.91  711.0     41.31     1.50    -9999
BERN       010415 300  115000-115500   20      39.30  711.0     39.67    -2.60    -9999
BERN       010415 300  115500-120000   20      40.69  710.9     41.04     0.80    -9999
BERN       010415 300  120000-120500   20      39.89  710.9     40.23    -1.20    -9999
BERN       010415 300  120500-121000   20      40.09  710.8     40.39    -0.80    -9999
BERN       010415 300  121000-121500   20      40.79  710.8     41.10     1.00    -9999
BERN       010415 300  121500-122000   20      39.81  710.8     40.11    -1.50    -9999
BERN       010415 300  122000-122500   20      40.92  710.8     41.24     1.30    -9999
BERN       010415 300  122500-123000   20      41.63  710.8     41.95     3.00    -9999
BERN       010415 300  123000-123500   20      41.10  710.8     41.42     1.70    -9999
BERN       010415 300  123500-124000   20      40.26  710.8     40.57    -0.30    -9999
BERN       010415 300  124000-124500   20      38.85  710.8     39.15    -3.80    -9999
BERN       010415 300  124500-125000   20      40.66  710.7     40.93     0.50    -9999
BERN       010415 300  125000-125500   20      40.46  710.7     40.73     0.00    -9999
BERN       010415 300  125500-130000   20      40.47  710.7     40.75     0.10    -9999
BERN       010415 300  130000-130500   20      40.54  710.7     40.81     0.20     0.20
BERN       010415 300  130500-131000   20      40.97  710.8     41.28     1.40     1.40
BERN       010415 300  131000-131500   20      40.18  710.7     40.45    -0.60    -0.60
BERN       010415 300  131500-132000   20      40.54  710.7     40.81     0.20     0.20
BERN       010415 300  132000-132500   20      39.53  710.7     39.79    -2.30    -2.30
BERN       010415 300  132500-133000   20      41.96  710.7     42.24     3.70     3.70
BERN       010415 300  133000-133500   20      39.19  710.6     39.42    -3.20    -3.20
BERN       010415 300  133500-134000   20      41.62  710.7     41.90     2.90     2.90
BERN       010415 300  134000-134500   20      39.60  710.7     39.86    -2.10    -2.10
BERN       010415 300  134500-135000   20      40.12  710.7     40.39    -0.80    -0.80
BERN       010415 300  135000-135500   20      40.86  710.7     41.13     1.00     1.00
BERN       010415 300  135500-140000   20      40.11  710.6     40.34    -0.90    -0.90
BERN       010415 300  140000-140500   20      40.96  710.6     41.20     1.20     1.20
BERN       010415 300  140500-141000   20      41.74  710.5     41.94     3.00     3.00
BERN       010415 300  141000-141500   20      41.79  710.5     42.00     3.10     3.10
BERN       010415 300  141500-142000   20      42.46  710.5     42.66     4.80     4.80
BERN       010415 300  142000-142500   20      43.35  710.5     43.56     7.00     7.00
BERN       010415 300  142500-143000   20      42.32  710.6     42.56     4.50     4.50
BERN       010415 300  143000-143500   20      42.84  710.5     43.04     5.70     5.70
BERN       010415 300  143500-144000   20      43.65  710.5     43.86     7.70     7.70
BERN       010415 300  144000-144500   20      43.00  710.5     43.21     6.10     6.10
BERN       010415 300  144500-145000   20      43.36  710.5     43.57     7.00     7.00
BERN       010415 300  145000-145500   20      42.52  710.4     42.68     4.80     4.80
BERN       010415 300  145500-150000   20      43.64  710.4     43.81     7.60     7.60
BERN       010415 300  150000-150500   20      42.50  710.4     42.66     4.80     4.80
BERN       010415 300  150500-151000   20      41.54  710.4     41.70     2.40     2.40
BERN       010415 300  151000-151500   20      42.54  710.3     42.66     4.80     4.80
BERN       010415 300  151500-152000   20      41.59  710.3     41.71     2.40     2.40
BERN       010415 300  152000-152500   20      41.90  710.2     41.98     3.10     3.10
BERN       010415 300  152500-153000   20      40.83  710.3     40.95     0.60     0.60
BERN       010415 300  153000-153500   20      40.79  710.3     40.91     0.50     0.50
BERN       010415 300  153500-154000   20      42.03  710.3     42.15     3.50     3.50
BERN       010415 300  154000-154500   20      42.73  710.3     42.85     5.30     5.30
BERN       010415 300  154500-155000   20      41.86  710.3     41.98     3.10     3.10
BERN       010415 300  155000-155500   20      41.79  710.3     41.91     2.90     2.90
BERN       010415 300  155500-160000   20      41.18  710.3     41.30     1.40     1.40
BERN       010415 300  160000-160500   20      40.73  710.3     40.85     0.30     0.30
BERN       010415 300  160500-161000   20      41.62  710.3     41.74     2.50     2.50
BERN       010415 300  161000-161500   20      40.73  710.3     40.85     0.30     0.30
BERN       010415 300  161500-162000   20      41.49  710.3     41.61     2.20     2.20
BERN       010415 300  162000-162500   20      42.37  710.3     42.49     4.40     4.40
BERN       010415 300  162500-163000   20      41.51  710.3     41.63     2.20     2.20
BERN       010415 300  163000-163500   20      40.59  710.3     40.70     0.00     0.00
BERN       010415 300  163500-164000   20      41.77  710.3     41.89     2.90     2.90
BERN       010415 300  164000-164500   20      41.10  710.3     41.21     1.20     1.20
BERN       010415 300  164500-165000   20      41.38  710.3     41.50     1.90     1.90
BERN       010415 300  165000-165500   20      41.34  710.2     41.42     1.70     1.70
BERN       010415 300  165500-170000   20      41.94  710.2     42.02     3.20     3.20
BERN       010415 300  170000-170500   20      40.62  710.2     40.70     0.00     0.00
BERN       010415 300  170500-171000   20      42.07  710.2     42.15     3.50     3.50
BERN       010415 300  171000-171500   20      40.17  710.2     40.25    -1.10    -1.10
BERN       010415 300  171500-172000   20      41.38  710.2     41.45     1.80     1.80
BERN       010415 300  172000-172500   20      42.22  710.2     42.30     3.90     3.90
BERN       010415 300  172500-173000   20      41.44  710.2     41.52     2.00     2.00
BERN       010415 300  173000-173500   20      40.09  710.1     40.13    -1.40    -1.40
BERN       010415 300  173500-174000   20      39.17  710.1     39.20    -3.70    -3.70
BERN       010415 300  174000-174500   20      42.20  710.1     42.24     3.70     3.70
BERN       010415 300  174500-175000   20      42.10  710.1     42.14     3.50     3.50
BERN       010415 300  175000-175500   20      40.88  710.1     40.92     0.50     0.50
BERN       010415 300  175500-180000   20      40.86  710.1     40.90     0.50     0.50
BERN       010415 300  180000-180500   20      40.49  710.1     40.53    -0.50    -0.50
BERN       010415 300  180500-181000   20      41.56  710.1     41.60     2.20     2.20
BERN       010415 300  181000-181500   20      40.60  710.1     40.64    -0.20    -0.20
BERN       010415 300  181500-182000   20      41.04  710.1     41.08     0.90     0.90
BERN       010415 300  182000-182500   20      42.47  710.1     42.51     4.40     4.40
BERN       010415 300  182500-183000   20      41.46  710.1     41.50     1.90     1.90
BERN       010415 300  183000-183500   20      41.78  710.1     41.82     2.70     2.70
BERN       010415 300  183500-184000   20      40.46  710.1     40.50    -0.50    -0.50
BERN       010415 300  184000-184500   20      41.33  710.0     41.33     1.50     1.50
BERN       010415 300  184500-185000   20      40.09  710.0     40.09    -1.50    -1.50
BERN       010415 300  185000-185500   20      40.62  710.0     40.62    -0.20    -0.20
BERN       010415 300  185500-190000   20      40.30  710.0     40.30    -1.00    -1.00
BERN       010415 300  190000-190500   20      39.99  709.9     39.95    -1.90    -9999
BERN       010415 300  190500-191000   20      41.79  709.9     41.75     2.50    -9999
BERN       010415 300  191000-191500   20      40.78  709.9     40.74     0.10    -9999
BERN       010415 300  191500-192000   20      39.69  709.9     39.65    -2.60    -9999
BERN       010415 300  192000-192500   20      40.28  709.9     40.24    -1.20    -9999
BERN       010415 300  192500-193000   20      40.50  709.9     40.46    -0.60    -9999
BERN       010415 300  193000-193500   20      40.68  709.9     40.64    -0.20    -9999
BERN       010415 300  193500-194000   20      42.03  709.9     41.99     3.10    -9999
BERN       010415 300  194000-194500   20      39.74  709.9     39.70    -2.50    -9999
BERN       010415 300  194500-195000   20      40.95  709.9     40.91     0.50    -9999
BERN       010415 300  195000-195500   20      41.12  709.9     41.08     0.90    -9999
BERN       010415 300  195500-200000   20      39.70  709.9     39.66    -2.60    -9999
BERN       010415 300  200000-200500   20      40.62  709.9     40.58    -0.30    -9999
BERN       010415 300  200500-201000   20      40.44  709.9     40.40    -0.80    -9999
BERN       010415 300  201000-201500   20      41.46  709.9     41.42     1.70    -9999
BERN       010415 300  201500-202000   20      40.29  709.8     40.21    -1.20    -9999
BERN       010415 300  202000-202500   20      40.03  709.8     39.96    -1.90    -9999
BERN       010415 300  202500-203000   20      39.71  709.8     39.64    -2.60    -9999
BERN       010415 300  203000-203500   20      39.69  709.7     39.58    -2.80    -9999
BERN       010415 300  203500-204000   20      41.10  709.8     41.02     0.70    -9999
BERN       010415 300  204000-204500   20      41.05  709.8     40.97     0.60    -9999
BERN       010415 300  204500-205000   20      41.19  709.7     41.07     0.90    -9999
BERN       010415 300  205000-205500   20      40.98  709.6     40.82     0.30    -9999
BERN       010415 300  205500-210000   20      40.72  709.6     40.56    -0.40    -9999
BERN       010415 300  210000-210500   20      40.55  709.4     40.32    -1.00    -9999
BERN       010415 300  210500-211000   20      40.09  709.4     39.86    -2.10    -9999
BERN       010415 300  211000-211500   20      39.69  709.4     39.46    -3.10    -9999
BERN       010415 300  211500-212000   20      39.25  709.4     39.02    -4.20    -9999
BERN       010415 300  212000-212500   20      41.18  709.4     40.95     0.60    -9999
BERN       010415 300  212500-213000   20      40.26  709.4     40.03    -1.70    -9999
BERN       010415 300  213000-213500   20      40.11  709.4     39.88    -2.10    -9999
BERN       010415 300  213500-214000   20      41.32  709.3     41.04     0.80    -9999
BERN       010415 300  214000-214500   20      40.96  709.3     40.69    -0.10    -9999
BERN       010415 300  214500-215000   20      41.45  709.3     41.18     1.10    -9999
BERN       010415 300  215000-215500   20      41.65  709.4     41.41     1.70    -9999
BERN       010415 300  215500-220000   20      42.68  709.4     42.43     4.20    -9999
BERN       010415 300  220000-220500   20      41.51  709.4     41.27     1.40    -9999
BERN       010415 300  220500-221000   20      40.77  709.4     40.54    -0.40    -9999
BERN       010415 300  221000-221500   20      41.55  709.3     41.27     1.40    -9999
BERN       010415 300  221500-222000   20      41.10  709.3     40.82     0.30    -9999
BERN       010415 300  222000-222500   20      40.52  709.3     40.25    -1.10    -9999
BERN       010415 300  222500-223000   20      41.84  709.3     41.56     2.10    -9999
BERN       010415 300  223000-223500   20      40.13  709.3     39.86    -2.10    -9999
BERN       010415 300  223500-224000   20      41.02  709.3     40.75     0.10    -9999
BERN       010415 300  224000-224500   20      39.69  709.3     39.43    -3.20    -9999
BERN       010415 300  224500-225000   20      41.00  709.3     40.72     0.00    -9999
BERN       010415 300  225000-225500   20      40.56  709.3     40.29    -1.00    -9999
BERN       010415 300  225500-230000   20      42.59  709.3     42.31     3.90    -9999
BERN       010415 300  230000-230500   20      40.57  709.3     40.30    -1.00    -9999
BERN       010415 300  230500-231000   20      40.39  709.3     40.12    -1.50    -9999
BERN       010415 300  231000-231500   20      39.58  709.3     39.31    -3.40    -9999
BERN       010415 300  231500-232000   20      41.62  709.2     41.30     1.40    -9999
BERN       010415 300  232000-232500   20      40.23  709.3     39.96    -1.80    -9999
BERN       010415 300  232500-233000   20      41.84  709.2     41.52     2.00    -9999
BERN       010415 300  233000-233500   20      41.67  709.0     41.27     1.40    -9999
BERN       010415 300  233500-234000   20      41.94  709.0     41.54     2.00    -9999
BERN       010415 300  234000-234500   20      40.73  709.0     40.35    -0.90    -9999
BERN       010415 300  234500-235000   20      41.99  709.0     41.59     2.10    -9999
BERN       010415 300  235000-235500   20      41.37  708.9     40.94     0.60    -9999
BERN       010415 300  235500-240000   20      41.13  708.7     40.62    -0.20    -9999
BERN       010416 3600 000000-010000   20      41.14  709.0     40.73     0.00    -9999
BERN       010416 3600 010000-020000   20      41.24  709.0     40.85     0.30    -9999
BERN       010416 3600 020000-030000   20      41.71  709.0     41.31     1.50    -9999
BERN       010416 3600 030000-040000   20      41.39  709.0     41.01     0.70    -9999
BERN       010416 3600 040000-050000   20      41.72  709.0     41.33     1.50    -9999
BERN       010416 3600 050000-060000   20      41.46  709.0     41.07     0.90    -9999
BERN       010416 3600 060000-070000   20      41.58  709.0     41.17     1.10    -9999
BERN       010416 3600 070000-080000   20      41.79  709.1     41.41     1.70    -9999
BERN       010416 3600 080000-090000   20      41.22  709.3     40.93     0.50    -9999
BERN       010416 3600 090000-100000   20      41.06  709.5     40.87     0.40    -9999
BERN       010416 3600 100000-110000   20      41.68  709.9     41.65     2.30    -9999
BERN       010416 3600 110000-120000   20      41.80  709.9     41.77     2.60    -9999
BERN       010416 3600 120000-130000   20      41.74  710.0     41.74     2.50    -9999
BERN       010416 3600 130000-140000   20      41.46  710.4     41.60     2.20    -9999
BERN       010416 3600 140000-150000   20      40.88  710.6     41.11     1.00    -9999
BERN       010416 3600 150000-160000   20      41.68  710.8     42.01     3.20    -9999
BERN       010416 3600 160000-170000   20      41.24  711.2     41.70     2.40    -9999
BERN       010416 3600 170000-180000   20      40.97  711.5     41.55     2.10    -9999
BERN       010416 3600 180000-190000   20      40.44  712.0     41.24     1.30    -9999
BERN       010416 3600 190000-200000   20      40.52  712.7     41.57     2.10    -9999
BERN       010416 3600 200000-210000   20      40.45  712.9     41.59     2.20    -9999
BERN       010416 3600 210000-220000   20      40.52  713.0     41.68     2.40    -9999
BERN       010416 3600 220000-230000   20      40.35  712.9     41.50     1.90    -9999
BERN       010416 3600 230000-240000   20      40.27  713.1     41.46     1.80    -9999
*
*	
*COMMENT    THE DATA INCLUDE THE COUNT RATES OF ALL SECTIONS OF THE SPECIAL	
*	
COMMENT UNIVERISTY OF OULU: FILE GENERATED FROM DATABASE AND OBTAINED FROM
COMMENT https://gle.oulu.fi at 2023-04-05 10:02:56 +00:00
COMMENT FOR HISTORICAL/ORIGINAL TEXT FILES SEE https://gle.oulu.fi/txtarchive/
COMMENT ORIGINAL AT https://gle.oulu.fi/txtarchive/GLE60/C060BERN_cor.DAT
COMMENT DETRENDED DATA SHOW -9999 IF EQUAL TO INC% COLUMN 