POTCHEFSTR LATITUDE    -26.68    LONGITUDE     27.92     ALTITUDE    1351 M
POTCHEFSTR INSTRUMENT   12IGY    NEUTRON MONITOR     
POTCHEFSTR STANDARD PRESSURE    660     MMHG   COEFFICIENT   0.99      % / MMHG
POTCHEFSTR PRE-INCREASE BASELINE TIME INTERVAL    010415    120000-130000   UT
POTCHEFSTR PRE-INCREASE AVERAGE COUNTING RATE     49.61      COUNTS PER SECOND
POTCHEFSTR TIME INTERVALS    300         3600     
POTCHEFSTR SCALE FACTORS     1           1        
STATION    YYMMDD  SEC   TIME (UT)   CODE    UNCORR. PRESS.    CORR.    % INC.	DETRENDED
                         INTERVAL    TD      C/S    (MMHG)     C/S
POTCHEFSTR 010414 3600 000000-010000   00    -999.00 -999.0     48.28    -2.70    -9999
POTCHEFSTR 010414 3600 010000-020000   00    -999.00 -999.0     48.12    -3.00    -9999
POTCHEFSTR 010414 3600 020000-030000   00    -999.00 -999.0     48.54    -2.20    -9999
POTCHEFSTR 010414 3600 030000-040000   00    -999.00 -999.0     48.57    -2.10    -9999
POTCHEFSTR 010414 3600 040000-050000   00    -999.00 -999.0     48.25    -2.70    -9999
POTCHEFSTR 010414 3600 050000-060000   00    -999.00 -999.0     48.39    -2.50    -9999
POTCHEFSTR 010414 3600 060000-070000   00    -999.00 -999.0     48.81    -1.60    -9999
POTCHEFSTR 010414 3600 070000-080000   00    -999.00 -999.0     48.52    -2.20    -9999
POTCHEFSTR 010414 3600 080000-090000   00    -999.00 -999.0     48.60    -2.00    -9999
POTCHEFSTR 010414 3600 090000-100000   00    -999.00 -999.0     48.62    -2.00    -9999
POTCHEFSTR 010414 3600 100000-110000   00    -999.00 -999.0     48.89    -1.50    -9999
POTCHEFSTR 010414 3600 110000-120000   00    -999.00 -999.0     48.47    -2.30    -9999
POTCHEFSTR 010414 3600 120000-130000   00    -999.00 -999.0     48.54    -2.20    -9999
POTCHEFSTR 010414 3600 130000-140000   00    -999.00 -999.0     48.47    -2.30    -9999
POTCHEFSTR 010414 3600 140000-150000   00    -999.00 -999.0     48.99    -1.20    -9999
POTCHEFSTR 010414 3600 150000-160000   00    -999.00 -999.0     48.57    -2.10    -9999
POTCHEFSTR 010414 3600 160000-170000   00    -999.00 -999.0     48.68    -1.90    -9999
POTCHEFSTR 010414 3600 170000-180000   00    -999.00 -999.0     48.15    -2.90    -9999
POTCHEFSTR 010414 3600 180000-190000   00    -999.00 -999.0     48.44    -2.40    -9999
POTCHEFSTR 010414 3600 190000-200000   00    -999.00 -999.0     48.12    -3.00    -9999
POTCHEFSTR 010414 3600 200000-210000   00    -999.00 -999.0     47.65    -4.00    -9999
POTCHEFSTR 010414 3600 210000-220000   00    -999.00 -999.0     47.99    -3.30    -9999
POTCHEFSTR 010414 3600 220000-230000   00    -999.00 -999.0     48.36    -2.50    -9999
POTCHEFSTR 010414 3600 230000-240000   00    -999.00 -999.0     48.36    -2.50    -9999
POTCHEFSTR 010415 3600 000000-010000   00      52.35  652.6     48.65    -1.90    -9999
POTCHEFSTR 010415 3600 010000-020000   00      52.24  652.6     48.57    -2.10    -9999
POTCHEFSTR 010415 3600 020000-030000   00      52.48  652.6     48.77    -1.70    -9999
POTCHEFSTR 010415 3600 030000-040000   00      52.55  652.7     48.91    -1.40    -9999
POTCHEFSTR 010415 3600 040000-050000   00      52.61  653.0     49.09    -1.00    -9999
POTCHEFSTR 010415 3600 050000-060000   00      51.79  653.4     48.53    -2.20    -9999
POTCHEFSTR 010415 3600 060000-070000   00      51.90  653.7     48.75    -1.70    -9999
POTCHEFSTR 010415 3600 070000-080000   00      51.97  653.8     48.89    -1.50    -9999
POTCHEFSTR 010415 300  080000-080500   00      51.60  653.9     48.58    -2.10    -9999
POTCHEFSTR 010415 300  080500-081000   00      51.56  653.9     48.54    -2.20    -9999
POTCHEFSTR 010415 300  081000-081500   00      52.65  653.9     49.57    -0.10    -9999
POTCHEFSTR 010415 300  081500-082000   00      51.54  654.0     48.56    -2.10    -9999
POTCHEFSTR 010415 300  082000-082500   00      52.18  654.0     49.17    -0.90    -9999
POTCHEFSTR 010415 300  082500-083000   00      52.24  654.0     49.22    -0.80    -9999
POTCHEFSTR 010415 300  083000-083500   00      53.03  653.9     49.92     0.60    -9999
POTCHEFSTR 010415 300  083500-084000   00      52.72  653.9     49.64     0.10    -9999
POTCHEFSTR 010415 300  084000-084500   00      52.95  653.9     49.85     0.50    -9999
POTCHEFSTR 010415 300  084500-085000   00      51.94  653.9     48.87    -1.50    -9999
POTCHEFSTR 010415 300  085000-085500   00      51.81  653.8     48.73    -1.80    -9999
POTCHEFSTR 010415 300  085500-090000   00      51.55  653.8     48.48    -2.30    -9999
POTCHEFSTR 010415 300  090000-090500   00      52.35  653.7     49.19    -0.80    -9999
POTCHEFSTR 010415 300  090500-091000   00      52.79  653.7     49.60     0.00    -9999
POTCHEFSTR 010415 300  091000-091500   00      53.36  653.7     50.13     1.00    -9999
POTCHEFSTR 010415 300  091500-092000   00      51.63  653.7     48.50    -2.20    -9999
POTCHEFSTR 010415 300  092000-092500   00      53.03  653.7     49.83     0.40    -9999
POTCHEFSTR 010415 300  092500-093000   00      53.47  653.6     50.21     1.20    -9999
POTCHEFSTR 010415 300  093000-093500   00      53.83  653.6     50.52     1.80    -9999
POTCHEFSTR 010415 300  093500-094000   00      52.57  653.6     49.35    -0.50    -9999
POTCHEFSTR 010415 300  094000-094500   00      51.99  653.6     48.80    -1.60    -9999
POTCHEFSTR 010415 300  094500-095000   00      51.75  653.6     48.57    -2.10    -9999
POTCHEFSTR 010415 300  095000-095500   00      51.96  653.6     48.75    -1.70    -9999
POTCHEFSTR 010415 300  095500-100000   00      53.26  653.5     49.95     0.70    -9999
POTCHEFSTR 010415 300  100000-100500   00      51.41  653.5     48.21    -2.80    -9999
POTCHEFSTR 010415 300  100500-101000   00      51.88  653.5     48.64    -2.00    -9999
POTCHEFSTR 010415 300  101000-101500   00      52.21  653.5     48.94    -1.40    -9999
POTCHEFSTR 010415 300  101500-102000   00      52.43  653.4     49.11    -1.00    -9999
POTCHEFSTR 010415 300  102000-102500   00      52.97  653.4     49.62     0.00    -9999
POTCHEFSTR 010415 300  102500-103000   00      53.17  653.4     49.80     0.40    -9999
POTCHEFSTR 010415 300  103000-103500   00      52.44  653.4     49.12    -1.00    -9999
POTCHEFSTR 010415 300  103500-104000   00      51.61  653.4     48.34    -2.60    -9999
POTCHEFSTR 010415 300  104000-104500   00      53.12  653.3     49.71     0.20    -9999
POTCHEFSTR 010415 300  104500-105000   00      52.64  653.3     49.25    -0.70    -9999
POTCHEFSTR 010415 300  105000-105500   00      52.13  653.2     48.73    -1.80    -9999
POTCHEFSTR 010415 300  105500-110000   00      52.16  653.2     48.77    -1.70    -9999
POTCHEFSTR 010415 300  110000-110500   00      52.80  653.1     49.30    -0.60    -9999
POTCHEFSTR 010415 300  110500-111000   00      53.05  653.0     49.50    -0.20    -9999
POTCHEFSTR 010415 300  111000-111500   00      53.28  653.0     49.71     0.20    -9999
POTCHEFSTR 010415 300  111500-112000   00      52.45  653.0     48.92    -1.40    -9999
POTCHEFSTR 010415 300  112000-112500   00      52.02  652.9     48.49    -2.30    -9999
POTCHEFSTR 010415 300  112500-113000   00      52.83  652.9     49.24    -0.70    -9999
POTCHEFSTR 010415 300  113000-113500   00      53.57  652.8     49.90     0.60    -9999
POTCHEFSTR 010415 300  113500-114000   00      54.45  652.8     50.70     2.20    -9999
POTCHEFSTR 010415 300  114000-114500   00      52.54  652.7     48.88    -1.50    -9999
POTCHEFSTR 010415 300  114500-115000   00      52.67  652.7     49.00    -1.20    -9999
POTCHEFSTR 010415 300  115000-115500   00      53.15  652.7     49.45    -0.30    -9999
POTCHEFSTR 010415 300  115500-120000   00      52.74  652.7     49.06    -1.10    -9999
POTCHEFSTR 010415 300  120000-120500   00      54.46  652.7     50.65     2.10    -9999
POTCHEFSTR 010415 300  120500-121000   00      52.20  652.6     48.51    -2.20    -9999
POTCHEFSTR 010415 300  121000-121500   00      53.57  652.6     49.79     0.40    -9999
POTCHEFSTR 010415 300  121500-122000   00      54.05  652.6     50.23     1.20    -9999
POTCHEFSTR 010415 300  122000-122500   00      53.00  652.6     49.26    -0.70    -9999
POTCHEFSTR 010415 300  122500-123000   00      52.27  652.6     48.58    -2.10    -9999
POTCHEFSTR 010415 300  123000-123500   00      54.35  652.6     50.51     1.80    -9999
POTCHEFSTR 010415 300  123500-124000   00      52.83  652.6     49.10    -1.00    -9999
POTCHEFSTR 010415 300  124000-124500   00      53.30  652.7     49.58    -0.10    -9999
POTCHEFSTR 010415 300  124500-125000   00      53.57  652.7     49.84     0.50    -9999
POTCHEFSTR 010415 300  125000-125500   00      52.75  652.7     49.08    -1.10    -9999
POTCHEFSTR 010415 300  125500-130000   00      53.94  652.7     50.18     1.10    -9999
POTCHEFSTR 010415 300  130000-130500   00      53.02  652.7     49.32    -0.60    -9999
POTCHEFSTR 010415 300  130500-131000   00      53.39  652.6     49.64     0.10    -9999
POTCHEFSTR 010415 300  131000-131500   00      53.41  652.6     49.64     0.10    -9999
POTCHEFSTR 010415 300  131500-132000   00      52.98  652.6     49.23    -0.80    -9999
POTCHEFSTR 010415 300  132000-132500   00      53.79  652.6     49.99     0.80    -9999
POTCHEFSTR 010415 300  132500-133000   00      53.40  652.5     49.59     0.00    -9999
POTCHEFSTR 010415 300  133000-133500   00      53.59  652.5     49.75     0.30    -9999
POTCHEFSTR 010415 300  133500-134000   00      52.28  652.5     48.54    -2.20    -9999
POTCHEFSTR 010415 300  134000-134500   00      52.21  652.5     48.48    -2.30    -9999
POTCHEFSTR 010415 300  134500-135000   00      53.22  652.5     49.43    -0.40    -9999
POTCHEFSTR 010415 300  135000-135500   00      55.04  652.6     51.15     3.10    -9999
POTCHEFSTR 010415 300  135500-140000   00      53.81  652.6     50.01     0.80    -9999
POTCHEFSTR 010415 300  140000-140500   00      52.94  652.6     49.20    -0.80    -9999
POTCHEFSTR 010415 300  140500-141000   00      52.42  652.7     48.75    -1.70    -9999
POTCHEFSTR 010415 300  141000-141500   00      52.63  652.7     48.96    -1.30    -9999
POTCHEFSTR 010415 300  141500-142000   00      54.31  652.7     50.52     1.80    -9999
POTCHEFSTR 010415 300  142000-142500   00      54.25  652.7     50.47     1.70    -9999
POTCHEFSTR 010415 300  142500-143000   00      53.66  652.7     49.91     0.60    -9999
POTCHEFSTR 010415 300  143000-143500   00      53.68  652.6     49.88     0.50    -9999
POTCHEFSTR 010415 300  143500-144000   00      53.30  652.6     49.53    -0.20    -9999
POTCHEFSTR 010415 300  144000-144500   00      52.75  652.6     49.03    -1.20    -9999
POTCHEFSTR 010415 300  144500-145000   00      53.14  652.6     49.38    -0.50    -9999
POTCHEFSTR 010415 300  145000-145500   00      52.94  652.5     49.16    -0.90    -9999
POTCHEFSTR 010415 300  145500-150000   00      53.30  652.6     49.52    -0.20    -9999
POTCHEFSTR 010415 300  150000-150500   00      52.91  652.6     49.17    -0.90    -9999
POTCHEFSTR 010415 300  150500-151000   00      52.61  652.6     48.89    -1.50    -9999
POTCHEFSTR 010415 300  151000-151500   00      54.95  652.6     51.07     2.90    -9999
POTCHEFSTR 010415 300  151500-152000   00      52.92  652.7     49.22    -0.80    -9999
POTCHEFSTR 010415 300  152000-152500   00      53.38  652.7     49.66     0.10    -9999
POTCHEFSTR 010415 300  152500-153000   00      53.43  652.7     49.71     0.20    -9999
POTCHEFSTR 010415 300  153000-153500   00      52.74  652.7     49.08    -1.10    -9999
POTCHEFSTR 010415 300  153500-154000   00      54.23  652.8     50.50     1.80    -9999
POTCHEFSTR 010415 300  154000-154500   00      54.21  652.8     50.49     1.80    -9999
POTCHEFSTR 010415 300  154500-155000   00      53.32  652.9     49.69     0.20    -9999
POTCHEFSTR 010415 300  155000-155500   00      53.72  652.8     50.05     0.90    -9999
POTCHEFSTR 010415 300  155500-160000   00      53.00  652.9     49.40    -0.40    -9999
POTCHEFSTR 010415 300  160000-160500   00      53.32  652.9     49.70     0.20    -9999
POTCHEFSTR 010415 300  160500-161000   00      53.63  652.9     49.99     0.80    -9999
POTCHEFSTR 010415 300  161000-161500   00      53.94  652.9     50.28     1.40    -9999
POTCHEFSTR 010415 300  161500-162000   00      52.19  652.9     48.65    -1.90    -9999
POTCHEFSTR 010415 300  162000-162500   00      52.60  653.0     49.07    -1.10    -9999
POTCHEFSTR 010415 300  162500-163000   00      54.11  653.0     50.49     1.80    -9999
POTCHEFSTR 010415 300  163000-163500   00      52.49  653.1     49.01    -1.20    -9999
POTCHEFSTR 010415 300  163500-164000   00      52.17  653.1     48.73    -1.80    -9999
POTCHEFSTR 010415 300  164000-164500   00      52.61  653.1     49.14    -0.90    -9999
POTCHEFSTR 010415 300  164500-165000   00      53.12  653.1     49.62     0.00    -9999
POTCHEFSTR 010415 300  165000-165500   00      52.15  653.1     48.71    -1.80    -9999
POTCHEFSTR 010415 300  165500-170000   00      52.86  653.1     49.37    -0.50    -9999
POTCHEFSTR 010415 300  170000-170500   00      52.98  653.2     49.51    -0.20    -9999
POTCHEFSTR 010415 300  170500-171000   00      52.20  653.2     48.81    -1.60    -9999
POTCHEFSTR 010415 300  171000-171500   00      52.23  653.3     48.86    -1.50    -9999
POTCHEFSTR 010415 300  171500-172000   00      52.29  653.3     48.93    -1.40    -9999
POTCHEFSTR 010415 300  172000-172500   00      53.27  653.3     49.86     0.50    -9999
POTCHEFSTR 010415 300  172500-173000   00      54.00  653.4     50.59     2.00    -9999
POTCHEFSTR 010415 300  173000-173500   00      52.14  653.4     48.85    -1.50    -9999
POTCHEFSTR 010415 300  173500-174000   00      52.39  653.4     49.08    -1.10    -9999
POTCHEFSTR 010415 300  174000-174500   00      52.34  653.4     49.03    -1.20    -9999
POTCHEFSTR 010415 300  174500-175000   00      51.87  653.4     48.59    -2.10    -9999
POTCHEFSTR 010415 300  175000-175500   00      52.18  653.5     48.91    -1.40    -9999
POTCHEFSTR 010415 300  175500-180000   00      52.63  653.5     49.35    -0.50    -9999
POTCHEFSTR 010415 300  180000-180500   00      51.32  653.5     48.13    -3.00    -9999
POTCHEFSTR 010415 300  180500-181000   00      52.35  653.5     49.09    -1.00    -9999
POTCHEFSTR 010415 300  181000-181500   00      51.92  653.5     48.68    -1.90    -9999
POTCHEFSTR 010415 300  181500-182000   00      51.33  653.5     48.13    -3.00    -9999
POTCHEFSTR 010415 300  182000-182500   00      53.37  653.5     50.04     0.90    -9999
POTCHEFSTR 010415 300  182500-183000   00      52.54  653.5     49.26    -0.70    -9999
POTCHEFSTR 010415 300  183000-183500   00      53.48  653.5     50.15     1.10    -9999
POTCHEFSTR 010415 300  183500-184000   00      53.12  653.6     49.86     0.50    -9999
POTCHEFSTR 010415 300  184000-184500   00      51.13  653.6     47.99    -3.30    -9999
POTCHEFSTR 010415 300  184500-185000   00      52.75  653.7     49.54    -0.10    -9999
POTCHEFSTR 010415 300  185000-185500   00      52.56  653.7     49.38    -0.50    -9999
POTCHEFSTR 010415 300  185500-190000   00      52.40  653.8     49.27    -0.70    -9999
POTCHEFSTR 010415 300  190000-190500   00      51.31  653.8     48.25    -2.70    -9999
POTCHEFSTR 010415 300  190500-191000   00      51.46  653.8     48.40    -2.40    -9999
POTCHEFSTR 010415 300  191000-191500   00      51.73  653.8     48.67    -1.90    -9999
POTCHEFSTR 010415 300  191500-192000   00      51.65  653.9     48.60    -2.00    -9999
POTCHEFSTR 010415 300  192000-192500   00      52.12  653.8     49.03    -1.20    -9999
POTCHEFSTR 010415 300  192500-193000   00      52.75  653.9     49.64     0.10    -9999
POTCHEFSTR 010415 300  193000-193500   00      52.69  653.8     49.55    -0.10    -9999
POTCHEFSTR 010415 300  193500-194000   00      52.37  653.8     49.26    -0.70    -9999
POTCHEFSTR 010415 300  194000-194500   00      52.07  653.9     49.00    -1.20    -9999
POTCHEFSTR 010415 300  194500-195000   00      52.14  653.8     49.03    -1.20    -9999
POTCHEFSTR 010415 300  195000-195500   00      52.45  653.8     49.33    -0.60    -9999
POTCHEFSTR 010415 300  195500-200000   00      52.81  653.7     49.63     0.00    -9999
POTCHEFSTR 010415 3600 200000-210000   00      51.96  653.6     48.77    -1.70    -9999
POTCHEFSTR 010415 3600 210000-220000   00      52.49  653.5     49.22    -0.80    -9999
POTCHEFSTR 010415 3600 220000-230000   00      52.38  653.2     48.99    -1.20    -9999
POTCHEFSTR 010415 3600 230000-240000   00      52.40  653.0     48.91    -1.40    -9999
POTCHEFSTR 010416 3600 000000-010000   00      52.99  652.7     49.30    -0.60    -9999
POTCHEFSTR 010416 3600 010000-020000   00      53.33  652.4     49.45    -0.30    -9999
POTCHEFSTR 010416 3600 020000-030000   00      53.40  652.1     49.40    -0.40    -9999
POTCHEFSTR 010416 3600 030000-040000   00      53.20  652.4     49.36    -0.50    -9999
POTCHEFSTR 010416 3600 040000-050000   00      53.02  652.7     49.33    -0.60    -9999
POTCHEFSTR 010416 3600 050000-060000   00      52.83  653.1     49.34    -0.50    -9999
POTCHEFSTR 010416 3600 060000-070000   00      52.64  653.4     49.30    -0.60    -9999
POTCHEFSTR 010416 3600 070000-080000   00      52.85  653.4     49.51    -0.20    -9999
POTCHEFSTR 010416 3600 080000-090000   00      52.67  653.3     49.29    -0.60    -9999
POTCHEFSTR 010416 3600 090000-100000   00      53.52  653.2     50.02     0.80    -9999
POTCHEFSTR 010416 3600 100000-110000   00      53.26  652.9     49.62     0.00    -9999
POTCHEFSTR 010416 3600 110000-120000   00      53.96  652.3     49.98     0.70    -9999
POTCHEFSTR 010416 3600 120000-130000   00      54.28  651.6     49.95     0.70    -9999
POTCHEFSTR 010416 3600 130000-140000   00      54.45  651.5     50.04     0.90    -9999
POTCHEFSTR 010416 3600 140000-150000   00      54.20  652.0     50.06     0.90    -9999
POTCHEFSTR 010416 3600 150000-160000   00      53.68  652.1     49.66     0.10    -9999
POTCHEFSTR 010416 3600 160000-170000   00      53.81  652.2     49.79     0.40    -9999
POTCHEFSTR 010416 3600 170000-180000   00      53.96  652.2     49.96     0.70    -9999
POTCHEFSTR 010416 3600 180000-190000   00      53.65  652.7     49.93     0.60    -9999
POTCHEFSTR 010416 3600 190000-200000   00      53.17  653.0     49.61     0.00    -9999
POTCHEFSTR 010416 3600 200000-210000   00      52.87  653.3     49.46    -0.30    -9999
POTCHEFSTR 010416 3600 210000-220000   00      53.22  653.8     50.04     0.90    -9999
POTCHEFSTR 010416 3600 220000-230000   00      52.72  653.8     49.55    -0.10    -9999
POTCHEFSTR 010416 3600 230000-240000   00      53.43  653.2     49.96     0.70    -9999
*
COMMENT UNIVERISTY OF OULU: FILE GENERATED FROM DATABASE AND OBTAINED FROM
COMMENT https://gle.oulu.fi at 2023-04-05 10:02:56 +00:00
COMMENT FOR HISTORICAL/ORIGINAL TEXT FILES SEE https://gle.oulu.fi/txtarchive/
COMMENT ORIGINAL AT https://gle.oulu.fi/txtarchive/GLE60/C060PTFM.DAT
COMMENT DETRENDED DATA SHOW -9999 IF EQUAL TO INC% COLUMN 