MCMURDO    LATITUDE    -77.95    LONGITUDE     166.6     ALTITUDE    48 M
MCMURDO    INSTRUMENT   18NM64    NEUTRON MONITOR     	
MCMURDO    STANDARD PRESSURE    963.3   mb     COEFFICIENT   -0.74     % / mb
MCMURDO    PRE-INCREASE BASELINE TIME INTERVAL    010415    120000-130000   UT
MCMURDO    PRE-INCREASE AVERAGE COUNTING RATE    245.95      COUNTS PER SECOND
MCMURDO    TIME INTERVALS    300         3600     
MCMURDO    SCALE FACTORS     1           1        
STATION    YYMMDD  SEC   TIME (UT)   CODE    UNCORR. PRESS.    CORR.    % INC.	DETRENDED
                         INTERVAL    TD      C/S     (mb)      C/S
MCMURDO    010414 3600 000000-010000   00     242.08  960.5    237.10    -3.60    -9999
MCMURDO    010414 3600 010000-020000   00     243.03  960.8    238.50    -3.00    -9999
MCMURDO    010414 3600 020000-030000   00     243.94  960.5    238.93    -2.90    -9999
MCMURDO    010414 3600 030000-040000   00     244.00  960.5    238.98    -2.80    -9999
MCMURDO    010414 3600 040000-050000   00     243.08  960.3    237.61    -3.40    -9999
MCMURDO    010414 3600 050000-060000   00     244.39  960.0    238.41    -3.10    -9999
MCMURDO    010414 3600 060000-070000   00     245.61  960.0    239.61    -2.60    -9999
MCMURDO    010414 3600 070000-080000   00     245.19  960.3    239.67    -2.60    -9999
MCMURDO    010414 3600 080000-090000   00     245.08  960.5    240.04    -2.40    -9999
MCMURDO    010414 3600 090000-100000   00     245.53  960.8    240.95    -2.00    -9999
MCMURDO    010414 3600 100000-110000   00     244.86  960.5    239.82    -2.50    -9999
MCMURDO    010414 3600 110000-120000   00     244.17  960.5    239.14    -2.80    -9999
MCMURDO    010414 3600 120000-130000   00     244.67  960.3    239.16    -2.80    -9999
MCMURDO    010414 3600 130000-140000   00     245.08  960.0    239.09    -2.80    -9999
MCMURDO    010414 3600 140000-150000   00     246.42  960.1    240.63    -2.20    -9999
MCMURDO    010414 3600 150000-160000   00     247.19  960.4    241.87    -1.70    -9999
MCMURDO    010414 3600 160000-170000   00     247.69  960.5    242.60    -1.40    -9999
MCMURDO    010414 3600 170000-180000   00     247.61  960.5    242.52    -1.40    -9999
MCMURDO    010414 3600 180000-190000   00     246.94  960.7    242.10    -1.60    -9999
MCMURDO    010414 3600 190000-200000   00     246.19  960.7    241.37    -1.90    -9999
MCMURDO    010414 3600 200000-210000   00     244.89  960.7    240.09    -2.40    -9999
MCMURDO    010414 3600 210000-220000   00     244.00  960.9    239.69    -2.50    -9999
MCMURDO    010414 3600 220000-230000   00     243.44  961.3    239.86    -2.50    -9999
MCMURDO    010414 3600 230000-240000   00     243.50  961.3    239.91    -2.50    -9999
MCMURDO    010415 3600 000000-010000   00     243.78  961.5    240.42    -2.20    -9999
MCMURDO    010415 3600 010000-020000   00     244.58  961.2    240.74    -2.10    -9999
MCMURDO    010415 3600 020000-030000   00     244.44  961.5    241.08    -2.00    -9999
MCMURDO    010415 3600 030000-040000   00     244.72  961.5    241.35    -1.90    -9999
MCMURDO    010415 3600 040000-050000   00     244.03  962.3    242.10    -1.60    -9999
MCMURDO    010415 3600 050000-060000   00     243.47  962.1    241.31    -1.90    -9999
MCMURDO    010415 3600 060000-070000   00     243.69  962.1    241.53    -1.80    -9999
MCMURDO    010415 3600 070000-080000   00     245.39  962.4    243.69    -0.90    -9999
MCMURDO    010415 3600 080000-090000   00     243.89  963.2    243.65    -0.90    -9999
MCMURDO    010415 300  090000-090500   00     243.43  963.5    243.65    -0.90    -9999
MCMURDO    010415 300  090500-091000   00     243.11  963.5    243.38    -1.10    -9999
MCMURDO    010415 300  091000-091500   00     244.76  963.5    245.09    -0.30    -9999
MCMURDO    010415 300  091500-092000   00     241.44  963.5    241.82    -1.70    -9999
MCMURDO    010415 300  092000-092500   00     244.10  963.6    244.51    -0.60    -9999
MCMURDO    010415 300  092500-093000   00     243.77  963.6    244.22    -0.70    -9999
MCMURDO    010415 300  093000-093500   00     243.44  963.6    243.92    -0.80    -9999
MCMURDO    010415 300  093500-094000   00     245.09  963.6    245.61    -0.20    -9999
MCMURDO    010415 300  094000-094500   00     244.10  963.6    244.63    -0.50    -9999
MCMURDO    010415 300  094500-095000   00     244.43  963.6    244.98    -0.40    -9999
MCMURDO    010415 300  095000-095500   00     245.10  963.6    245.66    -0.10    -9999
MCMURDO    010415 300  095500-100000   00     243.10  963.6    243.67    -0.90    -9999
MCMURDO    010415 300  100000-100500   00     243.77  963.6    244.29    -0.70    -9999
MCMURDO    010415 300  100500-101000   00     245.09  963.6    245.61    -0.10    -9999
MCMURDO    010415 300  101000-101500   00     243.44  963.6    243.95    -0.80    -9999
MCMURDO    010415 300  101500-102000   00     243.43  963.6    243.94    -0.80    -9999
MCMURDO    010415 300  102000-102500   00     242.11  963.6    242.61    -1.40    -9999
MCMURDO    010415 300  102500-103000   00     241.78  963.6    242.27    -1.50    -9999
MCMURDO    010415 300  103000-103500   00     245.10  963.6    245.58    -0.20    -9999
MCMURDO    010415 300  103500-104000   00     243.77  963.6    244.24    -0.70    -9999
MCMURDO    010415 300  104000-104500   00     244.76  963.6    245.22    -0.30    -9999
MCMURDO    010415 300  104500-105000   00     242.44  963.6    242.88    -1.30    -9999
MCMURDO    010415 300  105000-105500   00     244.43  963.6    244.86    -0.40    -9999
MCMURDO    010415 300  105500-110000   00     246.42  963.6    246.83     0.40    -9999
MCMURDO    010415 300  110000-110500   00     247.42  963.5    247.78     0.70    -9999
MCMURDO    010415 300  110500-111000   00     245.42  963.5    245.77    -0.10    -9999
MCMURDO    010415 300  111000-111500   00     245.09  963.5    245.42    -0.20    -9999
MCMURDO    010415 300  111500-112000   00     244.10  963.5    244.40    -0.60    -9999
MCMURDO    010415 300  112000-112500   00     243.44  963.5    243.72    -0.90    -9999
MCMURDO    010415 300  112500-113000   00     242.77  963.5    243.03    -1.20    -9999
MCMURDO    010415 300  113000-113500   00     247.08  963.5    247.32     0.60    -9999
MCMURDO    010415 300  113500-114000   00     245.10  963.5    245.32    -0.30    -9999
MCMURDO    010415 300  114000-114500   00     247.08  963.4    247.28     0.50    -9999
MCMURDO    010415 300  114500-115000   00     244.10  963.4    244.28    -0.70    -9999
MCMURDO    010415 300  115000-115500   00     245.43  963.4    245.58    -0.10    -9999
MCMURDO    010415 300  115500-120000   00     244.10  963.4    244.24    -0.70    -9999
MCMURDO    010415 300  120000-120500   00     243.10  963.3    243.10    -1.20    -9999
MCMURDO    010415 300  120500-121000   00     248.08  963.3    248.06     0.90    -9999
MCMURDO    010415 300  121000-121500   00     245.76  963.3    245.73    -0.10    -9999
MCMURDO    010415 300  121500-122000   00     243.10  963.3    243.07    -1.20    -9999
MCMURDO    010415 300  122000-122500   00     247.08  963.3    247.06     0.40    -9999
MCMURDO    010415 300  122500-123000   00     245.09  963.3    245.08    -0.40    -9999
MCMURDO    010415 300  123000-123500   00     247.75  963.3    247.75     0.70    -9999
MCMURDO    010415 300  123500-124000   00     247.75  963.3    247.77     0.70    -9999
MCMURDO    010415 300  124000-124500   00     244.76  963.4    244.82    -0.50    -9999
MCMURDO    010415 300  124500-125000   00     246.42  963.4    246.52     0.20    -9999
MCMURDO    010415 300  125000-125500   00     245.76  963.4    245.90     0.00    -9999
MCMURDO    010415 300  125500-130000   00     246.75  963.4    246.94     0.40    -9999
MCMURDO    010415 300  130000-130500   00     246.09  963.6    246.52     0.20     0.04
MCMURDO    010415 300  130500-131000   00     243.77  963.6    244.25    -0.70    -0.88
MCMURDO    010415 300  131000-131500   00     245.76  963.6    246.30     0.10    -0.11
MCMURDO    010415 300  131500-132000   00     245.09  963.7    245.69    -0.10    -0.33
MCMURDO    010415 300  132000-132500   00     243.44  963.7    244.08    -0.70    -0.95
MCMURDO    010415 300  132500-133000   00     242.11  963.7    242.79    -1.30    -1.57
MCMURDO    010415 300  133000-133500   00     244.43  963.7    245.16    -0.30    -0.59
MCMURDO    010415 300  133500-134000   00     245.43  963.8    246.20     0.10    -0.21
MCMURDO    010415 300  134000-134500   00     243.44  963.8    244.24    -0.70    -1.03
MCMURDO    010415 300  134500-135000   00     246.09  963.8    246.93     0.40     0.05
MCMURDO    010415 300  135000-135500   00     247.75  963.8    248.62     1.10     0.73
MCMURDO    010415 300  135500-140000   00     254.38  963.8    255.31     3.80     3.41
MCMURDO    010415 300  140000-140500   00     309.77  963.8    310.81    26.40    25.99
MCMURDO    010415 300  140500-141000   00     379.41  963.8    380.72    54.80    54.37
MCMURDO    010415 300  141000-141500   00     445.08  963.8    446.66    81.60    81.15
MCMURDO    010415 300  141500-142000   00     447.74  963.8    449.36    82.70    82.23
MCMURDO    010415 300  142000-142500   00     455.36  963.8    457.07    85.80    85.31
MCMURDO    010415 300  142500-143000   00     457.35  963.9    459.12    86.70    86.19
MCMURDO    010415 300  143000-143500   00     495.50  963.9    497.47   102.30   101.77
MCMURDO    010415 300  143500-144000   00     448.73  963.9    450.58    83.20    82.65
MCMURDO    010415 300  144000-144500   00     441.77  963.9    443.64    80.40    79.83
MCMURDO    010415 300  144500-145000   00     447.07  963.9    449.03    82.60    82.01
MCMURDO    010415 300  145000-145500   00     442.76  963.9    444.77    80.80    80.19
MCMURDO    010415 300  145500-150000   00     431.15  964.0    433.18    76.10    75.47
MCMURDO    010415 300  150000-150500   00     439.11  964.0    441.35    79.50    78.85
MCMURDO    010415 300  150500-151000   00     442.76  964.0    445.09    81.00    80.33
MCMURDO    010415 300  151000-151500   00     434.47  964.1    436.83    77.60    76.91
MCMURDO    010415 300  151500-152000   00     424.52  964.1    426.89    73.60    72.89
MCMURDO    010415 300  152000-152500   00     410.92  964.1    413.27    68.00    67.28
MCMURDO    010415 300  152500-153000   00     397.32  964.1    399.65    62.50    61.76
MCMURDO    010415 300  153000-153500   00     389.03  964.1    391.36    59.10    58.34
MCMURDO    010415 300  153500-154000   00     379.75  964.2    382.06    55.40    54.62
MCMURDO    010415 300  154000-154500   00     370.46  964.2    372.76    51.60    50.80
MCMURDO    010415 300  154500-155000   00     355.87  964.2    358.11    45.60    44.78
MCMURDO    010415 300  155000-155500   00     350.23  964.2    352.47    43.30    42.46
MCMURDO    010415 300  155500-160000   00     346.58  964.2    348.83    41.80    40.94
MCMURDO    010415 300  160000-160500   00     340.94  964.2    343.10    39.50    38.63
MCMURDO    010415 300  160500-161000   00     336.96  964.2    339.13    37.90    37.01
MCMURDO    010415 300  161000-161500   00     329.67  964.2    331.82    34.90    33.99
MCMURDO    010415 300  161500-162000   00     330.00  964.2    332.18    35.10    34.17
MCMURDO    010415 300  162000-162500   00     324.03  964.2    326.21    32.60    31.65
MCMURDO    010415 300  162500-163000   00     320.71  964.3    322.91    31.30    30.33
MCMURDO    010415 300  163000-163500   00     317.07  964.3    319.28    29.80    28.82
MCMURDO    010415 300  163500-164000   00     311.76  964.3    313.97    27.70    26.70
MCMURDO    010415 300  164000-164500   00     306.45  964.3    308.66    25.50    24.48
MCMURDO    010415 300  164500-165000   00     305.79  964.3    308.04    25.30    24.26
MCMURDO    010415 300  165000-165500   00     303.80  964.3    306.09    24.40    23.34
MCMURDO    010415 300  165500-170000   00     297.50  964.4    299.78    21.90    20.83
MCMURDO    010415 300  170000-170500   00     295.51  964.4    297.86    21.10    20.01
MCMURDO    010415 300  170500-171000   00     292.85  964.4    295.23    20.00    18.89
MCMURDO    010415 300  171000-171500   00     293.18  964.4    295.62    20.20    19.07
MCMURDO    010415 300  171500-172000   00     290.20  964.5    292.65    19.00    17.86
MCMURDO    010415 300  172000-172500   00     286.88  964.5    289.36    17.70    16.54
MCMURDO    010415 300  172500-173000   00     287.88  964.5    290.41    18.10    16.92
MCMURDO    010415 300  173000-173500   00     287.22  964.5    289.79    17.80    16.61
MCMURDO    010415 300  173500-174000   00     282.24  964.6    284.81    15.80    14.59
MCMURDO    010415 300  174000-174500   00     278.93  964.6    281.52    14.50    13.27
MCMURDO    010415 300  174500-175000   00     279.92  964.6    282.57    14.90    13.65
MCMURDO    010415 300  175000-175500   00     278.26  964.6    280.94    14.20    12.94
MCMURDO    010415 300  175500-180000   00     276.27  964.6    278.98    13.40    12.12
MCMURDO    010415 300  180000-180500   00     274.28  964.7    277.15    12.70    11.40
MCMURDO    010415 300  180500-181000   00     275.28  964.8    278.20    13.10    11.79
MCMURDO    010415 300  181000-181500   00     272.62  964.8    275.55    12.00    10.67
MCMURDO    010415 300  181500-182000   00     272.62  964.8    275.58    12.00    10.65
MCMURDO    010415 300  182000-182500   00     271.63  964.8    274.59    11.60    10.24
MCMURDO    010415 300  182500-183000   00     272.29  964.8    275.27    11.90    10.52
MCMURDO    010415 300  183000-183500   00     270.96  964.8    273.93    11.40    10.01
MCMURDO    010415 300  183500-184000   00     269.97  964.8    272.92    11.00     9.59
MCMURDO    010415 300  184000-184500   00     269.64  964.8    272.57    10.80     9.37
MCMURDO    010415 300  184500-185000   00     268.64  964.8    271.55    10.40     8.96
MCMURDO    010415 300  185000-185500   00     265.99  964.8    268.84     9.30     7.84
MCMURDO    010415 300  185500-190000   00     267.32  964.8    270.15     9.80     8.33
MCMURDO    010415 300  190000-190500   00     265.33  964.6    267.83     8.90     7.41
MCMURDO    010415 300  190500-191000   00     265.99  964.6    268.46     9.20     7.69
MCMURDO    010415 300  191000-191500   00     264.33  964.6    266.75     8.50     6.98
MCMURDO    010415 300  191500-192000   00     264.66  964.5    267.07     8.60     7.06
MCMURDO    010415 300  192000-192500   00     264.33  964.5    266.71     8.50     6.95
MCMURDO    010415 300  192500-193000   00     263.67  964.5    266.03     8.20     6.63
MCMURDO    010415 300  193000-193500   00     265.33  964.5    267.70     8.80     7.22
MCMURDO    010415 300  193500-194000   00     264.33  964.5    266.71     8.40     6.80
MCMURDO    010415 300  194000-194500   00     264.33  964.5    266.71     8.40     6.79
MCMURDO    010415 300  194500-195000   00     264.33  964.6    266.73     8.40     6.77
MCMURDO    010415 300  195000-195500   00     262.01  964.6    264.42     7.50     5.86
MCMURDO    010415 300  195500-200000   00     261.01  964.6    263.44     7.10     5.44
MCMURDO    010415 300  200000-200500   00     262.67  964.7    265.26     7.80     6.13
MCMURDO    010415 300  200500-201000   00     263.01  964.7    265.64     8.00     6.31
MCMURDO    010415 300  201000-201500   00     260.35  964.7    263.00     7.00     5.30
MCMURDO    010415 300  201500-202000   00     260.02  964.7    262.72     6.80     5.08
MCMURDO    010415 300  202000-202500   00     258.69  964.7    261.43     6.30     4.57
MCMURDO    010415 300  202500-203000   00     260.02  964.8    262.82     6.90     5.15
MCMURDO    010415 300  203000-203500   00     259.69  964.8    262.54     6.70     4.94
MCMURDO    010415 300  203500-204000   00     259.36  964.8    262.26     6.60     4.82
MCMURDO    010415 300  204000-204500   00     258.36  964.9    261.31     6.20     4.41
MCMURDO    010415 300  204500-205000   00     258.36  964.9    261.36     6.30     4.49
MCMURDO    010415 300  205000-205500   00     258.69  964.9    261.76     6.40     4.58
MCMURDO    010415 300  205500-210000   00     256.37  965.0    259.48     5.50     3.67
MCMURDO    010415 300  210000-210500   00     256.37  965.0    259.60     5.60     3.75
MCMURDO    010415 300  210500-211000   00     255.71  965.1    258.99     5.30     3.44
MCMURDO    010415 300  211000-211500   00     257.70  965.1    261.07     6.10     4.22
MCMURDO    010415 300  211500-212000   00     254.38  965.1    257.77     4.80     2.91
MCMURDO    010415 300  212000-212500   00     256.37  965.1    259.85     5.60     3.70
MCMURDO    010415 300  212500-213000   00     255.71  965.2    259.23     5.40     3.48
MCMURDO    010415 300  213000-213500   00     254.38  965.2    257.94     4.90     2.97
MCMURDO    010415 300  213500-214000   00     256.37  965.2    260.01     5.70     3.76
MCMURDO    010415 300  214000-214500   00     254.71  965.3    258.38     5.10     3.14
MCMURDO    010415 300  214500-215000   00     254.38  965.3    258.09     4.90     2.93
MCMURDO    010415 300  215000-215500   00     256.37  965.3    260.16     5.80     3.82
MCMURDO    010415 300  215500-220000   00     254.38  965.3    258.18     5.00     3.00
MCMURDO    010415 300  220000-220500   00     255.71  965.3    259.54     5.50     3.49
MCMURDO    010415 300  220500-221000   00     255.71  965.4    259.58     5.50     3.48
MCMURDO    010415 300  221000-221500   00     256.37  965.4    260.29     5.80     3.76
MCMURDO    010415 300  221500-222000   00     255.71  965.4    259.66     5.60     3.55
MCMURDO    010415 300  222000-222500   00     257.03  965.4    261.06     6.10     4.04
MCMURDO    010415 300  222500-223000   00     255.71  965.4    259.75     5.60     3.52
MCMURDO    010415 300  223000-223500   00     253.39  965.5    257.44     4.70     2.61
MCMURDO    010415 300  223500-224000   00     253.72  965.5    257.82     4.80     2.70
MCMURDO    010415 300  224000-224500   00     253.06  965.5    257.19     4.50     2.39
MCMURDO    010415 300  224500-225000   00     254.38  965.5    258.57     5.10     2.97
MCMURDO    010415 300  225000-225500   00     252.39  965.6    256.59     4.30     2.16
MCMURDO    010415 300  225500-230000   00     255.37  965.6    259.67     5.60     3.45
MCMURDO    010415 300  230000-230500   00     251.73  965.6    255.97     4.10     1.94
MCMURDO    010415 300  230500-231000   00     254.71  965.6    259.05     5.30     3.12
MCMURDO    010415 300  231000-231500   00     253.39  965.6    257.75     4.80     2.61
MCMURDO    010415 300  231500-232000   00     255.04  965.7    259.48     5.50     3.30
MCMURDO    010415 300  232000-232500   00     252.72  965.7    257.17     4.60     2.39
MCMURDO    010415 300  232500-233000   00     251.73  965.7    256.21     4.20     1.98
MCMURDO    010415 300  233000-233500   00     253.72  965.7    258.29     5.00     2.76
MCMURDO    010415 300  233500-234000   00     251.40  965.8    255.97     4.10     1.85
MCMURDO    010415 300  234000-234500   00     253.72  965.8    258.40     5.10     2.84
MCMURDO    010415 300  234500-235000   00     251.40  965.8    256.09     4.10     1.83
MCMURDO    010415 300  235000-235500   00     250.40  965.9    255.14     3.70     1.42
MCMURDO    010415 300  235500-240000   00     253.73  965.9    258.59     5.10     2.81
MCMURDO    010416 3600 000000-010000   00     251.75  966.1    257.04     4.50     2.13
MCMURDO    010416 3600 010000-020000   00     249.89  966.1    255.14     3.70     1.20
MCMURDO    010416 3600 020000-030000   00     249.61  966.4    255.36     3.80     1.19
MCMURDO    010416 3600 030000-040000   00     248.58  966.9    255.32     3.80     1.08
MCMURDO    010416 3600 040000-050000   00     248.44  966.8    254.92     3.60     0.79
MCMURDO    010416 3600 050000-060000   00     247.03  967.5    254.73     3.60     0.71
MCMURDO    010416 3600 060000-070000   00     245.67  967.7    253.83     3.20     0.23
MCMURDO    010416 3600 070000-080000   00     244.50  968.0    253.12     2.90    -0.13
MCMURDO    010416 3600 080000-090000   00     243.86  968.5    253.46     3.10    -9999
MCMURDO    010416 3600 090000-100000   00     243.75  968.8    253.85     3.20    -9999
MCMURDO    010416 3600 100000-110000   00     244.00  969.2    254.86     3.60    -9999
MCMURDO    010416 3600 110000-120000   00     242.33  969.7    254.13     3.30    -9999
MCMURDO    010416 3600 120000-130000   00     241.61  969.9    253.62     3.10    -9999
MCMURDO    010416 3600 130000-140000   00     241.67  969.7    253.43     3.00    -9999
MCMURDO    010416 3600 140000-150000   00     241.36  969.9    253.36     3.00    -9999
MCMURDO    010416 3600 150000-160000   00     240.69  970.3    253.41     3.00    -9999
MCMURDO    010416 3600 160000-170000   00     240.17  970.7    253.61     3.10    -9999
MCMURDO    010416 3600 170000-180000   00     238.08  971.5    252.90     2.80    -9999
MCMURDO    010416 3600 180000-190000   00     237.56  971.7    252.84     2.80    -9999
MCMURDO    010416 3600 190000-200000   00     237.28  972.0    253.05     2.90    -9999
MCMURDO    010416 3600 200000-210000   00     236.00  972.5    252.68     2.70    -9999
MCMURDO    010416 3600 210000-220000   00     235.39  973.1    253.03     2.90    -9999
MCMURDO    010416 3600 220000-230000   00     235.06  973.2    252.92     2.80    -9999
MCMURDO    010416 3600 230000-240000   00     234.28  973.7    253.09     2.90    -9999
*
*	
COMMENT UNIVERISTY OF OULU: FILE GENERATED FROM DATABASE AND OBTAINED FROM
COMMENT https://gle.oulu.fi at 2023-04-05 10:02:56 +00:00
COMMENT FOR HISTORICAL/ORIGINAL TEXT FILES SEE https://gle.oulu.fi/txtarchive/
COMMENT ORIGINAL AT https://gle.oulu.fi/txtarchive/GLE60/C060MCMD_cor.DAT
COMMENT DETRENDED DATA SHOW -9999 IF EQUAL TO INC% COLUMN 