MOSCOW     LATITUDE    55.47     LONGITUDE     37.32     ALTITUDE    200 M
MOSCOW     INSTRUMENT   24NM64    NEUTRON MONITOR	
MOSCOW     STANDARD PRESSURE    991.5   MB     COEFFICIENT   -0.71     % / MB
MOSCOW     PRE-INCREASE BASELINE TIME INTERVAL    010415    120000-130000   UT
MOSCOW     PRE-INCREASE AVERAGE COUNTING RATE    211.16      COUNTS PER SECOND
MOSCOW     TIME INTERVALS    300         3600     
MOSCOW     SCALE FACTORS     1           1        
STATION    YYMMDD  SEC   TIME (UT)   CODE    UNCORR. PRESS.    CORR.    % INC.	DETRENDED
                         INTERVAL    TD      C/S     (MB)      C/S
MOSCOW     010414 3600 000000-010000   00     210.65  986.6    203.39    -3.70    -9999
MOSCOW     010414 3600 010000-020000   00     211.06  986.3    203.36    -3.70    -9999
MOSCOW     010414 3600 020000-030000   00     212.13  986.2    204.24    -3.30    -9999
MOSCOW     010414 3600 030000-040000   00     211.88  986.1    203.85    -3.50    -9999
MOSCOW     010414 3600 040000-050000   00     214.42  986.0    206.15    -2.40    -9999
MOSCOW     010414 3600 050000-060000   00     213.59  985.9    205.21    -2.80    -9999
MOSCOW     010414 3600 060000-070000   00     214.09  985.8    205.54    -2.70    -9999
MOSCOW     010414 3600 070000-080000   00     214.84  985.5    205.82    -2.50    -9999
MOSCOW     010414 3600 080000-090000   00     216.07  985.3    206.70    -2.10    -9999
MOSCOW     010414 3600 090000-100000   00     217.60  985.0    207.72    -1.60    -9999
MOSCOW     010414 3600 100000-110000   00     217.73  984.8    207.55    -1.70    -9999
MOSCOW     010414 3600 110000-120000   00     218.65  984.4    207.83    -1.60    -9999
MOSCOW     010414 3600 120000-130000   00     216.69  984.0    205.37    -2.70    -9999
MOSCOW     010414 3600 130000-140000   00     217.78  983.8    206.12    -2.40    -9999
MOSCOW     010414 3600 140000-150000   00     218.78  983.5    206.62    -2.20    -9999
MOSCOW     010414 3600 150000-160000   00     218.97  983.3    206.50    -2.20    -9999
MOSCOW     010414 3600 160000-170000   00     218.45  983.3    206.01    -2.40    -9999
MOSCOW     010414 3600 170000-180000   00     218.07  983.4    205.80    -2.50    -9999
MOSCOW     010414 3600 180000-190000   00     216.89  983.4    204.68    -3.10    -9999
MOSCOW     010414 3600 190000-200000   00     215.22  983.7    203.55    -3.60    -9999
MOSCOW     010414 3600 200000-210000   00     215.02  983.7    203.36    -3.70    -9999
MOSCOW     010414 3600 210000-220000   00     215.40  984.0    204.16    -3.30    -9999
MOSCOW     010414 3600 220000-230000   00     215.50  983.8    203.96    -3.40    -9999
MOSCOW     010414 3600 230000-240000   00     216.65  983.4    204.46    -3.20    -9999
MOSCOW     010415 3600 000000-010000   00     218.52  983.3    206.07    -2.40    -9999
MOSCOW     010415 3600 010000-020000   00     217.77  983.9    206.25    -2.30    -9999
MOSCOW     010415 3600 020000-030000   00     215.04  985.5    206.01    -2.40    -9999
MOSCOW     010415 3600 030000-040000   00     214.56  986.6    207.17    -1.90    -9999
MOSCOW     010415 3600 040000-050000   00     213.16  987.7    207.44    -1.80    -9999
MOSCOW     010415 3600 050000-060000   00     212.08  988.6    207.72    -1.60    -9999
MOSCOW     010415 3600 060000-070000   00     210.03  989.3    206.75    -2.10    -9999
MOSCOW     010415 3600 070000-080000   00     211.33  990.0    209.07    -1.00    -9999
MOSCOW     010415 3600 080000-090000   00     210.53  990.3    208.73    -1.20    -9999
MOSCOW     010415 300  090000-090500   00     212.16  990.4    210.56    -0.30    -9999
MOSCOW     010415 300  090500-091000   00     212.53  990.5    210.96    -0.10    -9999
MOSCOW     010415 300  091000-091500   00     211.87  990.5    210.34    -0.40    -9999
MOSCOW     010415 300  091500-092000   00     211.44  990.5    209.96    -0.50    -9999
MOSCOW     010415 300  092000-092500   00     212.43  990.5    210.99    -0.10    -9999
MOSCOW     010415 300  092500-093000   00     212.14  990.6    210.74    -0.20    -9999
MOSCOW     010415 300  093000-093500   00     210.68  990.6    209.33    -0.90    -9999
MOSCOW     010415 300  093500-094000   00     210.76  990.6    209.46    -0.80    -9999
MOSCOW     010415 300  094000-094500   00     212.30  990.7    211.03    -0.10    -9999
MOSCOW     010415 300  094500-095000   00     213.61  990.7    212.39     0.60    -9999
MOSCOW     010415 300  095000-095500   00     211.95  990.7    210.78    -0.20    -9999
MOSCOW     010415 300  095500-100000   00     210.25  990.8    209.14    -1.00    -9999
MOSCOW     010415 300  100000-100500   00     213.53  990.8    212.49     0.60    -9999
MOSCOW     010415 300  100500-101000   00     212.07  990.8    211.09     0.00    -9999
MOSCOW     010415 300  101000-101500   00     211.73  990.9    210.80    -0.20    -9999
MOSCOW     010415 300  101500-102000   00     212.81  990.9    211.91     0.40    -9999
MOSCOW     010415 300  102000-102500   00     212.56  990.9    211.71     0.30    -9999
MOSCOW     010415 300  102500-103000   00     212.51  991.0    211.72     0.30    -9999
MOSCOW     010415 300  103000-103500   00     212.76  991.0    212.01     0.40    -9999
MOSCOW     010415 300  103500-104000   00     211.26  991.0    210.56    -0.30    -9999
MOSCOW     010415 300  104000-104500   00     211.11  991.1    210.45    -0.30    -9999
MOSCOW     010415 300  104500-105000   00     208.48  991.1    207.87    -1.60    -9999
MOSCOW     010415 300  105000-105500   00     211.42  991.1    210.83    -0.20    -9999
MOSCOW     010415 300  105500-110000   00     213.22  991.1    212.67     0.70    -9999
MOSCOW     010415 300  110000-110500   00     211.58  991.2    211.07     0.00    -9999
MOSCOW     010415 300  110500-111000   00     211.40  991.2    210.93    -0.10    -9999
MOSCOW     010415 300  111000-111500   00     209.96  991.2    209.53    -0.80    -9999
MOSCOW     010415 300  111500-112000   00     210.88  991.2    210.48    -0.30    -9999
MOSCOW     010415 300  112000-112500   00     208.65  991.3    208.29    -1.40    -9999
MOSCOW     010415 300  112500-113000   00     209.61  991.3    209.29    -0.90    -9999
MOSCOW     010415 300  113000-113500   00     212.82  991.3    212.52     0.60    -9999
MOSCOW     010415 300  113500-114000   00     213.16  991.3    212.89     0.80    -9999
MOSCOW     010415 300  114000-114500   00     210.50  991.3    210.27    -0.40    -9999
MOSCOW     010415 300  114500-115000   00     210.29  991.4    210.08    -0.50    -9999
MOSCOW     010415 300  115000-115500   00     211.79  991.4    211.61     0.20    -9999
MOSCOW     010415 300  115500-120000   00     210.88  991.4    210.72    -0.20    -9999
MOSCOW     010415 300  120000-120500   00     211.52  991.4    211.39     0.10    -9999
MOSCOW     010415 300  120500-121000   00     211.90  991.4    211.79     0.30    -9999
MOSCOW     010415 300  121000-121500   00     212.13  991.4    212.04     0.40    -9999
MOSCOW     010415 300  121500-122000   00     213.05  991.5    212.99     0.90    -9999
MOSCOW     010415 300  122000-122500   00     210.36  991.5    210.32    -0.40    -9999
MOSCOW     010415 300  122500-123000   00     211.16  991.5    211.15     0.00    -9999
MOSCOW     010415 300  123000-123500   00     209.43  991.5    209.44    -0.80    -9999
MOSCOW     010415 300  123500-124000   00     211.45  991.5    211.47     0.10    -9999
MOSCOW     010415 300  124000-124500   00     212.31  991.5    212.35     0.60    -9999
MOSCOW     010415 300  124500-125000   00     210.47  991.5    210.53    -0.30    -9999
MOSCOW     010415 300  125000-125500   00     209.36  991.5    209.43    -0.80    -9999
MOSCOW     010415 300  125500-130000   00     210.81  991.6    210.90    -0.10    -9999
MOSCOW     010415 300  130000-130500   00     211.66  991.6    211.73     0.30     0.41
MOSCOW     010415 300  130500-131000   00     210.48  991.6    210.57    -0.30    -0.20
MOSCOW     010415 300  131000-131500   00     214.52  991.6    214.62     1.60     1.70
MOSCOW     010415 300  131500-132000   00     213.02  991.6    213.14     0.90     1.00
MOSCOW     010415 300  132000-132500   00     213.29  991.6    213.42     1.10     1.20
MOSCOW     010415 300  132500-133000   00     211.13  991.6    211.27     0.10     0.19
MOSCOW     010415 300  133000-133500   00     214.61  991.6    214.77     1.70     1.79
MOSCOW     010415 300  133500-134000   00     212.80  991.6    212.97     0.80     0.89
MOSCOW     010415 300  134000-134500   00     211.91  991.6    212.09     0.40     0.49
MOSCOW     010415 300  134500-135000   00     211.22  991.6    211.41     0.10     0.18
MOSCOW     010415 300  135000-135500   00     209.71  991.6    209.91    -0.60    -0.52
MOSCOW     010415 300  135500-140000   00     211.68  991.6    211.89     0.40     0.48
MOSCOW     010415 300  140000-140500   00     217.18  991.6    217.38     2.90     2.97
MOSCOW     010415 300  140500-141000   00     231.31  991.6    231.53     9.60     9.67
MOSCOW     010415 300  141000-141500   00     248.23  991.6    248.49    17.70    17.77
MOSCOW     010415 300  141500-142000   00     256.27  991.7    256.56    21.50    21.57
MOSCOW     010415 300  142000-142500   00     261.59  991.7    261.91    24.00    24.06
MOSCOW     010415 300  142500-143000   00     264.79  991.7    265.14    25.60    25.66
MOSCOW     010415 300  143000-143500   00     268.12  991.7    268.51    27.10    27.16
MOSCOW     010415 300  143500-144000   00     260.71  991.7    261.12    23.70    23.75
MOSCOW     010415 300  144000-144500   00     262.04  991.7    262.49    24.30    24.35
MOSCOW     010415 300  144500-145000   00     261.34  991.8    261.83    24.00    24.05
MOSCOW     010415 300  145000-145500   00     259.80  991.8    260.32    23.30    23.34
MOSCOW     010415 300  145500-150000   00     255.56  991.8    256.12    21.30    21.34
MOSCOW     010415 300  150000-150500   00     251.48  991.9    252.12    19.40    19.44
MOSCOW     010415 300  150500-151000   00     248.09  991.9    248.76    17.80    17.83
MOSCOW     010415 300  151000-151500   00     247.66  991.9    248.38    17.60    17.63
MOSCOW     010415 300  151500-152000   00     245.40  991.9    246.15    16.60    16.63
MOSCOW     010415 300  152000-152500   00     242.10  992.0    242.89    15.00    15.02
MOSCOW     010415 300  152500-153000   00     239.11  992.0    239.93    13.60    13.62
MOSCOW     010415 300  153000-153500   00     237.33  992.0    238.19    12.80    12.81
MOSCOW     010415 300  153500-154000   00     237.03  992.0    237.92    12.70    12.71
MOSCOW     010415 300  154000-154500   00     233.42  992.1    234.34    11.00    11.01
MOSCOW     010415 300  154500-155000   00     234.85  992.1    235.82    11.70    11.70
MOSCOW     010415 300  155000-155500   00     232.22  992.1    233.22    10.50    10.50
MOSCOW     010415 300  155500-160000   00     232.90  992.1    233.95    10.80    10.80
MOSCOW     010415 300  160000-160500   00     230.68  992.1    231.71     9.80     9.79
MOSCOW     010415 300  160500-161000   00     228.28  992.2    229.35     8.60     8.59
MOSCOW     010415 300  161000-161500   00     226.67  992.2    227.77     7.90     7.88
MOSCOW     010415 300  161500-162000   00     225.93  992.2    227.07     7.50     7.48
MOSCOW     010415 300  162000-162500   00     224.64  992.2    225.82     6.90     6.88
MOSCOW     010415 300  162500-163000   00     223.07  992.3    224.30     6.20     6.17
MOSCOW     010415 300  163000-163500   00     223.96  992.3    225.25     6.70     6.67
MOSCOW     010415 300  163500-164000   00     223.50  992.3    224.84     6.50     6.46
MOSCOW     010415 300  164000-164500   00     222.94  992.4    224.34     6.20     6.16
MOSCOW     010415 300  164500-165000   00     220.62  992.4    222.06     5.10     5.06
MOSCOW     010415 300  165000-165500   00     220.15  992.4    221.64     5.00     4.95
MOSCOW     010415 300  165500-170000   00     218.42  992.5    219.97     4.20     4.15
MOSCOW     010415 300  170000-170500   00     220.73  992.6    222.46     5.40     5.34
MOSCOW     010415 300  170500-171000   00     220.57  992.6    222.36     5.30     5.24
MOSCOW     010415 300  171000-171500   00     216.11  992.7    217.92     3.20     3.13
MOSCOW     010415 300  171500-172000   00     218.40  992.7    220.30     4.30     4.23
MOSCOW     010415 300  172000-172500   00     220.71  992.7    222.67     5.50     5.43
MOSCOW     010415 300  172500-173000   00     217.42  992.8    219.41     3.90     3.82
MOSCOW     010415 300  173000-173500   00     217.14  992.8    219.17     3.80     3.72
MOSCOW     010415 300  173500-174000   00     217.10  992.8    219.17     3.80     3.71
MOSCOW     010415 300  174000-174500   00     217.50  992.9    219.62     4.00     3.91
MOSCOW     010415 300  174500-175000   00     215.94  992.9    218.08     3.30     3.20
MOSCOW     010415 300  175000-175500   00     217.58  992.9    219.77     4.10     4.00
MOSCOW     010415 300  175500-180000   00     215.18  992.9    217.38     3.00     2.89
MOSCOW     010415 300  180000-180500   00     216.37  992.9    218.53     3.50     3.39
MOSCOW     010415 300  180500-181000   00     215.84  992.9    218.02     3.20     3.08
MOSCOW     010415 300  181000-181500   00     217.51  992.9    219.73     4.10     3.98
MOSCOW     010415 300  181500-182000   00     212.79  992.9    215.00     1.80     1.67
MOSCOW     010415 300  182000-182500   00     216.43  993.0    218.70     3.60     3.47
MOSCOW     010415 300  182500-183000   00     215.11  993.0    217.40     2.90     2.76
MOSCOW     010415 300  183000-183500   00     213.88  993.0    216.19     2.40     2.26
MOSCOW     010415 300  183500-184000   00     213.60  993.0    215.94     2.30     2.15
MOSCOW     010415 300  184000-184500   00     212.87  993.0    215.24     1.90     1.75
MOSCOW     010415 300  184500-185000   00     213.02  993.1    215.42     2.00     1.84
MOSCOW     010415 300  185000-185500   00     214.52  993.1    216.98     2.80     2.64
MOSCOW     010415 300  185500-190000   00     215.49  993.1    217.99     3.20     3.03
MOSCOW     010415 300  190000-190500   00     212.12  993.2    214.64     1.60     1.43
MOSCOW     010415 300  190500-191000   00     212.24  993.2    214.80     1.70     1.52
MOSCOW     010415 300  191000-191500   00     213.37  993.2    215.99     2.30     2.12
MOSCOW     010415 300  191500-192000   00     214.94  993.2    217.61     3.00     2.81
MOSCOW     010415 300  192000-192500   00     214.10  993.3    216.80     2.70     2.51
MOSCOW     010415 300  192500-193000   00     211.94  993.3    214.65     1.70     1.50
MOSCOW     010415 300  193000-193500   00     214.11  993.3    216.89     2.70     2.50
MOSCOW     010415 300  193500-194000   00     213.15  993.3    215.96     2.30     2.09
MOSCOW     010415 300  194000-194500   00     213.42  993.4    216.26     2.40     2.19
MOSCOW     010415 300  194500-195000   00     212.06  993.4    214.93     1.80     1.58
MOSCOW     010415 300  195000-195500   00     213.15  993.4    216.07     2.30     2.08
MOSCOW     010415 300  195500-200000   00     211.99  993.4    214.92     1.80     1.57
MOSCOW     010415 300  200000-200500   00     214.66  993.4    217.65     3.10     2.86
MOSCOW     010415 300  200500-201000   00     209.47  993.5    212.44     0.60     0.36
MOSCOW     010415 300  201000-201500   00     209.84  993.5    212.85     0.80     0.55
MOSCOW     010415 300  201500-202000   00     211.83  993.5    214.91     1.80     1.55
MOSCOW     010415 300  202000-202500   00     209.13  993.5    212.21     0.50     0.24
MOSCOW     010415 300  202500-203000   00     210.10  993.6    213.24     0.90     0.64
MOSCOW     010415 300  203000-203500   00     212.07  993.6    215.28     2.00     1.73
MOSCOW     010415 300  203500-204000   00     210.27  993.6    213.50     1.10     0.82
MOSCOW     010415 300  204000-204500   00     210.09  993.7    213.37     1.10     0.82
MOSCOW     010415 300  204500-205000   00     209.14  993.7    212.44     0.60     0.31
MOSCOW     010415 300  205000-205500   00     208.02  993.7    211.36     0.10    -0.19
MOSCOW     010415 300  205500-210000   00     209.24  993.8    212.65     0.70     0.40
MOSCOW     010415 300  210000-210500   00     208.80  993.8    212.30     0.50     0.19
MOSCOW     010415 300  210500-211000   00     209.45  993.9    213.01     0.90     0.59
MOSCOW     010415 300  211000-211500   00     210.29  993.9    213.92     1.30     0.98
MOSCOW     010415 300  211500-212000   00     209.42  993.9    213.08     0.90     0.57
MOSCOW     010415 300  212000-212500   00     208.95  994.0    212.64     0.70     0.37
MOSCOW     010415 300  212500-213000   00     207.89  994.0    211.61     0.20    -0.14
MOSCOW     010415 300  213000-213500   00     209.12  994.0    212.90     0.80     0.46
MOSCOW     010415 300  213500-214000   00     208.95  994.0    212.76     0.80     0.45
MOSCOW     010415 300  214000-214500   00     207.61  994.0    211.43     0.10    -0.26
MOSCOW     010415 300  214500-215000   00     206.97  994.1    210.81    -0.20    -0.56
MOSCOW     010415 300  215000-215500   00     208.37  994.1    212.26     0.50     0.13
MOSCOW     010415 300  215500-220000   00     209.38  994.1    213.33     1.00     0.62
MOSCOW     010415 300  220000-220500   00     208.04  994.1    211.98     0.40     0.02
MOSCOW     010415 300  220500-221000   00     207.48  994.1    211.44     0.10    -9999
MOSCOW     010415 300  221000-221500   00     208.98  994.2    212.99     0.90    -9999
MOSCOW     010415 300  221500-222000   00     207.50  994.2    211.50     0.20    -9999
MOSCOW     010415 300  222000-222500   00     207.97  994.2    211.99     0.40    -9999
MOSCOW     010415 300  222500-223000   00     209.26  994.2    213.32     1.00    -9999
MOSCOW     010415 300  223000-223500   00     208.42  994.2    212.48     0.60    -9999
MOSCOW     010415 300  223500-224000   00     206.49  994.2    210.53    -0.30    -9999
MOSCOW     010415 300  224000-224500   00     210.00  994.2    214.12     1.40    -9999
MOSCOW     010415 300  224500-225000   00     207.32  994.2    211.39     0.10    -9999
MOSCOW     010415 300  225000-225500   00     208.34  994.2    212.43     0.60    -9999
MOSCOW     010415 300  225500-230000   00     208.24  994.2    212.34     0.50    -9999
MOSCOW     010415 300  230000-230500   00     207.52  994.2    211.59     0.20    -9999
MOSCOW     010415 300  230500-231000   00     207.29  994.2    211.35     0.10    -9999
MOSCOW     010415 300  231000-231500   00     206.26  994.2    210.30    -0.40    -9999
MOSCOW     010415 300  231500-232000   00     207.99  994.2    212.06     0.40    -9999
MOSCOW     010415 300  232000-232500   00     209.02  994.2    213.10     0.90    -9999
MOSCOW     010415 300  232500-233000   00     206.68  994.2    210.72    -0.20    -9999
MOSCOW     010415 300  233000-233500   00     206.63  994.2    210.66    -0.30    -9999
MOSCOW     010415 300  233500-234000   00     209.88  994.2    213.97     1.30    -9999
MOSCOW     010415 300  234000-234500   00     210.02  994.2    214.10     1.40    -9999
MOSCOW     010415 300  234500-235000   00     206.76  994.2    210.77    -0.20    -9999
MOSCOW     010415 300  235000-235500   00     208.61  994.2    212.64     0.70    -9999
MOSCOW     010415 300  235500-240000   00     208.83  994.2    212.86     0.80    -9999
MOSCOW     010416 3600 000000-010000   00     208.15  994.1    212.06     0.40    -9999
MOSCOW     010416 3600 010000-020000   00     208.78  994.3    213.00     0.90    -9999
MOSCOW     010416 3600 020000-030000   00     208.93  994.3    213.16     0.90    -9999
MOSCOW     010416 3600 030000-040000   00     208.85  994.2    212.92     0.80    -9999
MOSCOW     010416 3600 040000-050000   00     209.45  994.3    213.68     1.20    -9999
MOSCOW     010416 3600 050000-060000   00     209.60  994.2    213.68     1.20    -9999
MOSCOW     010416 3600 060000-070000   00     210.00  994.1    213.94     1.30    -9999
MOSCOW     010416 3600 070000-080000   00     210.70  993.9    214.34     1.50    -9999
MOSCOW     010416 3600 080000-090000   00     209.91  993.7    213.24     1.00    -9999
MOSCOW     010416 3600 090000-100000   00     212.38  993.5    215.44     2.00    -9999
MOSCOW     010416 3600 100000-110000   00     213.21  993.3    215.97     2.30    -9999
MOSCOW     010416 3600 110000-120000   00     214.07  992.8    216.07     2.30    -9999
MOSCOW     010416 3600 120000-130000   00     214.16  992.5    215.69     2.10    -9999
MOSCOW     010416 3600 130000-140000   00     213.96  992.3    215.18     1.90    -9999
MOSCOW     010416 3600 140000-150000   00     214.22  992.1    215.14     1.90    -9999
MOSCOW     010416 3600 150000-160000   00     213.69  991.9    214.30     1.50    -9999
MOSCOW     010416 3600 160000-170000   00     213.54  991.8    214.00     1.30    -9999
MOSCOW     010416 3600 170000-180000   00     212.73  991.8    213.18     1.00    -9999
MOSCOW     010416 3600 180000-190000   00     212.66  991.9    213.27     1.00    -9999
MOSCOW     010416 3600 190000-200000   00     212.63  991.7    212.93     0.80    -9999
MOSCOW     010416 3600 200000-210000   00     213.57  991.6    213.73     1.20    -9999
MOSCOW     010416 3600 210000-220000   00     214.01  991.2    213.55     1.10    -9999
MOSCOW     010416 3600 220000-230000   00     213.77  991.2    213.32     1.00    -9999
MOSCOW     010416 3600 230000-240000   00     213.27  991.3    212.97     0.90    -9999
*
*	
COMMENT UNIVERISTY OF OULU: FILE GENERATED FROM DATABASE AND OBTAINED FROM
COMMENT https://gle.oulu.fi at 2023-04-05 10:02:56 +00:00
COMMENT FOR HISTORICAL/ORIGINAL TEXT FILES SEE https://gle.oulu.fi/txtarchive/
COMMENT ORIGINAL AT https://gle.oulu.fi/txtarchive/GLE60/C060MOSC_cor.DAT
COMMENT DETRENDED DATA SHOW -9999 IF EQUAL TO INC% COLUMN 