SANAE      LATITUDE    -71.67    LONGITUDE     -2.85     ALTITUDE    856 M
SANAE      INSTRUMENT   6NM64    NEUTRON MONITOR	
SANAE      STANDARD PRESSURE    660     MMHG   COEFFICIENT   -0.97     % / MMHG
SANAE      PRE-INCREASE BASELINE TIME INTERVAL    010415    120000-130000   UT
SANAE      PRE-INCREASE AVERAGE COUNTING RATE    140.47      COUNTS PER SECOND
SANAE      TIME INTERVALS    3600     
SANAE      SCALE FACTORS     1        
STATION    YYMMDD  SEC   TIME (UT)   CODE    UNCORR. PRESS.    CORR.    % INC.	DETRENDED
                         INTERVAL    TD      C/S    (MMHG)     C/S
SANAE      010414 3600 000000-010000   00    -999.00 -999.0    133.56    -4.90    -9999
SANAE      010414 3600 010000-020000   00    -999.00 -999.0    133.78    -4.80    -9999
SANAE      010414 3600 020000-030000   00    -999.00 -999.0    134.47    -4.30    -9999
SANAE      010414 3600 030000-040000   00    -999.00 -999.0    133.89    -4.70    -9999
SANAE      010414 3600 040000-050000   00    -999.00 -999.0    134.25    -4.40    -9999
SANAE      010414 3600 050000-060000   00    -999.00 -999.0    134.25    -4.40    -9999
SANAE      010414 3600 060000-070000   00    -999.00 -999.0    134.47    -4.30    -9999
SANAE      010414 3600 070000-080000   00    -999.00 -999.0    134.81    -4.00    -9999
SANAE      010414 3600 080000-090000   00    -999.00 -999.0    135.50    -3.50    -9999
SANAE      010414 3600 090000-100000   00    -999.00 -999.0    135.83    -3.30    -9999
SANAE      010414 3600 100000-110000   00    -999.00 -999.0    135.94    -3.20    -9999
SANAE      010414 3600 110000-120000   00    -999.00 -999.0    136.17    -3.10    -9999
SANAE      010414 3600 120000-130000   00    -999.00 -999.0    135.83    -3.30    -9999
SANAE      010414 3600 130000-140000   00    -999.00 -999.0    135.50    -3.50    -9999
SANAE      010414 3600 140000-150000   00    -999.00 -999.0    135.94    -3.20    -9999
SANAE      010414 3600 150000-160000   00    -999.00 -999.0    135.94    -3.20    -9999
SANAE      010414 3600 160000-170000   00    -999.00 -999.0    135.72    -3.40    -9999
SANAE      010414 3600 170000-180000   00    -999.00 -999.0    136.06    -3.10    -9999
SANAE      010414 3600 180000-190000   00    -999.00 -999.0    136.72    -2.70    -9999
SANAE      010414 3600 190000-200000   00    -999.00 -999.0    136.17    -3.10    -9999
SANAE      010414 3600 200000-210000   00    -999.00 -999.0    135.50    -3.50    -9999
SANAE      010414 3600 210000-220000   00    -999.00 -999.0    134.58    -4.20    -9999
SANAE      010414 3600 220000-230000   00    -999.00 -999.0    134.47    -4.30    -9999
SANAE      010414 3600 230000-240000   00    -999.00 -999.0    134.47    -4.30    -9999
SANAE      010415 3600 000000-010000   00    -999.00 -999.0    135.25    -3.70    -9999
SANAE      010415 3600 010000-020000   00    -999.00 -999.0    135.36    -3.60    -9999
SANAE      010415 3600 020000-030000   00    -999.00 -999.0    135.61    -3.50    -9999
SANAE      010415 3600 030000-040000   00    -999.00 -999.0    136.06    -3.10    -9999
SANAE      010415 3600 040000-050000   00    -999.00 -999.0    136.06    -3.10    -9999
SANAE      010415 3600 050000-060000   00    -999.00 -999.0    136.72    -2.70    -9999
SANAE      010415 3600 060000-070000   00    -999.00 -999.0    135.94    -3.20    -9999
SANAE      010415 3600 070000-080000   00    -999.00 -999.0    136.97    -2.50    -9999
SANAE      010415 3600 080000-090000   00    -999.00 -999.0    137.53    -2.10    -9999
SANAE      010415 3600 090000-100000   00    -999.00 -999.0    137.31    -2.20    -9999
SANAE      010415 3600 100000-110000   00    -999.00 -999.0    138.78    -1.20    -9999
SANAE      010415 3600 110000-120000   00    -999.00 -999.0    139.69    -0.60    -9999
SANAE      010415 3600 120000-130000   00    -999.00 -999.0    140.47     0.00    -9999
SANAE      010415 3600 130000-140000   00    -999.00 -999.0    141.28     0.60     0.54
SANAE      010415 3600 140000-150000   00    -999.00 -999.0    285.03   102.90   102.60
SANAE      010415 3600 150000-160000   00    -999.00 -999.0    225.17    60.30    59.77
SANAE      010415 3600 160000-170000   00    -999.00 -999.0    179.81    28.00    27.24
SANAE      010415 3600 170000-180000   00    -999.00 -999.0    163.14    16.10    15.12
SANAE      010415 3600 180000-190000   00    -999.00 -999.0    156.47    11.40    10.20
SANAE      010415 3600 190000-200000   00    -999.00 -999.0    151.47     7.80     6.39
SANAE      010415 3600 200000-210000   00    -999.00 -999.0    149.33     6.30     4.69
SANAE      010415 3600 210000-220000   00    -999.00 -999.0    147.72     5.20     3.39
SANAE      010415 3600 220000-230000   00    -999.00 -999.0    146.03     4.00     2.00
SANAE      010415 3600 230000-240000   00    -999.00 -999.0    145.58     3.60     1.41
SANAE      010416 3600 000000-010000   00    -999.00 -999.0    144.89     3.10     0.73
SANAE      010416 3600 010000-020000   00    -999.00 -999.0    144.00     2.50    -0.04
SANAE      010416 3600 020000-030000   00    -999.00 -999.0    144.11     2.60    -9999
SANAE      010416 3600 030000-040000   00    -999.00 -999.0    144.67     3.00    -9999
SANAE      010416 3600 040000-050000   00    -999.00 -999.0    144.89     3.10    -9999
SANAE      010416 3600 050000-060000   00    -999.00 -999.0    144.22     2.70    -9999
SANAE      010416 3600 060000-070000   00    -999.00 -999.0    144.22     2.70    -9999
SANAE      010416 3600 070000-080000   00    -999.00 -999.0    143.89     2.40    -9999
SANAE      010416 3600 080000-090000   00    -999.00 -999.0    144.00     2.50    -9999
SANAE      010416 3600 090000-100000   00    -999.00 -999.0    143.42     2.10    -9999
SANAE      010416 3600 100000-110000   00    -999.00 -999.0    143.64     2.30    -9999
SANAE      010416 3600 110000-120000   00    -999.00 -999.0    144.00     2.50    -9999
SANAE      010416 3600 120000-130000   00    -999.00 -999.0    143.42     2.10    -9999
SANAE      010416 3600 130000-140000   00    -999.00 -999.0    143.78     2.40    -9999
SANAE      010416 3600 140000-150000   00    -999.00 -999.0    143.53     2.20    -9999
SANAE      010416 3600 150000-160000   00    -999.00 -999.0    143.89     2.40    -9999
SANAE      010416 3600 160000-170000   00    -999.00 -999.0    144.11     2.60    -9999
SANAE      010416 3600 170000-180000   00    -999.00 -999.0    144.56     2.90    -9999
SANAE      010416 3600 180000-190000   00    -999.00 -999.0    145.36     3.50    -9999
SANAE      010416 3600 190000-200000   00    -999.00 -999.0    144.67     3.00    -9999
SANAE      010416 3600 200000-210000   00    -999.00 -999.0    144.33     2.70    -9999
SANAE      010416 3600 210000-220000   00    -999.00 -999.0    144.11     2.60    -9999
SANAE      010416 3600 220000-230000   00    -999.00 -999.0    143.08     1.90    -9999
SANAE      010416 3600 230000-240000   00    -999.00 -999.0    143.31     2.00    -9999
*
COMMENT UNIVERISTY OF OULU: FILE GENERATED FROM DATABASE AND OBTAINED FROM
COMMENT https://gle.oulu.fi at 2023-04-05 10:02:56 +00:00
COMMENT FOR HISTORICAL/ORIGINAL TEXT FILES SEE https://gle.oulu.fi/txtarchive/
COMMENT ORIGINAL AT https://gle.oulu.fi/txtarchive/GLE60/C060SNAE_cor.DAT
COMMENT DETRENDED DATA SHOW -9999 IF EQUAL TO INC% COLUMN 