ROME       LATITUDE    41.86     LONGITUDE     12.47     ALTITUDE    0 M
ROME       INSTRUMENT   17-NM-64  NEUTRON MONITOR
ROME       STANDARD PRESSURE    1016.6  MB     COEFFICIENT   -0.71     % / MB
ROME       PRE-INCREASE BASELINE TIME INTERVAL    010415    120000-130000   UT
ROME       PRE-INCREASE AVERAGE COUNTING RATE     11.58      COUNTS PER SECOND
ROME       TIME INTERVALS    300         3600     
ROME       SCALE FACTORS     1           1        
STATION    YYMMDD  SEC   TIME (UT)   CODE    UNCORR. PRESS.    CORR.    % INC.	DETRENDED
                         INTERVAL    TD      C/S     (MB)      C/S
ROME       010414 3600 000000-010000   00      11.96 1009.1     11.34    -2.10    -9999
ROME       010414 3600 010000-020000   00      11.97 1008.8     11.33    -2.20    -9999
ROME       010414 3600 020000-030000   00      12.01 1008.5     11.34    -2.10    -9999
ROME       010414 3600 030000-040000   00      12.05 1008.3     11.37    -1.80    -9999
ROME       010414 3600 040000-050000   00      12.18 1008.0     11.46    -1.00    -9999
ROME       010414 3600 050000-060000   00      12.09 1007.8     11.37    -1.80    -9999
ROME       010414 3600 060000-070000   00      12.14 1007.4     11.38    -1.70    -9999
ROME       010414 3600 070000-080000   00      12.17 1007.6     11.42    -1.40    -9999
ROME       010414 3600 080000-090000   00      12.09 1008.3     11.40    -1.60    -9999
ROME       010414 3600 090000-100000   00      12.03 1009.3     11.42    -1.40    -9999
ROME       010414 3600 100000-110000   00      12.07 1008.9     11.43    -1.30    -9999
ROME       010414 3600 110000-120000   00      11.95 1009.8     11.39    -1.60    -9999
ROME       010414 3600 120000-130000   00      11.89 1010.1     11.36    -1.90    -9999
ROME       010414 3600 130000-140000   00      11.92 1009.8     11.36    -1.90    -9999
ROME       010414 3600 140000-150000   00      11.97 1009.5     11.39    -1.60    -9999
ROME       010414 3600 150000-160000   00      11.99 1009.4     11.39    -1.60    -9999
ROME       010414 3600 160000-170000   00      11.99 1009.8     11.43    -1.30    -9999
ROME       010414 3600 170000-180000   00      11.91 1010.6     11.42    -1.40    -9999
ROME       010414 3600 180000-190000   00      11.71 1011.8     11.32    -2.20    -9999
ROME       010414 3600 190000-200000   00      11.61 1012.9     11.32    -2.20    -9999
ROME       010414 3600 200000-210000   00      11.55 1013.5     11.30    -2.40    -9999
ROME       010414 3600 210000-220000   00      11.53 1013.8     11.31    -2.30    -9999
ROME       010414 3600 220000-230000   00      11.45 1014.7     11.30    -2.40    -9999
ROME       010414 3600 230000-240000   00      11.47 1015.1     11.35    -2.00    -9999
ROME       010415 3600 000000-010000   00      11.48 1015.3     11.38    -1.70    -9999
ROME       010415 3600 010000-020000   00      11.48 1015.5     11.39    -1.60    -9999
ROME       010415 3600 020000-030000   00      11.47 1016.1     11.43    -1.30    -9999
ROME       010415 3600 030000-040000   00      11.42 1016.4     11.41    -1.50    -9999
ROME       010415 3600 040000-050000   00      11.44 1016.8     11.46    -1.00    -9999
ROME       010415 3600 050000-060000   00      11.34 1017.3     11.40    -1.60    -9999
ROME       010415 3600 060000-070000   00      11.36 1017.6     11.44    -1.20    -9999
ROME       010415 3600 070000-080000   00      11.38 1017.7     11.47    -0.90    -9999
ROME       010415 3600 080000-090000   00      11.52 1017.6     11.61     0.30    -9999
ROME       010415 300  090000-090500   00      11.56 1017.5     11.63     0.40    -9999
ROME       010415 300  090500-091000   00      11.63 1017.5     11.71     1.10    -9999
ROME       010415 300  091000-091500   00      11.30 1017.5     11.37    -1.80    -9999
ROME       010415 300  091500-092000   00      11.45 1017.4     11.52    -0.50    -9999
ROME       010415 300  092000-092500   00      11.32 1017.4     11.39    -1.60    -9999
ROME       010415 300  092500-093000   00      11.53 1017.4     11.60     0.20    -9999
ROME       010415 300  093000-093500   00      11.48 1017.4     11.54    -0.30    -9999
ROME       010415 300  093500-094000   00      11.43 1017.4     11.49    -0.80    -9999
ROME       010415 300  094000-094500   00      11.62 1017.3     11.68     0.90    -9999
ROME       010415 300  094500-095000   00      11.59 1017.3     11.65     0.60    -9999
ROME       010415 300  095000-095500   00      11.61 1017.3     11.66     0.70    -9999
ROME       010415 300  095500-100000   00      11.62 1017.3     11.68     0.90    -9999
ROME       010415 300  100000-100500   00      11.53 1017.3     11.58     0.00    -9999
ROME       010415 300  100500-101000   00      11.46 1017.2     11.51    -0.60    -9999
ROME       010415 300  101000-101500   00      11.61 1017.2     11.66     0.70    -9999
ROME       010415 300  101500-102000   00      11.46 1017.2     11.51    -0.60    -9999
ROME       010415 300  102000-102500   00      11.46 1017.1     11.51    -0.60    -9999
ROME       010415 300  102500-103000   00      11.36 1017.1     11.40    -1.60    -9999
ROME       010415 300  103000-103500   00      11.44 1017.1     11.48    -0.90    -9999
ROME       010415 300  103500-104000   00      11.49 1017.0     11.52    -0.50    -9999
ROME       010415 300  104000-104500   00      11.51 1017.0     11.54    -0.30    -9999
ROME       010415 300  104500-105000   00      11.50 1017.0     11.53    -0.40    -9999
ROME       010415 300  105000-105500   00      11.39 1016.9     11.42    -1.40    -9999
ROME       010415 300  105500-110000   00      11.45 1016.9     11.47    -0.90    -9999
ROME       010415 300  110000-110500   00      11.48 1016.8     11.50    -0.70    -9999
ROME       010415 300  110500-111000   00      11.58 1016.8     11.60     0.20    -9999
ROME       010415 300  111000-111500   00      11.45 1016.7     11.46    -1.00    -9999
ROME       010415 300  111500-112000   00      11.42 1016.7     11.42    -1.40    -9999
ROME       010415 300  112000-112500   00      11.44 1016.7     11.45    -1.10    -9999
ROME       010415 300  112500-113000   00      11.53 1016.6     11.53    -0.40    -9999
ROME       010415 300  113000-113500   00      11.57 1016.6     11.57    -0.10    -9999
ROME       010415 300  113500-114000   00      11.31 1016.5     11.31    -2.30    -9999
ROME       010415 300  114000-114500   00      11.67 1016.5     11.67     0.80    -9999
ROME       010415 300  114500-115000   00      11.47 1016.5     11.46    -1.00    -9999
ROME       010415 300  115000-115500   00      11.72 1016.4     11.70     1.00    -9999
ROME       010415 300  115500-120000   00      11.64 1016.4     11.62     0.30    -9999
ROME       010415 300  120000-120500   00      11.62 1016.4     11.61     0.30    -9999
ROME       010415 300  120500-121000   00      11.56 1016.3     11.54    -0.30    -9999
ROME       010415 300  121000-121500   00      11.47 1016.3     11.45    -1.10    -9999
ROME       010415 300  121500-122000   00      11.61 1016.3     11.59     0.10    -9999
ROME       010415 300  122000-122500   00      11.57 1016.3     11.54    -0.30    -9999
ROME       010415 300  122500-123000   00      11.66 1016.2     11.63     0.40    -9999
ROME       010415 300  123000-123500   00      11.58 1016.2     11.54    -0.30    -9999
ROME       010415 300  123500-124000   00      11.58 1016.2     11.54    -0.30    -9999
ROME       010415 300  124000-124500   00      11.74 1016.1     11.70     1.00    -9999
ROME       010415 300  124500-125000   00      11.59 1016.1     11.54    -0.30    -9999
ROME       010415 300  125000-125500   00      11.66 1016.0     11.62     0.30    -9999
ROME       010415 300  125500-130000   00      11.73 1016.0     11.68     0.90    -9999
ROME       010415 300  130000-130500   00      11.72 1015.9     11.66     0.70     0.61
ROME       010415 300  130500-131000   00      11.70 1015.9     11.64     0.50     0.39
ROME       010415 300  131000-131500   00      11.55 1015.9     11.49    -0.80    -0.93
ROME       010415 300  131500-132000   00      11.55 1015.9     11.49    -0.80    -0.95
ROME       010415 300  132000-132500   00      11.72 1015.8     11.66     0.70     0.53
ROME       010415 300  132500-133000   00      11.57 1015.8     11.50    -0.70    -0.89
ROME       010415 300  133000-133500   00      11.92 1015.8     11.85     2.30     2.09
ROME       010415 300  133500-134000   00      11.70 1015.8     11.63     0.40     0.18
ROME       010415 300  134000-134500   00      11.57 1015.8     11.50    -0.70    -0.94
ROME       010415 300  134500-135000   00      11.99 1015.8     11.92     2.90     2.65
ROME       010415 300  135000-135500   00      11.69 1015.8     11.62     0.30     0.03
ROME       010415 300  135500-140000   00      11.76 1015.8     11.69     0.90     0.62
ROME       010415 300  140000-140500   00      11.82 1015.8     11.76     1.60     1.30
ROME       010415 300  140500-141000   00      11.70 1015.8     11.64     0.50     0.19
ROME       010415 300  141000-141500   00      11.75 1015.8     11.69     0.90     0.58
ROME       010415 300  141500-142000   00      11.77 1015.8     11.70     1.00     0.67
ROME       010415 300  142000-142500   00      11.87 1015.8     11.80     1.90     1.56
ROME       010415 300  142500-143000   00      11.87 1015.8     11.80     1.90     1.55
ROME       010415 300  143000-143500   00      11.76 1015.8     11.69     0.90     0.54
ROME       010415 300  143500-144000   00      11.78 1015.8     11.72     1.20     0.83
ROME       010415 300  144000-144500   00      11.77 1015.8     11.70     1.00     0.62
ROME       010415 300  144500-145000   00      11.78 1015.8     11.71     1.10     0.72
ROME       010415 300  145000-145500   00      11.79 1015.7     11.72     1.20     0.81
ROME       010415 300  145500-150000   00      11.86 1015.7     11.79     1.80     1.41
ROME       010415 300  150000-150500   00      11.82 1015.7     11.75     1.50     1.10
ROME       010415 300  150500-151000   00      11.96 1015.7     11.89     2.70     2.30
ROME       010415 300  151000-151500   00      11.96 1015.7     11.88     2.60     2.19
ROME       010415 300  151500-152000   00      11.86 1015.7     11.78     1.70     1.29
ROME       010415 300  152000-152500   00      11.65 1015.6     11.57    -0.10    -0.51
ROME       010415 300  152500-153000   00      11.92 1015.6     11.83     2.20     1.79
ROME       010415 300  153000-153500   00      11.82 1015.6     11.74     1.40     0.99
ROME       010415 300  153500-154000   00      11.74 1015.6     11.65     0.60     0.19
ROME       010415 300  154000-154500   00      11.76 1015.5     11.67     0.80     0.39
ROME       010415 300  154500-155000   00      11.76 1015.5     11.67     0.80     0.39
ROME       010415 300  155000-155500   00      11.74 1015.5     11.65     0.60     0.19
ROME       010415 300  155500-160000   00      11.70 1015.4     11.60     0.20    -0.20
ROME       010415 300  160000-160500   00      11.64 1015.3     11.54    -0.30    -0.70
ROME       010415 300  160500-161000   00      11.83 1015.3     11.72     1.20    -9999
ROME       010415 300  161000-161500   00      11.73 1015.3     11.62     0.30    -9999
ROME       010415 300  161500-162000   00      11.73 1015.3     11.62     0.30    -9999
ROME       010415 300  162000-162500   00      11.75 1015.2     11.64     0.50    -9999
ROME       010415 300  162500-163000   00      11.51 1015.2     11.40    -1.60    -9999
ROME       010415 300  163000-163500   00      11.82 1015.2     11.71     1.10    -9999
ROME       010415 300  163500-164000   00      11.89 1015.2     11.77     1.60    -9999
ROME       010415 300  164000-164500   00      11.74 1015.2     11.62     0.30    -9999
ROME       010415 300  164500-165000   00      11.65 1015.1     11.53    -0.40    -9999
ROME       010415 300  165000-165500   00      11.81 1015.1     11.69     0.90    -9999
ROME       010415 300  165500-170000   00      11.78 1015.1     11.66     0.70    -9999
ROME       010415 300  170000-170500   00      11.69 1015.1     11.57    -0.10    -9999
ROME       010415 300  170500-171000   00      11.90 1015.1     11.77     1.60    -9999
ROME       010415 300  171000-171500   00      11.61 1015.1     11.49    -0.80    -9999
ROME       010415 300  171500-172000   00      11.76 1015.1     11.63     0.40    -9999
ROME       010415 300  172000-172500   00      11.82 1015.1     11.70     1.00    -9999
ROME       010415 300  172500-173000   00      11.72 1015.1     11.59     0.10    -9999
ROME       010415 300  173000-173500   00      11.79 1015.1     11.67     0.80    -9999
ROME       010415 300  173500-174000   00      11.75 1015.1     11.62     0.30    -9999
ROME       010415 300  174000-174500   00      11.69 1015.1     11.57    -0.10    -9999
ROME       010415 300  174500-175000   00      11.65 1015.1     11.53    -0.40    -9999
ROME       010415 300  175000-175500   00      11.64 1015.1     11.52    -0.50    -9999
ROME       010415 300  175500-180000   00      11.75 1015.2     11.63     0.40    -9999
ROME       010415 300  180000-180500   00      11.64 1015.2     11.52    -0.50    -9999
ROME       010415 300  180500-181000   00      11.75 1015.2     11.63     0.40    -9999
ROME       010415 300  181000-181500   00      11.77 1015.2     11.65     0.60    -9999
ROME       010415 300  181500-182000   00      11.79 1015.2     11.67     0.80    -9999
ROME       010415 300  182000-182500   00      11.61 1015.3     11.50    -0.70    -9999
ROME       010415 300  182500-183000   00      11.49 1015.3     11.39    -1.60    -9999
ROME       010415 300  183000-183500   00      11.74 1015.3     11.64     0.50    -9999
ROME       010415 300  183500-184000   00      11.56 1015.3     11.46    -1.00    -9999
ROME       010415 300  184000-184500   00      11.51 1015.4     11.41    -1.50    -9999
ROME       010415 300  184500-185000   00      11.64 1015.4     11.54    -0.30    -9999
ROME       010415 300  185000-185500   00      11.70 1015.4     11.60     0.20    -9999
ROME       010415 300  185500-190000   00      11.82 1015.5     11.73     1.30    -9999
ROME       010415 300  190000-190500   00      11.53 1015.6     11.45    -1.10    -9999
ROME       010415 300  190500-191000   00      11.56 1015.6     11.48    -0.90    -9999
ROME       010415 300  191000-191500   00      11.67 1015.6     11.59     0.10    -9999
ROME       010415 300  191500-192000   00      11.58 1015.6     11.50    -0.70    -9999
ROME       010415 300  192000-192500   00      11.65 1015.7     11.57    -0.10    -9999
ROME       010415 300  192500-193000   00      11.56 1015.7     11.49    -0.80    -9999
ROME       010415 300  193000-193500   00      11.56 1015.7     11.49    -0.80    -9999
ROME       010415 300  193500-194000   00      11.61 1015.7     11.54    -0.30    -9999
ROME       010415 300  194000-194500   00      11.68 1015.7     11.61     0.30    -9999
ROME       010415 300  194500-195000   00      11.70 1015.7     11.63     0.40    -9999
ROME       010415 300  195000-195500   00      11.61 1015.7     11.54    -0.30    -9999
ROME       010415 300  195500-200000   00      11.69 1015.7     11.62     0.30    -9999
ROME       010415 300  200000-200500   00      11.48 1015.7     11.41    -1.50    -9999
ROME       010415 300  200500-201000   00      11.62 1015.7     11.55    -0.30    -9999
ROME       010415 300  201000-201500   00      11.52 1015.7     11.45    -1.10    -9999
ROME       010415 300  201500-202000   00      11.78 1015.7     11.70     1.00    -9999
ROME       010415 300  202000-202500   00      11.69 1015.7     11.62     0.30    -9999
ROME       010415 300  202500-203000   00      11.55 1015.7     11.48    -0.90    -9999
ROME       010415 300  203000-203500   00      11.53 1015.7     11.46    -1.00    -9999
ROME       010415 300  203500-204000   00      11.54 1015.7     11.46    -1.00    -9999
ROME       010415 300  204000-204500   00      11.74 1015.7     11.67     0.80    -9999
ROME       010415 300  204500-205000   00      11.40 1015.7     11.32    -2.20    -9999
ROME       010415 300  205000-205500   00      11.60 1015.6     11.52    -0.50    -9999
ROME       010415 300  205500-210000   00      11.39 1015.6     11.31    -2.30    -9999
ROME       010415 300  210000-210500   00      11.85 1015.6     11.77     1.60    -9999
ROME       010415 300  210500-211000   00      11.66 1015.6     11.58     0.00    -9999
ROME       010415 300  211000-211500   00      11.60 1015.6     11.52    -0.50    -9999
ROME       010415 300  211500-212000   00      11.75 1015.5     11.66     0.70    -9999
ROME       010415 300  212000-212500   00      11.68 1015.5     11.59     0.10    -9999
ROME       010415 300  212500-213000   00      11.44 1015.5     11.35    -2.00    -9999
ROME       010415 300  213000-213500   00      11.56 1015.5     11.47    -0.90    -9999
ROME       010415 300  213500-214000   00      11.52 1015.5     11.43    -1.30    -9999
ROME       010415 300  214000-214500   00      11.58 1015.5     11.48    -0.90    -9999
ROME       010415 300  214500-215000   00      11.64 1015.4     11.55    -0.30    -9999
ROME       010415 300  215000-215500   00      11.60 1015.4     11.50    -0.70    -9999
ROME       010415 300  215500-220000   00      11.61 1015.4     11.51    -0.60    -9999
ROME       010415 300  220000-220500   00      11.62 1015.5     11.53    -0.40    -9999
ROME       010415 300  220500-221000   00      11.56 1015.4     11.46    -1.00    -9999
ROME       010415 300  221000-221500   00      11.57 1015.4     11.47    -0.90    -9999
ROME       010415 300  221500-222000   00      11.74 1015.4     11.64     0.50    -9999
ROME       010415 300  222000-222500   00      11.63 1015.4     11.53    -0.40    -9999
ROME       010415 300  222500-223000   00      11.49 1015.3     11.39    -1.60    -9999
ROME       010415 300  223000-223500   00      11.53 1015.3     11.42    -1.40    -9999
ROME       010415 300  223500-224000   00      11.67 1015.2     11.56    -0.20    -9999
ROME       010415 300  224000-224500   00      11.71 1015.2     11.59     0.10    -9999
ROME       010415 300  224500-225000   00      11.57 1015.1     11.45    -1.10    -9999
ROME       010415 300  225000-225500   00      11.60 1015.1     11.48    -0.90    -9999
ROME       010415 300  225500-230000   00      11.60 1015.0     11.47    -0.90    -9999
ROME       010415 300  230000-230500   00      11.68 1014.9     11.54    -0.30    -9999
ROME       010415 300  230500-231000   00      11.84 1014.8     11.69     0.90    -9999
ROME       010415 300  231000-231500   00      11.79 1014.7     11.63     0.40    -9999
ROME       010415 300  231500-232000   00      11.81 1014.7     11.65     0.60    -9999
ROME       010415 300  232000-232500   00      11.67 1014.6     11.51    -0.60    -9999
ROME       010415 300  232500-233000   00      11.64 1014.5     11.47    -0.90    -9999
ROME       010415 300  233000-233500   00      11.79 1014.5     11.61     0.30    -9999
ROME       010415 300  233500-234000   00      11.69 1014.4     11.51    -0.60    -9999
ROME       010415 300  234000-234500   00      11.60 1014.3     11.42    -1.40    -9999
ROME       010415 300  234500-235000   00      11.90 1014.3     11.70     1.00    -9999
ROME       010415 300  235000-235500   00      11.76 1014.2     11.57    -0.10    -9999
ROME       010415 300  235500-240000   00      11.72 1014.1     11.52    -0.50    -9999
ROME       010416 3600 000000-010000   00      11.75 1013.7     11.51    -0.60    -9999
ROME       010416 3600 010000-020000   00      11.91 1012.9     11.61     0.30    -9999
ROME       010416 3600 020000-030000   00      11.92 1012.6     11.59     0.10    -9999
ROME       010416 3600 030000-040000   00      11.99 1012.0     11.61     0.30    -9999
ROME       010416 3600 040000-050000   00      11.96 1011.8     11.56    -0.20    -9999
ROME       010416 3600 050000-060000   00      12.01 1011.8     11.61     0.30    -9999
ROME       010416 3600 060000-070000   00      11.95 1011.8     11.55    -0.30    -9999
ROME       010416 3600 070000-080000   00      11.98 1011.9     11.59     0.10    -9999
ROME       010416 3600 080000-090000   00      11.96 1012.1     11.59     0.10    -9999
ROME       010416 3600 090000-100000   00      12.05 1012.2     11.68     0.90    -9999
ROME       010416 3600 100000-110000   00      12.00 1012.0     11.62     0.30    -9999
ROME       010416 3600 110000-120000   00      12.09 1011.8     11.68     0.90    -9999
ROME       010416 3600 120000-130000   00      12.17 1011.6     11.75     1.50    -9999
ROME       010416 3600 130000-140000   00      12.16 1011.0     11.69     0.90    -9999
ROME       010416 3600 140000-150000   00      12.27 1010.5     11.75     1.50    -9999
ROME       010416 3600 150000-160000   00      12.24 1010.0     11.69     0.90    -9999
ROME       010416 3600 160000-170000   00      12.19 1009.7     11.61     0.30    -9999
ROME       010416 3600 170000-180000   00      12.23 1009.3     11.62     0.30    -9999
ROME       010416 3600 180000-190000   00      12.25 1009.4     11.64     0.50    -9999
ROME       010416 3600 190000-200000   00      12.23 1009.5     11.64     0.50    -9999
ROME       010416 3600 200000-210000   00      12.27 1009.3     11.66     0.70    -9999
ROME       010416 3600 210000-220000   00      12.26 1009.0     11.62     0.30    -9999
ROME       010416 3600 220000-230000   00      12.36 1008.5     11.67     0.80    -9999
ROME       010416 3600 230000-240000   00      12.33 1008.3     11.63     0.40    -9999
*
*	
*COMMENT    DATA VERIFIED BY E.A.EROSHENKO	
COMMENT UNIVERISTY OF OULU: FILE GENERATED FROM DATABASE AND OBTAINED FROM
COMMENT https://gle.oulu.fi at 2023-04-05 10:02:56 +00:00
COMMENT FOR HISTORICAL/ORIGINAL TEXT FILES SEE https://gle.oulu.fi/txtarchive/
COMMENT ORIGINAL AT https://gle.oulu.fi/txtarchive/GLE60/C060ROME_cor.DAT
COMMENT DETRENDED DATA SHOW -9999 IF EQUAL TO INC% COLUMN 