KIEL       LATITUDE    54.3      LONGITUDE     10.1      ALTITUDE    54 M
KIEL       INSTRUMENT   18NM64    NEUTRON MONITOR	
KIEL       STANDARD PRESSURE    993.7   mb     COEFFICIENT   -0.72     % / mb
KIEL       PRE-INCREASE BASELINE TIME INTERVAL    010415    120000-130000   UT
KIEL       PRE-INCREASE AVERAGE COUNTING RATE    172.09      COUNTS PER SECOND
KIEL       TIME INTERVALS    300         3600     
KIEL       SCALE FACTORS     1           1        
STATION    YYMMDD  SEC   TIME (UT)   CODE    UNCORR. PRESS.    CORR.    % INC.	DETRENDED
                         INTERVAL    TD      C/S     (mb)      C/S
KIEL       010414 3600 000000-010000   00     136.88 1020.9    166.49    -3.30    -9999
KIEL       010414 3600 010000-020000   00     136.74 1020.8    166.21    -3.40    -9999
KIEL       010414 3600 020000-030000   00     137.79 1020.6    167.24    -2.80    -9999
KIEL       010414 3600 030000-040000   00     137.54 1020.4    166.69    -3.10    -9999
KIEL       010414 3600 040000-050000   00     138.55 1020.3    167.80    -2.50    -9999
KIEL       010414 3600 050000-060000   00     139.24 1020.1    168.39    -2.20    -9999
KIEL       010414 3600 060000-070000   00     139.47 1019.9    168.42    -2.10    -9999
KIEL       010414 3600 070000-080000   00     140.22 1019.7    169.09    -1.70    -9999
KIEL       010414 3600 080000-090000   00     141.09 1019.2    169.52    -1.50    -9999
KIEL       010414 3600 090000-100000   00     141.37 1018.8    169.37    -1.60    -9999
KIEL       010414 3600 100000-110000   00     142.50 1017.9    169.62    -1.40    -9999
KIEL       010414 3600 110000-120000   00     143.64 1016.9    169.75    -1.40    -9999
KIEL       010414 3600 120000-130000   00     144.17 1016.2    169.53    -1.50    -9999
KIEL       010414 3600 130000-140000   00     144.60 1015.3    168.93    -1.80    -9999
KIEL       010414 3600 140000-150000   00     146.28 1014.1    169.43    -1.50    -9999
KIEL       010414 3600 150000-160000   00     147.65 1013.2    169.90    -1.30    -9999
KIEL       010414 3600 160000-170000   00     148.29 1012.4    169.66    -1.40    -9999
KIEL       010414 3600 170000-180000   00     149.33 1011.6    169.87    -1.30    -9999
KIEL       010414 3600 180000-190000   00     148.97 1010.8    168.48    -2.10    -9999
KIEL       010414 3600 190000-200000   00     149.63 1010.0    168.26    -2.20    -9999
KIEL       010414 3600 200000-210000   00     149.74 1008.7    166.81    -3.10    -9999
KIEL       010414 3600 210000-220000   00     151.95 1007.2    167.46    -2.70    -9999
KIEL       010414 3600 220000-230000   00     153.53 1005.6    167.27    -2.80    -9999
KIEL       010414 3600 230000-240000   00     155.12 1004.1    167.18    -2.90    -9999
KIEL       010415 3600 000000-010000   00     157.75 1002.5    168.07    -2.30    -9999
KIEL       010415 3600 010000-020000   00     160.16 1000.8    168.56    -2.10    -9999
KIEL       010415 3600 020000-030000   00     161.97  999.5    168.88    -1.90    -9999
KIEL       010415 3600 030000-040000   00     163.40  998.0    168.54    -2.10    -9999
KIEL       010415 3600 040000-050000   00     166.76  996.6    170.28    -1.10    -9999
KIEL       010415 3600 050000-060000   00     166.87  996.2    169.91    -1.30    -9999
KIEL       010415 3600 060000-070000   00     166.82  995.6    169.12    -1.70    -9999
KIEL       010415 3600 070000-080000   00     167.69  995.0    169.27    -1.60    -9999
KIEL       010415 3600 080000-090000   00     169.36  994.5    170.34    -1.00    -9999
KIEL       010415 300  090000-090500   00     172.44  994.3    173.16     0.60    -9999
KIEL       010415 300  090500-091000   00     169.83  994.3    170.50    -0.90    -9999
KIEL       010415 300  091000-091500   00     174.15  994.2    174.81     1.60    -9999
KIEL       010415 300  091500-092000   00     169.10  994.2    169.69    -1.40    -9999
KIEL       010415 300  092000-092500   00     170.85  994.2    171.41    -0.40    -9999
KIEL       010415 300  092500-093000   00     171.74  994.1    172.27     0.10    -9999
KIEL       010415 300  093000-093500   00     170.36  994.1    170.85    -0.70    -9999
KIEL       010415 300  093500-094000   00     173.81  994.1    174.27     1.30    -9999
KIEL       010415 300  094000-094500   00     172.32  994.0    172.74     0.40    -9999
KIEL       010415 300  094500-095000   00     170.63  994.0    171.01    -0.60    -9999
KIEL       010415 300  095000-095500   00     170.48  994.0    170.83    -0.70    -9999
KIEL       010415 300  095500-100000   00     171.50  994.0    171.82    -0.20    -9999
KIEL       010415 300  100000-100500   00     172.95  993.9    173.22     0.70    -9999
KIEL       010415 300  100500-101000   00     171.59  993.9    171.84    -0.10    -9999
KIEL       010415 300  101000-101500   00     171.38  993.9    171.60    -0.30    -9999
KIEL       010415 300  101500-102000   00     172.43  993.9    172.62     0.30    -9999
KIEL       010415 300  102000-102500   00     171.19  993.8    171.35    -0.40    -9999
KIEL       010415 300  102500-103000   00     171.55  993.8    171.69    -0.20    -9999
KIEL       010415 300  103000-103500   00     171.67  993.8    171.79    -0.20    -9999
KIEL       010415 300  103500-104000   00     173.26  993.8    173.36     0.70    -9999
KIEL       010415 300  104000-104500   00     169.02  993.8    169.10    -1.70    -9999
KIEL       010415 300  104500-105000   00     171.01  993.8    171.08    -0.60    -9999
KIEL       010415 300  105000-105500   00     168.48  993.7    168.53    -2.10    -9999
KIEL       010415 300  105500-110000   00     172.88  993.7    172.92     0.50    -9999
KIEL       010415 300  110000-110500   00     172.51  993.7    172.56     0.30    -9999
KIEL       010415 300  110500-111000   00     177.02  993.7    177.06     2.90    -9999
KIEL       010415 300  111000-111500   00     173.34  993.7    173.37     0.70    -9999
KIEL       010415 300  111500-112000   00     171.10  993.7    171.12    -0.60    -9999
KIEL       010415 300  112000-112500   00     171.16  993.7    171.17    -0.50    -9999
KIEL       010415 300  112500-113000   00     174.13  993.7    174.13     1.20    -9999
KIEL       010415 300  113000-113500   00     172.90  993.7    172.90     0.50    -9999
KIEL       010415 300  113500-114000   00     175.12  993.7    175.12     1.80    -9999
KIEL       010415 300  114000-114500   00     171.48  993.7    171.48    -0.40    -9999
KIEL       010415 300  114500-115000   00     172.11  993.7    172.10     0.00    -9999
KIEL       010415 300  115000-115500   00     173.15  993.7    173.14     0.60    -9999
KIEL       010415 300  115500-120000   00     169.47  993.7    169.46    -1.50    -9999
KIEL       010415 300  120000-120500   00     173.81  993.7    173.81     1.00    -9999
KIEL       010415 300  120500-121000   00     172.68  993.7    172.68     0.30    -9999
KIEL       010415 300  121000-121500   00     172.38  993.7    172.38     0.20    -9999
KIEL       010415 300  121500-122000   00     171.26  993.7    171.26    -0.50    -9999
KIEL       010415 300  122000-122500   00     172.23  993.7    172.23     0.10    -9999
KIEL       010415 300  122500-123000   00     172.93  993.7    172.93     0.50    -9999
KIEL       010415 300  123000-123500   00     171.95  993.7    171.95    -0.10    -9999
KIEL       010415 300  123500-124000   00     172.02  993.7    172.02     0.00    -9999
KIEL       010415 300  124000-124500   00     170.25  993.7    170.25    -1.10    -9999
KIEL       010415 300  124500-125000   00     170.06  993.7    170.06    -1.20    -9999
KIEL       010415 300  125000-125500   00     174.06  993.7    174.06     1.10    -9999
KIEL       010415 300  125500-130000   00     171.48  993.7    171.48    -0.40    -9999
KIEL       010415 300  130000-130500   00     171.07  993.7    171.08    -0.60    -0.81
KIEL       010415 300  130500-131000   00     172.24  993.7    172.26     0.10    -0.11
KIEL       010415 300  131000-131500   00     171.56  993.7    171.57    -0.30    -0.51
KIEL       010415 300  131500-132000   00     171.90  993.7    171.91    -0.10    -0.31
KIEL       010415 300  132000-132500   00     173.39  993.7    173.40     0.80     0.59
KIEL       010415 300  132500-133000   00     173.36  993.7    173.36     0.70     0.49
KIEL       010415 300  133000-133500   00     173.62  993.7    173.62     0.90     0.69
KIEL       010415 300  133500-134000   00     174.13  993.7    174.12     1.20     0.99
KIEL       010415 300  134000-134500   00     174.05  993.7    174.04     1.10     0.89
KIEL       010415 300  134500-135000   00     174.28  993.7    174.26     1.30     1.09
KIEL       010415 300  135000-135500   00     174.38  993.7    174.35     1.30     1.09
KIEL       010415 300  135500-140000   00     175.15  993.7    175.11     1.80     1.59
KIEL       010415 300  140000-140500   00     180.89  993.6    180.82     5.10     4.89
KIEL       010415 300  140500-141000   00     191.91  993.6    191.82    11.50    11.29
KIEL       010415 300  141000-141500   00     200.07  993.6    199.97    16.20    15.99
KIEL       010415 300  141500-142000   00     206.89  993.6    206.78    20.20    19.99
KIEL       010415 300  142000-142500   00     209.72  993.6    209.60    21.80    21.59
KIEL       010415 300  142500-143000   00     214.66  993.6    214.51    24.60    24.39
KIEL       010415 300  143000-143500   00     214.96  993.6    214.81    24.80    24.59
KIEL       010415 300  143500-144000   00     211.73  993.6    211.56    22.90    22.69
KIEL       010415 300  144000-144500   00     211.49  993.6    211.31    22.80    22.59
KIEL       010415 300  144500-145000   00     209.94  993.6    209.75    21.90    21.69
KIEL       010415 300  145000-145500   00     203.99  993.6    203.79    18.40    18.19
KIEL       010415 300  145500-150000   00     204.64  993.6    204.43    18.80    18.59
KIEL       010415 300  150000-150500   00     203.30  993.5    203.05    18.00    17.79
KIEL       010415 300  150500-151000   00     202.52  993.5    202.25    17.50    17.28
KIEL       010415 300  151000-151500   00     200.45  993.5    200.18    16.30    16.08
KIEL       010415 300  151500-152000   00     197.14  993.5    196.86    14.40    14.18
KIEL       010415 300  152000-152500   00     195.32  993.5    195.04    13.30    13.08
KIEL       010415 300  152500-153000   00     195.42  993.5    195.14    13.40    13.18
KIEL       010415 300  153000-153500   00     194.21  993.5    193.94    12.70    12.48
KIEL       010415 300  153500-154000   00     191.79  993.5    191.51    11.30    11.08
KIEL       010415 300  154000-154500   00     190.02  993.5    189.74    10.30    10.08
KIEL       010415 300  154500-155000   00     191.46  993.5    191.19    11.10    10.87
KIEL       010415 300  155000-155500   00     188.54  993.5    188.28     9.40     9.17
KIEL       010415 300  155500-160000   00     187.60  993.5    187.35     8.90     8.67
KIEL       010415 300  160000-160500   00     186.40  993.5    186.19     8.20     7.97
KIEL       010415 300  160500-161000   00     186.12  993.5    185.91     8.00     7.77
KIEL       010415 300  161000-161500   00     185.21  993.6    185.01     7.50     7.27
KIEL       010415 300  161500-162000   00     186.31  993.6    186.13     8.20     7.96
KIEL       010415 300  162000-162500   00     188.34  993.6    188.17     9.30     9.06
KIEL       010415 300  162500-163000   00     186.05  993.6    185.90     8.00     7.76
KIEL       010415 300  163000-163500   00     181.38  993.6    181.25     5.30     5.06
KIEL       010415 300  163500-164000   00     183.21  993.6    183.10     6.40     6.16
KIEL       010415 300  164000-164500   00     181.37  993.6    181.28     5.30     5.05
KIEL       010415 300  164500-165000   00     181.06  993.6    180.99     5.20     4.95
KIEL       010415 300  165000-165500   00     180.69  993.7    180.63     5.00     4.75
KIEL       010415 300  165500-170000   00     178.07  993.7    178.03     3.50     3.25
KIEL       010415 300  170000-170500   00     182.20  993.7    182.17     5.90     5.64
KIEL       010415 300  170500-171000   00     180.09  993.7    180.09     4.60     4.34
KIEL       010415 300  171000-171500   00     179.45  993.7    179.47     4.30     4.04
KIEL       010415 300  171500-172000   00     179.33  993.7    179.38     4.20     3.94
KIEL       010415 300  172000-172500   00     179.94  993.8    180.01     4.60     4.33
KIEL       010415 300  172500-173000   00     179.31  993.8    179.41     4.30     4.03
KIEL       010415 300  173000-173500   00     179.31  993.8    179.44     4.30     4.03
KIEL       010415 300  173500-174000   00     176.88  993.8    177.04     2.90     2.63
KIEL       010415 300  174000-174500   00     177.94  993.9    178.14     3.50     3.22
KIEL       010415 300  174500-175000   00     177.06  993.9    177.29     3.00     2.72
KIEL       010415 300  175000-175500   00     176.91  993.9    177.18     3.00     2.72
KIEL       010415 300  175500-180000   00     179.49  993.9    179.81     4.50     4.21
KIEL       010415 300  180000-180500   00     175.77  994.0    176.17     2.40     2.11
KIEL       010415 300  180500-181000   00     177.25  994.0    177.70     3.30     3.01
KIEL       010415 300  181000-181500   00     178.32  994.1    178.81     3.90     3.60
KIEL       010415 300  181500-182000   00     177.31  994.1    177.84     3.30     3.00
KIEL       010415 300  182000-182500   00     176.44  994.1    177.01     2.90     2.60
KIEL       010415 300  182500-183000   00     177.37  994.2    177.97     3.40     3.09
KIEL       010415 300  183000-183500   00     174.05  994.2    174.68     1.50     1.19
KIEL       010415 300  183500-184000   00     177.71  994.2    178.39     3.70     3.38
KIEL       010415 300  184000-184500   00     176.72  994.3    177.43     3.10     2.78
KIEL       010415 300  184500-185000   00     175.51  994.3    176.25     2.40     2.08
KIEL       010415 300  185000-185500   00     175.35  994.3    176.12     2.30     1.97
KIEL       010415 300  185500-190000   00     175.65  994.3    176.46     2.50     2.17
KIEL       010415 300  190000-190500   00     175.40  994.4    176.25     2.40     2.07
KIEL       010415 300  190500-191000   00     173.28  994.4    174.16     1.20     0.86
KIEL       010415 300  191000-191500   00     174.55  994.4    175.46     2.00     1.66
KIEL       010415 300  191500-192000   00     175.65  994.4    176.59     2.60     2.25
KIEL       010415 300  192000-192500   00     173.74  994.5    174.70     1.50     1.15
KIEL       010415 300  192500-193000   00     174.54  994.5    175.53     2.00     1.64
KIEL       010415 300  193000-193500   00     173.59  994.5    174.59     1.50     1.14
KIEL       010415 300  193500-194000   00     174.12  994.5    175.15     1.80     1.43
KIEL       010415 300  194000-194500   00     173.25  994.5    174.29     1.30     0.93
KIEL       010415 300  194500-195000   00     176.70  994.5    177.78     3.30     2.93
KIEL       010415 300  195000-195500   00     173.70  994.6    174.78     1.60     1.22
KIEL       010415 300  195500-200000   00     176.82  994.6    177.93     3.40     3.02
KIEL       010415 300  200000-200500   00     173.23  994.6    174.29     1.30     0.91
KIEL       010415 300  200500-201000   00     170.07  994.6    171.12    -0.60    -0.99
KIEL       010415 300  201000-201500   00     172.84  994.6    173.92     1.10     0.70
KIEL       010415 300  201500-202000   00     172.78  994.6    173.87     1.00     0.60
KIEL       010415 300  202000-202500   00     175.92  994.6    177.04     2.90     2.49
KIEL       010415 300  202500-203000   00     170.60  994.6    171.70    -0.20    -0.61
KIEL       010415 300  203000-203500   00     176.98  994.6    178.13     3.50     3.08
KIEL       010415 300  203500-204000   00     172.65  994.6    173.79     1.00     0.58
KIEL       010415 300  204000-204500   00     172.54  994.6    173.68     0.90     0.47
KIEL       010415 300  204500-205000   00     171.94  994.6    173.09     0.60     0.17
KIEL       010415 300  205000-205500   00     172.97  994.6    174.14     1.20     0.76
KIEL       010415 300  205500-210000   00     173.66  994.6    174.84     1.60     1.15
KIEL       010415 300  210000-210500   00     173.34  994.7    174.54     1.40     0.95
KIEL       010415 300  210500-211000   00     171.92  994.7    173.12     0.60     0.14
KIEL       010415 300  211000-211500   00     172.99  994.7    174.21     1.20     0.74
KIEL       010415 300  211500-212000   00     173.64  994.7    174.87     1.60     1.13
KIEL       010415 300  212000-212500   00     174.95  994.7    176.20     2.40     1.93
KIEL       010415 300  212500-213000   00     175.42  994.7    176.69     2.70     2.22
KIEL       010415 300  213000-213500   00     167.93  994.7    169.14    -1.70    -2.19
KIEL       010415 300  213500-214000   00     173.73  994.7    174.99     1.70     1.21
KIEL       010415 300  214000-214500   00     172.15  994.7    173.41     0.80     0.30
KIEL       010415 300  214500-215000   00     171.44  994.7    172.69     0.30    -0.21
KIEL       010415 300  215000-215500   00     170.55  994.7    171.79    -0.20    -0.71
KIEL       010415 300  215500-220000   00     173.84  994.7    175.11     1.80     1.28
KIEL       010415 300  220000-220500   00     173.12  994.7    174.34     1.30     0.78
KIEL       010415 300  220500-221000   00     171.27  994.7    172.48     0.20    -9999
KIEL       010415 300  221000-221500   00     170.98  994.7    172.19     0.10    -9999
KIEL       010415 300  221500-222000   00     174.73  994.7    175.97     2.30    -9999
KIEL       010415 300  222000-222500   00     172.78  994.7    174.01     1.10    -9999
KIEL       010415 300  222500-223000   00     173.63  994.7    174.87     1.60    -9999
KIEL       010415 300  223000-223500   00     171.13  994.7    172.37     0.20    -9999
KIEL       010415 300  223500-224000   00     172.21  994.7    173.47     0.80    -9999
KIEL       010415 300  224000-224500   00     172.53  994.7    173.81     1.00    -9999
KIEL       010415 300  224500-225000   00     171.91  994.7    173.19     0.60    -9999
KIEL       010415 300  225000-225500   00     171.11  994.7    172.40     0.20    -9999
KIEL       010415 300  225500-230000   00     172.73  994.8    174.05     1.10    -9999
KIEL       010415 300  230000-230500   00     172.70  994.8    174.08     1.20    -9999
KIEL       010415 300  230500-231000   00     168.90  994.8    170.27    -1.10    -9999
KIEL       010415 300  231000-231500   00     173.59  994.8    175.02     1.70    -9999
KIEL       010415 300  231500-232000   00     173.78  994.9    175.23     1.80    -9999
KIEL       010415 300  232000-232500   00     173.15  994.9    174.62     1.50    -9999
KIEL       010415 300  232500-233000   00     168.35  994.9    169.79    -1.30    -9999
KIEL       010415 300  233000-233500   00     173.48  994.9    174.99     1.70    -9999
KIEL       010415 300  233500-234000   00     170.94  994.9    172.44     0.20    -9999
KIEL       010415 300  234000-234500   00     171.19  994.9    172.72     0.40    -9999
KIEL       010415 300  234500-235000   00     172.41  995.0    173.97     1.10    -9999
KIEL       010415 300  235000-235500   00     171.14  995.0    172.71     0.40    -9999
KIEL       010415 300  235500-240000   00     170.38  995.0    171.97    -0.10    -9999
KIEL       010416 3600 000000-010000   00     170.96  995.1    172.69     0.30    -9999
KIEL       010416 3600 010000-020000   00     171.19  995.5    173.42     0.80    -9999
KIEL       010416 3600 020000-030000   00     171.21  996.0    174.07     1.20    -9999
KIEL       010416 3600 030000-040000   00     170.83  996.4    174.19     1.20    -9999
KIEL       010416 3600 040000-050000   00     169.89  997.1    174.10     1.20    -9999
KIEL       010416 3600 050000-060000   00     169.06  997.9    174.25     1.30    -9999
KIEL       010416 3600 060000-070000   00     167.82  998.8    174.09     1.20    -9999
KIEL       010416 3600 070000-080000   00     167.32  999.6    174.58     1.40    -9999
KIEL       010416 3600 080000-090000   00     166.41 1000.6    174.88     1.60    -9999
KIEL       010416 3600 090000-100000   00     165.07 1001.4    174.48     1.40    -9999
KIEL       010416 3600 100000-110000   00     164.02 1002.3    174.50     1.40    -9999
KIEL       010416 3600 110000-120000   00     163.89 1003.0    175.24     1.80    -9999
KIEL       010416 3600 120000-130000   00     163.77 1003.7    176.00     2.30    -9999
KIEL       010416 3600 130000-140000   00     163.38 1004.1    176.08     2.30    -9999
KIEL       010416 3600 140000-150000   00     162.39 1004.7    175.77     2.10    -9999
KIEL       010416 3600 150000-160000   00     162.30 1005.2    176.31     2.50    -9999
KIEL       010416 3600 160000-170000   00     161.74 1005.7    176.33     2.50    -9999
KIEL       010416 3600 170000-180000   00     161.40 1006.1    176.47     2.50    -9999
KIEL       010416 3600 180000-190000   00     160.05 1006.7    175.76     2.10    -9999
KIEL       010416 3600 190000-200000   00     158.25 1007.3    174.53     1.40    -9999
KIEL       010416 3600 200000-210000   00     158.02 1007.6    174.66     1.50    -9999
KIEL       010416 3600 210000-220000   00     157.97 1007.7    174.73     1.50    -9999
KIEL       010416 3600 220000-230000   00     158.13 1007.6    174.77     1.60    -9999
KIEL       010416 3600 230000-240000   00     158.12 1007.5    174.64     1.50    -9999
*
*	
COMMENT UNIVERISTY OF OULU: FILE GENERATED FROM DATABASE AND OBTAINED FROM
COMMENT https://gle.oulu.fi at 2023-04-05 10:02:56 +00:00
COMMENT FOR HISTORICAL/ORIGINAL TEXT FILES SEE https://gle.oulu.fi/txtarchive/
COMMENT ORIGINAL AT https://gle.oulu.fi/txtarchive/GLE60/C060KIEL_cor.DAT
COMMENT DETRENDED DATA SHOW -9999 IF EQUAL TO INC% COLUMN 