FORTHSM5   LATITUDE    60        LONGITUDE     -112      ALTITUDE    0 M
FORTHSM5   INSTRUMENT   18-NM-64  NEUTRON MONITOR	
FORTHSM5   STANDARD PRESSURE    1006.7  mb     COEFFICIENT   -0.74     % / mb
FORTHSM5   PRE-INCREASE BASELINE TIME INTERVAL    010415    120000-130000   UT
FORTHSM5   PRE-INCREASE AVERAGE COUNTING RATE    193.67      COUNTS PER SECOND
FORTHSM5   TIME INTERVALS    300         3600     
FORTHSM5   SCALE FACTORS     1           1        
STATION    YYMMDD  SEC   TIME (UT)   CODE    UNCORR. PRESS.    CORR.    % INC.	DETRENDED
                         INTERVAL    TD      C/S     (mb)      C/S
FORTHSM5   010414 3600 000000-010000   00     214.00  988.3    186.67    -3.60    -9999
FORTHSM5   010414 3600 010000-020000   00     213.56  988.8    187.02    -3.40    -9999
FORTHSM5   010414 3600 020000-030000   00     212.61  989.2    186.75    -3.60    -9999
FORTHSM5   010414 3600 030000-040000   00     211.22  989.9    186.45    -3.70    -9999
FORTHSM5   010414 3600 040000-050000   00     209.94  990.7    186.43    -3.70    -9999
FORTHSM5   010414 3600 050000-060000   00     207.86  991.5    185.68    -4.10    -9999
FORTHSM5   010414 3600 060000-070000   00     206.58  992.3    185.64    -4.20    -9999
FORTHSM5   010414 3600 070000-080000   00     206.83  992.8    186.60    -3.70    -9999
FORTHSM5   010414 3600 080000-090000   00     207.22  993.5    187.88    -3.00    -9999
FORTHSM5   010414 3600 090000-100000   00     207.56  993.9    188.74    -2.50    -9999
FORTHSM5   010414 3600 100000-110000   00     205.92  994.5    188.18    -2.80    -9999
FORTHSM5   010414 3600 110000-120000   00     205.83  995.2    189.03    -2.40    -9999
FORTHSM5   010414 3600 120000-130000   00     206.44  995.7    190.35    -1.70    -9999
FORTHSM5   010414 3600 130000-140000   00     206.08  996.5    191.15    -1.30    -9999
FORTHSM5   010414 3600 140000-150000   00     204.53  997.2    190.65    -1.60    -9999
FORTHSM5   010414 3600 150000-160000   00     202.69  997.9    189.87    -2.00    -9999
FORTHSM5   010414 3600 160000-170000   00     201.03  998.4    189.06    -2.40    -9999
FORTHSM5   010414 3600 170000-180000   00     201.64  998.8    190.20    -1.80    -9999
FORTHSM5   010414 3600 180000-190000   00     202.06  999.3    191.35    -1.20    -9999
FORTHSM5   010414 3600 190000-200000   00     201.39  999.6    191.09    -1.30    -9999
FORTHSM5   010414 3600 200000-210000   00     200.61  999.9    190.73    -1.50    -9999
FORTHSM5   010414 3600 210000-220000   00     200.89 1000.1    191.38    -1.20    -9999
FORTHSM5   010414 3600 220000-230000   00     201.44 1000.5    192.48    -0.60    -9999
FORTHSM5   010414 3600 230000-240000   00     200.81 1000.8    192.25    -0.70    -9999
FORTHSM5   010415 3600 000000-010000   00     200.31 1001.2    192.34    -0.70    -9999
FORTHSM5   010415 3600 010000-020000   00     199.81 1001.6    192.43    -0.60    -9999
FORTHSM5   010415 3600 020000-030000   00     198.19 1002.1    191.63    -1.10    -9999
FORTHSM5   010415 3600 030000-040000   00     198.00 1002.7    192.21    -0.80    -9999
FORTHSM5   010415 3600 040000-050000   00     196.83 1003.3    192.02    -0.90    -9999
FORTHSM5   010415 3600 050000-060000   00     196.47 1004.0    192.62    -0.50    -9999
FORTHSM5   010415 3600 060000-070000   00     195.33 1004.5    192.26    -0.70    -9999
FORTHSM5   010415 3600 070000-080000   00     194.11 1004.9    191.63    -1.10    -9999
FORTHSM5   010415 3600 080000-090000   00     194.11 1005.3    192.20    -0.80    -9999
FORTHSM5   010415 300  090000-090500   00     192.60 1005.5    190.99    -1.40    -9999
FORTHSM5   010415 300  090500-091000   00     194.27 1005.6    192.70    -0.50    -9999
FORTHSM5   010415 300  091000-091500   00     194.14 1005.6    192.61    -0.60    -9999
FORTHSM5   010415 300  091500-092000   00     194.78 1005.6    193.30    -0.20    -9999
FORTHSM5   010415 300  092000-092500   00     195.00 1005.7    193.56    -0.10    -9999
FORTHSM5   010415 300  092500-093000   00     195.57 1005.7    194.18     0.30    -9999
FORTHSM5   010415 300  093000-093500   00     193.27 1005.7    191.94    -0.90    -9999
FORTHSM5   010415 300  093500-094000   00     194.46 1005.8    193.17    -0.20    -9999
FORTHSM5   010415 300  094000-094500   00     193.95 1005.8    192.71    -0.50    -9999
FORTHSM5   010415 300  094500-095000   00     195.82 1005.8    194.61     0.50    -9999
FORTHSM5   010415 300  095000-095500   00     193.55 1005.9    192.41    -0.70    -9999
FORTHSM5   010415 300  095500-100000   00     193.89 1005.9    192.80    -0.50    -9999
FORTHSM5   010415 300  100000-100500   00     194.19 1006.0    193.16    -0.30    -9999
FORTHSM5   010415 300  100500-101000   00     193.00 1006.0    192.02    -0.90    -9999
FORTHSM5   010415 300  101000-101500   00     193.59 1006.0    192.66    -0.50    -9999
FORTHSM5   010415 300  101500-102000   00     194.86 1006.0    193.96     0.20    -9999
FORTHSM5   010415 300  102000-102500   00     193.49 1006.1    192.65    -0.50    -9999
FORTHSM5   010415 300  102500-103000   00     191.97 1006.1    191.18    -1.30    -9999
FORTHSM5   010415 300  103000-103500   00     193.84 1006.1    193.07    -0.30    -9999
FORTHSM5   010415 300  103500-104000   00     194.24 1006.2    193.52    -0.10    -9999
FORTHSM5   010415 300  104000-104500   00     194.11 1006.2    193.42    -0.10    -9999
FORTHSM5   010415 300  104500-105000   00     192.91 1006.2    192.26    -0.70    -9999
FORTHSM5   010415 300  105000-105500   00     192.78 1006.2    192.17    -0.80    -9999
FORTHSM5   010415 300  105500-110000   00     193.26 1006.3    192.68    -0.50    -9999
FORTHSM5   010415 300  110000-110500   00     195.65 1006.3    195.08     0.70    -9999
FORTHSM5   010415 300  110500-111000   00     194.59 1006.3    194.05     0.20    -9999
FORTHSM5   010415 300  111000-111500   00     193.54 1006.3    193.03    -0.30    -9999
FORTHSM5   010415 300  111500-112000   00     193.46 1006.3    192.99    -0.40    -9999
FORTHSM5   010415 300  112000-112500   00     194.31 1006.4    193.87     0.10    -9999
FORTHSM5   010415 300  112500-113000   00     193.78 1006.4    193.37    -0.20    -9999
FORTHSM5   010415 300  113000-113500   00     191.64 1006.4    191.27    -1.20    -9999
FORTHSM5   010415 300  113500-114000   00     191.21 1006.4    190.87    -1.40    -9999
FORTHSM5   010415 300  114000-114500   00     194.79 1006.4    194.47     0.40    -9999
FORTHSM5   010415 300  114500-115000   00     191.99 1006.5    191.71    -1.00    -9999
FORTHSM5   010415 300  115000-115500   00     197.89 1006.5    197.64     2.00    -9999
FORTHSM5   010415 300  115500-120000   00     192.25 1006.5    192.03    -0.90    -9999
FORTHSM5   010415 300  120000-120500   00     192.85 1006.6    192.69    -0.50    -9999
FORTHSM5   010415 300  120500-121000   00     195.59 1006.6    195.46     0.90    -9999
FORTHSM5   010415 300  121000-121500   00     195.67 1006.6    195.57     1.00    -9999
FORTHSM5   010415 300  121500-122000   00     191.66 1006.6    191.59    -1.10    -9999
FORTHSM5   010415 300  122000-122500   00     195.31 1006.6    195.26     0.80    -9999
FORTHSM5   010415 300  122500-123000   00     192.76 1006.7    192.74    -0.50    -9999
FORTHSM5   010415 300  123000-123500   00     190.10 1006.7    190.10    -1.90    -9999
FORTHSM5   010415 300  123500-124000   00     195.50 1006.7    195.53     0.90    -9999
FORTHSM5   010415 300  124000-124500   00     194.86 1006.7    194.91     0.60    -9999
FORTHSM5   010415 300  124500-125000   00     193.91 1006.7    193.98     0.20    -9999
FORTHSM5   010415 300  125000-125500   00     193.49 1006.7    193.57    -0.10    -9999
FORTHSM5   010415 300  125500-130000   00     192.38 1006.7    192.49    -0.60    -9999
FORTHSM5   010415 300  130000-130500   00     191.95 1006.7    192.00    -0.90    -1.02
FORTHSM5   010415 300  130500-131000   00     190.87 1006.7    190.94    -1.40    -1.53
FORTHSM5   010415 300  131000-131500   00     194.99 1006.7    195.08     0.70     0.55
FORTHSM5   010415 300  131500-132000   00     191.14 1006.7    191.25    -1.20    -1.37
FORTHSM5   010415 300  132000-132500   00     191.67 1006.8    191.81    -1.00    -1.19
FORTHSM5   010415 300  132500-133000   00     193.61 1006.8    193.78     0.10    -0.10
FORTHSM5   010415 300  133000-133500   00     192.46 1006.8    192.66    -0.50    -0.72
FORTHSM5   010415 300  133500-134000   00     192.92 1006.8    193.15    -0.30    -0.54
FORTHSM5   010415 300  134000-134500   00     192.36 1006.9    192.63    -0.50    -0.75
FORTHSM5   010415 300  134500-135000   00     193.18 1006.9    193.48    -0.10    -0.37
FORTHSM5   010415 300  135000-135500   00     193.74 1006.9    194.09     0.20    -0.08
FORTHSM5   010415 300  135500-140000   00     212.87 1006.9    213.30    10.10     9.80
FORTHSM5   010415 300  140000-140500   00     252.78 1007.0    253.48    30.90    30.58
FORTHSM5   010415 300  140500-141000   00     270.47 1007.1    271.28    40.10    39.77
FORTHSM5   010415 300  141000-141500   00     292.90 1007.1    293.85    51.70    51.35
FORTHSM5   010415 300  141500-142000   00     306.40 1007.1    307.45    58.80    58.44
FORTHSM5   010415 300  142000-142500   00     320.43 1007.2    321.60    66.10    65.72
FORTHSM5   010415 300  142500-143000   00     327.39 1007.2    328.63    69.70    69.30
FORTHSM5   010415 300  143000-143500   00     350.92 1007.2    352.32    81.90    81.49
FORTHSM5   010415 300  143500-144000   00     371.07 1007.2    372.61    92.40    91.97
FORTHSM5   010415 300  144000-144500   00     375.31 1007.2    376.92    94.60    94.16
FORTHSM5   010415 300  144500-145000   00     369.14 1007.3    370.77    91.40    90.94
FORTHSM5   010415 300  145000-145500   00     366.73 1007.3    368.39    90.20    89.73
FORTHSM5   010415 300  145500-150000   00     353.25 1007.3    354.89    83.20    82.71
FORTHSM5   010415 300  150000-150500   00     347.75 1007.3    349.35    80.40    79.89
FORTHSM5   010415 300  150500-151000   00     343.21 1007.3    344.81    78.00    77.48
FORTHSM5   010415 300  151000-151500   00     337.68 1007.3    339.28    75.20    74.66
FORTHSM5   010415 300  151500-152000   00     334.68 1007.3    336.29    73.60    73.05
FORTHSM5   010415 300  152000-152500   00     325.98 1007.3    327.57    69.10    68.53
FORTHSM5   010415 300  152500-153000   00     319.45 1007.3    321.03    65.80    65.22
FORTHSM5   010415 300  153000-153500   00     302.55 1007.3    304.05    57.00    56.40
FORTHSM5   010415 300  153500-154000   00     298.53 1007.3    300.03    54.90    54.29
FORTHSM5   010415 300  154000-154500   00     290.38 1007.3    291.84    50.70    50.07
FORTHSM5   010415 300  154500-155000   00     283.00 1007.3    284.43    46.90    46.26
FORTHSM5   010415 300  155000-155500   00     277.45 1007.3    278.86    44.00    43.35
FORTHSM5   010415 300  155500-160000   00     272.19 1007.3    273.57    41.30    40.63
FORTHSM5   010415 300  160000-160500   00     268.30 1007.3    269.63    39.20    38.52
FORTHSM5   010415 300  160500-161000   00     262.93 1007.3    264.23    36.40    35.70
FORTHSM5   010415 300  161000-161500   00     259.62 1007.3    260.91    34.70    33.99
FORTHSM5   010415 300  161500-162000   00     253.93 1007.3    255.19    31.80    31.07
FORTHSM5   010415 300  162000-162500   00     248.66 1007.3    249.89    29.00    28.26
FORTHSM5   010415 300  162500-163000   00     247.37 1007.3    248.59    28.40    27.65
FORTHSM5   010415 300  163000-163500   00     244.57 1007.3    245.78    26.90    26.13
FORTHSM5   010415 300  163500-164000   00     241.91 1007.3    243.11    25.50    24.72
FORTHSM5   010415 300  164000-164500   00     240.99 1007.3    242.19    25.00    24.20
FORTHSM5   010415 300  164500-165000   00     240.88 1007.3    242.08    25.00    24.19
FORTHSM5   010415 300  165000-165500   00     237.67 1007.3    238.85    23.30    22.48
FORTHSM5   010415 300  165500-170000   00     235.73 1007.3    236.90    22.30    21.46
FORTHSM5   010415 300  170000-170500   00     234.24 1007.4    235.46    21.60    20.75
FORTHSM5   010415 300  170500-171000   00     230.92 1007.4    232.12    19.90    19.03
FORTHSM5   010415 300  171000-171500   00     228.22 1007.4    229.41    18.50    17.62
FORTHSM5   010415 300  171500-172000   00     227.20 1007.4    228.37    17.90    17.01
FORTHSM5   010415 300  172000-172500   00     224.26 1007.4    225.40    16.40    15.49
FORTHSM5   010415 300  172500-173000   00     225.85 1007.3    226.99    17.20    16.28
FORTHSM5   010415 300  173000-173500   00     225.41 1007.3    226.53    17.00    16.07
FORTHSM5   010415 300  173500-174000   00     225.35 1007.3    226.45    16.90    15.96
FORTHSM5   010415 300  174000-174500   00     224.83 1007.3    225.90    16.60    15.64
FORTHSM5   010415 300  174500-175000   00     220.58 1007.3    221.61    14.40    13.43
FORTHSM5   010415 300  175000-175500   00     221.71 1007.3    222.71    15.00    14.02
FORTHSM5   010415 300  175500-180000   00     219.19 1007.3    220.15    13.70    12.70
FORTHSM5   010415 300  180000-180500   00     216.90 1007.2    217.73    12.40    11.39
FORTHSM5   010415 300  180500-181000   00     217.91 1007.2    218.71    12.90    11.88
FORTHSM5   010415 300  181000-181500   00     215.30 1007.1    216.05    11.60    10.57
FORTHSM5   010415 300  181500-182000   00     214.97 1007.1    215.70    11.40    10.35
FORTHSM5   010415 300  182000-182500   00     215.98 1007.1    216.68    11.90    10.84
FORTHSM5   010415 300  182500-183000   00     216.41 1007.1    217.08    12.10    11.03
FORTHSM5   010415 300  183000-183500   00     215.57 1007.1    216.21    11.60    10.52
FORTHSM5   010415 300  183500-184000   00     217.09 1007.0    217.71    12.40    11.30
FORTHSM5   010415 300  184000-184500   00     213.43 1007.0    214.01    10.50     9.39
FORTHSM5   010415 300  184500-185000   00     214.14 1007.0    214.70    10.90     9.78
FORTHSM5   010415 300  185000-185500   00     211.32 1007.0    211.85     9.40     8.27
FORTHSM5   010415 300  185500-190000   00     214.30 1007.0    214.82    10.90     9.76
FORTHSM5   010415 300  190000-190500   00     211.76 1007.0    212.29     9.60     8.44
FORTHSM5   010415 300  190500-191000   00     211.27 1007.0    211.78     9.40     8.23
FORTHSM5   010415 300  191000-191500   00     210.09 1007.0    210.57     8.70     7.52
FORTHSM5   010415 300  191500-192000   00     210.30 1007.0    210.77     8.80     7.61
FORTHSM5   010415 300  192000-192500   00     206.37 1007.0    206.81     6.80     5.60
FORTHSM5   010415 300  192500-193000   00     210.31 1006.9    210.74     8.80     7.59
FORTHSM5   010415 300  193000-193500   00     209.89 1006.9    210.30     8.60     7.37
FORTHSM5   010415 300  193500-194000   00     211.33 1006.9    211.73     9.30     8.06
FORTHSM5   010415 300  194000-194500   00     210.99 1006.9    211.37     9.10     7.85
FORTHSM5   010415 300  194500-195000   00     208.03 1006.9    208.38     7.60     6.34
FORTHSM5   010415 300  195000-195500   00     210.28 1006.9    210.63     8.80     7.53
FORTHSM5   010415 300  195500-200000   00     207.75 1006.9    208.08     7.40     6.12
FORTHSM5   010415 300  200000-200500   00     209.57 1006.9    209.93     8.40     7.11
FORTHSM5   010415 300  200500-201000   00     206.88 1006.9    207.21     7.00     5.70
FORTHSM5   010415 300  201000-201500   00     208.19 1006.9    208.51     7.70     6.39
FORTHSM5   010415 300  201500-202000   00     207.67 1006.9    207.96     7.40     6.07
FORTHSM5   010415 300  202000-202500   00     207.90 1006.8    208.17     7.50     6.16
FORTHSM5   010415 300  202500-203000   00     206.76 1006.8    207.00     6.90     5.55
FORTHSM5   010415 300  203000-203500   00     206.03 1006.8    206.23     6.50     5.14
FORTHSM5   010415 300  203500-204000   00     207.48 1006.8    207.64     7.20     5.83
FORTHSM5   010415 300  204000-204500   00     206.62 1006.7    206.74     6.70     5.32
FORTHSM5   010415 300  204500-205000   00     207.12 1006.7    207.20     7.00     5.61
FORTHSM5   010415 300  205000-205500   00     205.69 1006.7    205.73     6.20     4.80
FORTHSM5   010415 300  205500-210000   00     206.11 1006.7    206.10     6.40     4.99
FORTHSM5   010415 300  210000-210500   00     205.54 1006.6    205.41     6.10     4.68
FORTHSM5   010415 300  210500-211000   00     205.76 1006.5    205.58     6.10     4.67
FORTHSM5   010415 300  211000-211500   00     206.42 1006.5    206.19     6.50     5.06
FORTHSM5   010415 300  211500-212000   00     206.95 1006.5    206.67     6.70     5.25
FORTHSM5   010415 300  212000-212500   00     206.77 1006.5    206.44     6.60     5.14
FORTHSM5   010415 300  212500-213000   00     207.29 1006.4    206.91     6.80     5.33
FORTHSM5   010415 300  213000-213500   00     207.12 1006.4    206.70     6.70     5.22
FORTHSM5   010415 300  213500-214000   00     205.33 1006.4    204.88     5.80     4.31
FORTHSM5   010415 300  214000-214500   00     205.53 1006.3    205.04     5.90     4.40
FORTHSM5   010415 300  214500-215000   00     206.46 1006.3    205.93     6.30     4.79
FORTHSM5   010415 300  215000-215500   00     207.36 1006.3    206.78     6.80     5.28
FORTHSM5   010415 300  215500-220000   00     206.27 1006.3    205.66     6.20     4.67
FORTHSM5   010415 300  220000-220500   00     203.99 1006.3    203.38     5.00     3.46
FORTHSM5   010415 300  220500-221000   00     206.47 1006.2    205.82     6.30     4.76
FORTHSM5   010415 300  221000-221500   00     205.88 1006.2    205.20     6.00     4.45
FORTHSM5   010415 300  221500-222000   00     204.33 1006.2    203.62     5.10     3.54
FORTHSM5   010415 300  222000-222500   00     207.09 1006.2    206.33     6.50     4.93
FORTHSM5   010415 300  222500-223000   00     204.66 1006.2    203.88     5.30     3.72
FORTHSM5   010415 300  223000-223500   00     205.93 1006.1    205.11     5.90     4.31
FORTHSM5   010415 300  223500-224000   00     205.95 1006.1    205.09     5.90     4.30
FORTHSM5   010415 300  224000-224500   00     205.94 1006.1    205.05     5.90     4.29
FORTHSM5   010415 300  224500-225000   00     206.42 1006.1    205.50     6.10     4.48
FORTHSM5   010415 300  225000-225500   00     205.74 1006.0    204.79     5.70     4.08
FORTHSM5   010415 300  225500-230000   00     204.91 1006.0    203.93     5.30     3.67
FORTHSM5   010415 300  230000-230500   00     207.50 1006.0    206.45     6.60     4.96
FORTHSM5   010415 300  230500-231000   00     206.37 1006.0    205.29     6.00     4.35
FORTHSM5   010415 300  231000-231500   00     206.42 1005.9    205.31     6.00     4.34
FORTHSM5   010415 300  231500-232000   00     203.21 1005.9    202.08     4.30     2.63
FORTHSM5   010415 300  232000-232500   00     204.80 1005.9    203.64     5.10     3.43
FORTHSM5   010415 300  232500-233000   00     204.30 1005.9    203.11     4.90     3.22
FORTHSM5   010415 300  233000-233500   00     204.70 1005.9    203.49     5.10     3.41
FORTHSM5   010415 300  233500-234000   00     205.43 1005.8    204.18     5.40     3.70
FORTHSM5   010415 300  234000-234500   00     203.46 1005.8    202.20     4.40     2.69
FORTHSM5   010415 300  234500-235000   00     204.66 1005.8    203.37     5.00     3.29
FORTHSM5   010415 300  235000-235500   00     203.56 1005.8    202.26     4.40     2.68
FORTHSM5   010415 300  235500-240000   00     202.96 1005.8    201.65     4.10     2.37
FORTHSM5   010416 3600 000000-010000   00     202.89 1005.7    201.49     4.00     2.22
FORTHSM5   010416 3600 010000-020000   00     202.22 1005.6    200.63     3.60     1.74
FORTHSM5   010416 3600 020000-030000   00     201.67 1005.5    199.88     3.20     1.27
FORTHSM5   010416 3600 030000-040000   00     200.08 1005.5    198.31     2.40     0.41
FORTHSM5   010416 3600 040000-050000   00     201.08 1005.6    199.50     3.00     0.96
FORTHSM5   010416 3600 050000-060000   00     200.03 1005.6    198.45     2.50     0.42
FORTHSM5   010416 3600 060000-070000   00     199.89 1005.5    198.12     2.30     0.19
FORTHSM5   010416 3600 070000-080000   00     199.50 1005.3    197.53     2.00    -0.12
FORTHSM5   010416 3600 080000-090000   00     200.03 1005.1    197.67     2.10    -9999
FORTHSM5   010416 3600 090000-100000   00     199.92 1004.9    197.36     1.90    -9999
FORTHSM5   010416 3600 100000-110000   00     201.00 1004.7    198.04     2.30    -9999
FORTHSM5   010416 3600 110000-120000   00     201.08 1004.4    197.73     2.10    -9999
FORTHSM5   010416 3600 120000-130000   00     201.94 1004.1    198.18     2.30    -9999
FORTHSM5   010416 3600 130000-140000   00     201.56 1004.0    197.60     2.00    -9999
FORTHSM5   010416 3600 140000-150000   00     202.11 1003.6    197.56     2.00    -9999
FORTHSM5   010416 3600 150000-160000   00     202.75 1003.2    197.60     2.00    -9999
FORTHSM5   010416 3600 160000-170000   00     203.86 1002.8    198.09     2.30    -9999
FORTHSM5   010416 3600 170000-180000   00     205.17 1002.4    198.77     2.60    -9999
FORTHSM5   010416 3600 180000-190000   00     206.17 1001.7    198.75     2.60    -9999
FORTHSM5   010416 3600 190000-200000   00     207.11 1001.2    198.87     2.70    -9999
FORTHSM5   010416 3600 200000-210000   00     207.86 1000.4    198.41     2.40    -9999
FORTHSM5   010416 3600 210000-220000   00     209.69  999.6    198.98     2.70    -9999
FORTHSM5   010416 3600 220000-230000   00     212.25  998.9    200.41     3.50    -9999
FORTHSM5   010416 3600 230000-240000   00     213.64  998.1    200.52     3.50    -9999
*
*	
COMMENT UNIVERISTY OF OULU: FILE GENERATED FROM DATABASE AND OBTAINED FROM
COMMENT https://gle.oulu.fi at 2023-04-05 10:02:56 +00:00
COMMENT FOR HISTORICAL/ORIGINAL TEXT FILES SEE https://gle.oulu.fi/txtarchive/
COMMENT ORIGINAL AT https://gle.oulu.fi/txtarchive/GLE60/C060FRSM_cor.DAT
COMMENT DETRENDED DATA SHOW -9999 IF EQUAL TO INC% COLUMN 