YAKUTSK    LATITUDE    62.02     LONGITUDE     129.72    ALTITUDE    105 M
YAKUTSK    INSTRUMENT   18NM64    NEUTRON MONITOR     	
YAKUTSK    STANDARD PRESSURE    1000.3  MB     COEFFICIENT   -0.71     % / MB
YAKUTSK    PRE-INCREASE BASELINE TIME INTERVAL    010415    120000-130000   UT
YAKUTSK    PRE-INCREASE AVERAGE COUNTING RATE     84.22      COUNTS PER SECOND
YAKUTSK    TIME INTERVALS    300         3600     
YAKUTSK    SCALE FACTORS     1           1        
STATION    YYMMDD  SEC   TIME (UT)   CODE    UNCORR. PRESS.    CORR.    % INC.	DETRENDED
                         INTERVAL    TD      C/S     (MB)      C/S
YAKUTSK    010414 3600 000000-010000   00      82.60 1000.2     82.54    -2.00    -9999
YAKUTSK    010414 3600 010000-020000   00      82.89 1000.0     82.72    -1.80    -9999
YAKUTSK    010414 3600 020000-030000   00      83.08  999.4     82.54    -2.00    -9999
YAKUTSK    010414 3600 030000-040000   00      83.84  998.6     82.83    -1.60    -9999
YAKUTSK    010414 3600 040000-050000   00      84.09  997.7     82.54    -2.00    -9999
YAKUTSK    010414 3600 050000-060000   00      84.17  996.8     82.09    -2.50    -9999
YAKUTSK    010414 3600 060000-070000   00      84.24  995.9     81.63    -3.10    -9999
YAKUTSK    010414 3600 070000-080000   00      84.76  995.2     81.72    -3.00    -9999
YAKUTSK    010414 3600 080000-090000   00      86.20  994.8     82.88    -1.60    -9999
YAKUTSK    010414 3600 090000-100000   00      86.07  994.1     82.33    -2.20    -9999
YAKUTSK    010414 3600 100000-110000   00      86.77  993.2     82.47    -2.10    -9999
YAKUTSK    010414 3600 110000-120000   00      86.62  992.5     81.92    -2.70    -9999
YAKUTSK    010414 3600 120000-130000   00      87.19  991.6     81.93    -2.70    -9999
YAKUTSK    010414 3600 130000-140000   00      87.81  990.7     81.98    -2.70    -9999
YAKUTSK    010414 3600 140000-150000   00      87.90  989.8     81.54    -3.20    -9999
YAKUTSK    010414 3600 150000-160000   00      88.79  988.9     81.84    -2.80    -9999
YAKUTSK    010414 3600 160000-170000   00      88.90  987.9     81.36    -3.40    -9999
YAKUTSK    010414 3600 170000-180000   00      90.52  986.9     82.25    -2.30    -9999
YAKUTSK    010414 3600 180000-190000   00      90.59  986.7     82.19    -2.40    -9999
YAKUTSK    010414 3600 190000-200000   00      90.60  987.3     82.56    -2.00    -9999
YAKUTSK    010414 3600 200000-210000   00      90.33  987.7     82.55    -2.00    -9999
YAKUTSK    010414 3600 210000-220000   00      89.44  988.7     82.32    -2.30    -9999
YAKUTSK    010414 3600 220000-230000   00      89.22  989.4     82.53    -2.00    -9999
YAKUTSK    010414 3600 230000-240000   00      88.90  990.0     82.59    -1.90    -9999
YAKUTSK    010415 3600 000000-010000   00      88.38  990.7     82.52    -2.00    -9999
YAKUTSK    010415 3600 010000-020000   00      88.84  991.0     83.12    -1.30    -9999
YAKUTSK    010415 3600 020000-030000   00      89.15  991.4     83.65    -0.70    -9999
YAKUTSK    010415 3600 030000-040000   00      89.05  992.2     84.04    -0.20    -9999
YAKUTSK    010415 3600 040000-050000   00      88.98  992.7     84.27     0.10    -9999
YAKUTSK    010415 3600 050000-060000   00      88.95  993.4     84.66     0.50    -9999
YAKUTSK    010415 3600 060000-070000   00      87.69  994.3     84.01    -0.30    -9999
YAKUTSK    010415 3600 070000-080000   00      87.99  995.1     84.78     0.70    -9999
YAKUTSK    010415 3600 080000-090000   00      87.00  996.1     84.42     0.20    -9999
YAKUTSK    010415 300  090000-090500   00      87.41  996.8     85.26     1.20    -9999
YAKUTSK    010415 300  090500-091000   00      87.20  996.9     85.12     1.10    -9999
YAKUTSK    010415 300  091000-091500   00      89.97  997.0     87.89     4.40    -9999
YAKUTSK    010415 300  091500-092000   00      87.31  997.1     85.35     1.30    -9999
YAKUTSK    010415 300  092000-092500   00      85.55  997.2     83.70    -0.60    -9999
YAKUTSK    010415 300  092500-093000   00      85.65  997.3     83.86    -0.40    -9999
YAKUTSK    010415 300  093000-093500   00      86.13  997.5     84.40     0.20    -9999
YAKUTSK    010415 300  093500-094000   00      84.59  997.6     82.94    -1.50    -9999
YAKUTSK    010415 300  094000-094500   00      85.23  997.7     83.63    -0.70    -9999
YAKUTSK    010415 300  094500-095000   00      86.56  997.8     85.00     0.90    -9999
YAKUTSK    010415 300  095000-095500   00      85.23  997.9     83.75    -0.60    -9999
YAKUTSK    010415 300  095500-100000   00      85.81  998.0     84.39     0.20    -9999
YAKUTSK    010415 300  100000-100500   00      84.69  998.1     83.35    -1.00    -9999
YAKUTSK    010415 300  100500-101000   00      85.33  998.2     84.04    -0.20    -9999
YAKUTSK    010415 300  101000-101500   00      85.87  998.3     84.62     0.50    -9999
YAKUTSK    010415 300  101500-102000   00      84.91  998.4     83.74    -0.60    -9999
YAKUTSK    010415 300  102000-102500   00      85.87  998.5     84.74     0.60    -9999
YAKUTSK    010415 300  102500-103000   00      84.16  998.6     83.11    -1.30    -9999
YAKUTSK    010415 300  103000-103500   00      86.40  998.6     85.39     1.40    -9999
YAKUTSK    010415 300  103500-104000   00      84.37  998.7     83.44    -0.90    -9999
YAKUTSK    010415 300  104000-104500   00      85.65  998.8     84.76     0.60    -9999
YAKUTSK    010415 300  104500-105000   00      85.17  998.9     84.34     0.10    -9999
YAKUTSK    010415 300  105000-105500   00      84.48  999.0     83.71    -0.60    -9999
YAKUTSK    010415 300  105500-110000   00      85.49  999.1     84.77     0.70    -9999
YAKUTSK    010415 300  110000-110500   00      84.05  999.3     83.43    -0.90    -9999
YAKUTSK    010415 300  110500-111000   00      85.28  999.3     84.70     0.60    -9999
YAKUTSK    010415 300  111000-111500   00      84.85  999.4     84.33     0.10    -9999
YAKUTSK    010415 300  111500-112000   00      83.79  999.5     83.32    -1.10    -9999
YAKUTSK    010415 300  112000-112500   00      85.17  999.6     84.74     0.60    -9999
YAKUTSK    010415 300  112500-113000   00      85.39  999.7     85.00     0.90    -9999
YAKUTSK    010415 300  113000-113500   00      84.96  999.7     84.62     0.50    -9999
YAKUTSK    010415 300  113500-114000   00      83.15  999.8     82.85    -1.60    -9999
YAKUTSK    010415 300  114000-114500   00      84.53  999.9     84.27     0.10    -9999
YAKUTSK    010415 300  114500-115000   00      86.13  999.9     85.90     2.00    -9999
YAKUTSK    010415 300  115000-115500   00      83.31 1000.0     83.12    -1.30    -9999
YAKUTSK    010415 300  115500-120000   00      82.77 1000.0     82.62    -1.90    -9999
YAKUTSK    010415 300  120000-120500   00      83.15 1000.0     83.00    -1.40    -9999
YAKUTSK    010415 300  120500-121000   00      84.91 1000.1     84.78     0.70    -9999
YAKUTSK    010415 300  121000-121500   00      84.05 1000.1     83.96    -0.30    -9999
YAKUTSK    010415 300  121500-122000   00      84.05 1000.2     83.99    -0.30    -9999
YAKUTSK    010415 300  122000-122500   00      84.48 1000.2     84.44     0.30    -9999
YAKUTSK    010415 300  122500-123000   00      83.31 1000.3     83.29    -1.10    -9999
YAKUTSK    010415 300  123000-123500   00      85.44 1000.3     85.45     1.50    -9999
YAKUTSK    010415 300  123500-124000   00      85.28 1000.4     85.32     1.30    -9999
YAKUTSK    010415 300  124000-124500   00      84.21 1000.4     84.27     0.10    -9999
YAKUTSK    010415 300  124500-125000   00      83.63 1000.4     83.71    -0.60    -9999
YAKUTSK    010415 300  125000-125500   00      84.27 1000.5     84.37     0.20    -9999
YAKUTSK    010415 300  125500-130000   00      83.84 1000.5     83.96    -0.30    -9999
YAKUTSK    010415 300  130000-130500   00      85.76 1000.5     85.91     2.00     1.85
YAKUTSK    010415 300  130500-131000   00      86.45 1000.6     86.62     2.90     2.73
YAKUTSK    010415 300  131000-131500   00      84.64 1000.6     84.82     0.70     0.51
YAKUTSK    010415 300  131500-132000   00      84.05 1000.6     84.25     0.00    -0.21
YAKUTSK    010415 300  132000-132500   00      84.32 1000.7     84.54     0.40     0.17
YAKUTSK    010415 300  132500-133000   00      84.05 1000.7     84.29     0.10    -0.15
YAKUTSK    010415 300  133000-133500   00      84.75 1000.7     85.00     0.90     0.64
YAKUTSK    010415 300  133500-134000   00      82.99 1000.7     83.25    -1.20    -1.48
YAKUTSK    010415 300  134000-134500   00      84.21 1000.8     84.49     0.30     0.00
YAKUTSK    010415 300  134500-135000   00      84.27 1000.8     84.56     0.40     0.08
YAKUTSK    010415 300  135000-135500   00      84.91 1000.8     85.21     1.20     0.86
YAKUTSK    010415 300  135500-140000   00      87.04 1000.8     87.39     3.30     2.95
YAKUTSK    010415 300  140000-140500   00      89.97 1000.8     90.29     7.20     6.83
YAKUTSK    010415 300  140500-141000   00      86.51 1000.8     86.82     3.10     2.71
YAKUTSK    010415 300  141000-141500   00      97.97 1000.8     98.35    16.80    16.39
YAKUTSK    010415 300  141500-142000   00     107.57 1000.9    108.00    28.20    27.78
YAKUTSK    010415 300  142000-142500   00     118.72 1000.9    119.20    41.50    41.06
YAKUTSK    010415 300  142500-143000   00     117.23 1000.9    117.72    39.80    39.34
YAKUTSK    010415 300  143000-143500   00     118.93 1000.9    119.45    41.80    41.33
YAKUTSK    010415 300  143500-144000   00     121.12 1000.9    121.67    44.50    44.01
YAKUTSK    010415 300  144000-144500   00     123.09 1001.0    123.67    46.80    46.29
YAKUTSK    010415 300  144500-145000   00     122.13 1001.0    122.73    45.70    45.17
YAKUTSK    010415 300  145000-145500   00     121.65 1001.0    122.26    45.20    44.66
YAKUTSK    010415 300  145500-150000   00     122.19 1001.0    122.82    45.80    45.24
YAKUTSK    010415 300  150000-150500   00     118.24 1001.1    118.89    41.20    40.62
YAKUTSK    010415 300  150500-151000   00     117.28 1001.1    117.94    40.00    39.41
YAKUTSK    010415 300  151000-151500   00     115.52 1001.1    116.19    38.00    37.39
YAKUTSK    010415 300  151500-152000   00     114.29 1001.1    114.98    36.50    35.88
YAKUTSK    010415 300  152000-152500   00     114.13 1001.2    114.84    36.40    35.76
YAKUTSK    010415 300  152500-153000   00     111.31 1001.2    112.02    33.00    32.34
YAKUTSK    010415 300  153000-153500   00     109.55 1001.2    110.26    30.90    30.23
YAKUTSK    010415 300  153500-154000   00     110.13 1001.2    110.87    31.70    31.01
YAKUTSK    010415 300  154000-154500   00     109.23 1001.3    109.98    30.60    29.89
YAKUTSK    010415 300  154500-155000   00     107.89 1001.3    108.66    29.00    28.28
YAKUTSK    010415 300  155000-155500   00     105.39 1001.3    106.15    26.00    25.26
YAKUTSK    010415 300  155500-160000   00     103.41 1001.3    104.18    23.70    22.95
YAKUTSK    010415 300  160000-160500   00     102.72 1001.4    103.49    22.90    22.13
YAKUTSK    010415 300  160500-161000   00     100.43 1001.4    101.20    20.20    19.42
YAKUTSK    010415 300  161000-161500   00     101.49 1001.4    102.30    21.50    20.70
YAKUTSK    010415 300  161500-162000   00     100.64 1001.4    101.46    20.50    19.69
YAKUTSK    010415 300  162000-162500   00      99.36 1001.5    100.19    19.00    18.17
YAKUTSK    010415 300  162500-163000   00      96.37 1001.5     97.19    15.40    14.56
YAKUTSK    010415 300  163000-163500   00      95.20 1001.5     96.03    14.00    13.14
YAKUTSK    010415 300  163500-164000   00      96.69 1001.5     97.56    15.80    14.93
YAKUTSK    010415 300  164000-164500   00      94.51 1001.6     95.37    13.20    12.31
YAKUTSK    010415 300  164500-165000   00      93.81 1001.6     94.69    12.40    11.50
YAKUTSK    010415 300  165000-165500   00      94.45 1001.6     95.36    13.20    12.28
YAKUTSK    010415 300  165500-170000   00      94.35 1001.7     95.28    13.10    12.17
YAKUTSK    010415 300  170000-170500   00      92.96 1001.8     93.93    11.50    10.55
YAKUTSK    010415 300  170500-171000   00      92.80 1001.8     93.79    11.40    10.44
YAKUTSK    010415 300  171000-171500   00      92.91 1001.8     93.92    11.50    10.52
YAKUTSK    010415 300  171500-172000   00      92.27 1001.8     93.29    10.80     9.81
YAKUTSK    010415 300  172000-172500   00      90.56 1001.9     91.58     8.70     7.69
YAKUTSK    010415 300  172500-173000   00      91.79 1001.9     92.84    10.20     9.18
YAKUTSK    010415 300  173000-173500   00      90.13 1001.9     91.18     8.30     7.27
YAKUTSK    010415 300  173500-174000   00      89.55 1001.9     90.60     7.60     6.55
YAKUTSK    010415 300  174000-174500   00      90.08 1001.9     91.15     8.20     7.14
YAKUTSK    010415 300  174500-175000   00      90.19 1002.0     91.26     8.40     7.33
YAKUTSK    010415 300  175000-175500   00      90.93 1002.0     92.03     9.30     8.21
YAKUTSK    010415 300  175500-180000   00      88.37 1002.0     89.44     6.20     5.10
YAKUTSK    010415 300  180000-180500   00      89.87 1001.9     90.93     8.00     6.88
YAKUTSK    010415 300  180500-181000   00      88.75 1002.0     89.80     6.60     5.47
YAKUTSK    010415 300  181000-181500   00      86.45 1002.0     87.49     3.90     2.76
YAKUTSK    010415 300  181500-182000   00      89.28 1002.0     90.35     7.30     6.14
YAKUTSK    010415 300  182000-182500   00      88.21 1002.0     89.28     6.00     4.83
YAKUTSK    010415 300  182500-183000   00      88.75 1002.0     89.83     6.70     5.52
YAKUTSK    010415 300  183000-183500   00      87.41 1002.0     88.49     5.10     3.91
YAKUTSK    010415 300  183500-184000   00      87.31 1002.0     88.39     5.00     3.79
YAKUTSK    010415 300  184000-184500   00      87.89 1002.0     88.99     5.70     4.48
YAKUTSK    010415 300  184500-185000   00      88.48 1002.0     89.59     6.40     5.17
YAKUTSK    010415 300  185000-185500   00      86.61 1002.1     87.71     4.10     2.85
YAKUTSK    010415 300  185500-190000   00      87.04 1002.1     88.15     4.70     3.44
YAKUTSK    010415 300  190000-190500   00      86.83 1002.1     87.95     4.40     3.13
YAKUTSK    010415 300  190500-191000   00      88.11 1002.1     89.26     6.00     4.72
YAKUTSK    010415 300  191000-191500   00      87.15 1002.1     88.30     4.80     3.50
YAKUTSK    010415 300  191500-192000   00      87.52 1002.2     88.69     5.30     3.99
YAKUTSK    010415 300  192000-192500   00      86.40 1002.2     87.56     4.00     2.68
YAKUTSK    010415 300  192500-193000   00      87.31 1002.2     88.49     5.10     3.77
YAKUTSK    010415 300  193000-193500   00      86.51 1002.2     87.70     4.10     2.76
YAKUTSK    010415 300  193500-194000   00      85.44 1002.2     86.63     2.90     1.54
YAKUTSK    010415 300  194000-194500   00      86.56 1002.3     87.78     4.20     2.83
YAKUTSK    010415 300  194500-195000   00      86.56 1002.3     87.79     4.20     2.82
YAKUTSK    010415 300  195000-195500   00      86.83 1002.3     88.08     4.60     3.21
YAKUTSK    010415 300  195500-200000   00      86.83 1002.3     88.09     4.60     3.20
YAKUTSK    010415 300  200000-200500   00      86.72 1002.4     88.01     4.50     3.09
YAKUTSK    010415 300  200500-201000   00      87.31 1002.4     88.62     5.20     3.78
YAKUTSK    010415 300  201000-201500   00      84.85 1002.4     86.14     2.30     0.86
YAKUTSK    010415 300  201500-202000   00      86.35 1002.4     87.68     4.10     2.65
YAKUTSK    010415 300  202000-202500   00      85.76 1002.5     87.10     3.40     1.94
YAKUTSK    010415 300  202500-203000   00      86.45 1002.5     87.82     4.30     2.83
YAKUTSK    010415 300  203000-203500   00      85.55 1002.5     86.91     3.20     1.72
YAKUTSK    010415 300  203500-204000   00      85.28 1002.5     86.66     2.90     1.41
YAKUTSK    010415 300  204000-204500   00      85.97 1002.6     87.38     3.70     2.20
YAKUTSK    010415 300  204500-205000   00      87.89 1002.6     89.34     6.10     4.59
YAKUTSK    010415 300  205000-205500   00      84.27 1002.6     85.67     1.70     0.18
YAKUTSK    010415 300  205500-210000   00      85.23 1002.6     86.66     2.90     1.37
YAKUTSK    010415 300  210000-210500   00      86.45 1002.7     87.94     4.40     2.86
YAKUTSK    010415 300  210500-211000   00      85.23 1002.7     86.71     3.00     1.45
YAKUTSK    010415 300  211000-211500   00      85.28 1002.7     86.78     3.00     1.44
YAKUTSK    010415 300  211500-212000   00      85.97 1002.8     87.50     3.90     2.33
YAKUTSK    010415 300  212000-212500   00      84.69 1002.8     86.20     2.40     0.82
YAKUTSK    010415 300  212500-213000   00      84.80 1002.8     86.32     2.50     0.91
YAKUTSK    010415 300  213000-213500   00      84.53 1002.8     86.06     2.20     0.60
YAKUTSK    010415 300  213500-214000   00      86.40 1002.8     87.97     4.50     2.89
YAKUTSK    010415 300  214000-214500   00      85.33 1002.8     86.90     3.20     1.58
YAKUTSK    010415 300  214500-215000   00      87.47 1002.8     89.08     5.80     4.17
YAKUTSK    010415 300  215000-215500   00      85.39 1002.9     86.96     3.30     1.66
YAKUTSK    010415 300  215500-220000   00      85.92 1002.9     87.51     3.90     2.25
YAKUTSK    010415 300  220000-220500   00      84.80 1002.9     86.39     2.60     0.94
YAKUTSK    010415 300  220500-221000   00      85.49 1002.9     87.10     3.40     1.73
YAKUTSK    010415 300  221000-221500   00      85.17 1002.9     86.77     3.00     1.32
YAKUTSK    010415 300  221500-222000   00      85.33 1002.9     86.94     3.20     1.51
YAKUTSK    010415 300  222000-222500   00      84.64 1002.9     86.23     2.40     0.70
YAKUTSK    010415 300  222500-223000   00      84.53 1002.9     86.12     2.30     0.59
YAKUTSK    010415 300  223000-223500   00      84.96 1002.9     86.55     2.80     1.08
YAKUTSK    010415 300  223500-224000   00      85.44 1002.9     87.04     3.30     1.57
YAKUTSK    010415 300  224000-224500   00      84.80 1002.9     86.38     2.60     0.87
YAKUTSK    010415 300  224500-225000   00      86.08 1002.9     87.68     4.10     2.36
YAKUTSK    010415 300  225000-225500   00      84.43 1002.9     85.99     2.10     0.35
YAKUTSK    010415 300  225500-230000   00      85.76 1002.8     87.34     3.70     1.94
YAKUTSK    010415 300  230000-230500   00      86.03 1002.8     87.57     4.00     2.23
YAKUTSK    010415 300  230500-231000   00      85.97 1002.8     87.50     3.90     2.12
YAKUTSK    010415 300  231000-231500   00      84.75 1002.7     86.24     2.40     0.62
YAKUTSK    010415 300  231500-232000   00      85.44 1002.7     86.94     3.20     1.41
YAKUTSK    010415 300  232000-232500   00      85.23 1002.7     86.71     3.00     1.20
YAKUTSK    010415 300  232500-233000   00      85.01 1002.7     86.49     2.70     0.89
YAKUTSK    010415 300  233000-233500   00      83.84 1002.7     85.29     1.30    -0.52
YAKUTSK    010415 300  233500-234000   00      84.85 1002.7     86.31     2.50     0.68
YAKUTSK    010415 300  234000-234500   00      85.44 1002.7     86.90     3.20     1.37
YAKUTSK    010415 300  234500-235000   00      86.03 1002.7     87.49     3.90     2.06
YAKUTSK    010415 300  235000-235500   00      84.59 1002.7     86.02     2.10     0.25
YAKUTSK    010415 300  235500-240000   00      85.12 1002.6     86.56     2.80     0.95
YAKUTSK    010416 3600 000000-010000   00      85.24 1002.6     86.66     2.90     1.00
YAKUTSK    010416 3600 010000-020000   00      85.68 1002.3     86.91     3.20     1.22
YAKUTSK    010416 3600 020000-030000   00      85.51 1002.1     86.62     2.90     0.86
YAKUTSK    010416 3600 030000-040000   00      85.39 1001.8     86.31     2.50     0.41
YAKUTSK    010416 3600 040000-050000   00      85.80 1001.7     86.67     2.90     0.77
YAKUTSK    010416 3600 050000-060000   00      85.22 1001.7     86.08     2.20     0.05
YAKUTSK    010416 3600 060000-070000   00      85.41 1001.6     86.21     2.40     0.24
YAKUTSK    010416 3600 070000-080000   00      84.79 1001.6     85.58     1.60    -9999
YAKUTSK    010416 3600 080000-090000   00      85.24 1001.8     86.16     2.30    -9999
YAKUTSK    010416 3600 090000-100000   00      85.33 1002.0     86.38     2.60    -9999
YAKUTSK    010416 3600 100000-110000   00      84.55 1002.2     85.71     1.80    -9999
YAKUTSK    010416 3600 110000-120000   00      84.31 1002.2     85.46     1.50    -9999
YAKUTSK    010416 3600 120000-130000   00      84.61 1002.1     85.70     1.80    -9999
YAKUTSK    010416 3600 130000-140000   00      84.59 1001.9     85.56     1.60    -9999
YAKUTSK    010416 3600 140000-150000   00      84.86 1001.8     85.78     1.90    -9999
YAKUTSK    010416 3600 150000-160000   00      85.03 1001.7     85.88     2.00    -9999
YAKUTSK    010416 3600 160000-170000   00      85.23 1001.5     85.97     2.10    -9999
YAKUTSK    010416 3600 170000-180000   00      85.15 1001.4     85.82     1.90    -9999
YAKUTSK    010416 3600 180000-190000   00      85.33 1001.2     85.88     2.00    -9999
YAKUTSK    010416 3600 190000-200000   00      85.48 1001.0     85.90     2.00    -9999
YAKUTSK    010416 3600 200000-210000   00      85.39 1000.9     85.75     1.80    -9999
YAKUTSK    010416 3600 210000-220000   00      84.72 1001.0     85.15     1.10    -9999
YAKUTSK    010416 3600 220000-230000   00      85.93 1000.9     86.30     2.50    -9999
YAKUTSK    010416 3600 230000-240000   00      85.35 1000.9     85.71     1.80    -9999
*
*	
*COMMENT    DATA VERIFIED0BY E.A.EROSHENKO	
COMMENT UNIVERISTY OF OULU: FILE GENERATED FROM DATABASE AND OBTAINED FROM
COMMENT https://gle.oulu.fi at 2023-04-05 10:02:56 +00:00
COMMENT FOR HISTORICAL/ORIGINAL TEXT FILES SEE https://gle.oulu.fi/txtarchive/
COMMENT ORIGINAL AT https://gle.oulu.fi/txtarchive/GLE60/C060YKTK_cor.DAT
COMMENT DETRENDED DATA SHOW -9999 IF EQUAL TO INC% COLUMN 