PEAWANUCK  LATITUDE    55        LONGITUDE     -85       ALTITUDE    0 M
PEAWANUCK  INSTRUMENT   18NM64    NEUTRON MONITOR     
PEAWANUCK  STANDARD PRESSURE    1021.1  MB     COEFFICIENT   -0.74     % / MB
PEAWANUCK  PRE-INCREASE BASELINE TIME INTERVAL    010415    120000-130000   UT
PEAWANUCK  PRE-INCREASE AVERAGE COUNTING RATE    174.81      COUNTS PER SECOND
PEAWANUCK  TIME INTERVALS    300         3600     
PEAWANUCK  SCALE FACTORS     1           1        
STATION    YYMMDD  SEC   TIME (UT)   CODE    UNCORR. PRESS.    CORR.    % INC.	DETRENDED
                         INTERVAL    TD      C/S     (MB)      C/S
PEAWANUCK  010414 3600 000000-010000   00     182.64 1010.3    168.56    -3.60    -9999
PEAWANUCK  010414 3600 010000-020000   00     181.39 1010.9    168.24    -3.80    -9999
PEAWANUCK  010414 3600 020000-030000   00     181.36 1011.5    168.88    -3.40    -9999
PEAWANUCK  010414 3600 030000-040000   00     181.83 1011.7    169.66    -2.90    -9999
PEAWANUCK  010414 3600 040000-050000   00     181.92 1011.9    169.90    -2.80    -9999
PEAWANUCK  010414 3600 050000-060000   00     180.67 1012.0    168.90    -3.40    -9999
PEAWANUCK  010414 3600 060000-070000   00     181.31 1012.1    169.67    -2.90    -9999
PEAWANUCK  010414 3600 070000-080000   00     181.61 1012.3    170.12    -2.70    -9999
PEAWANUCK  010414 3600 080000-090000   00     182.28 1012.4    170.92    -2.20    -9999
PEAWANUCK  010414 3600 090000-100000   00     182.58 1012.5    171.37    -2.00    -9999
PEAWANUCK  010414 3600 100000-110000   00     183.08 1012.7    172.01    -1.60    -9999
PEAWANUCK  010414 3600 110000-120000   00     183.86 1013.1    173.26    -0.90    -9999
PEAWANUCK  010414 3600 120000-130000   00     184.08 1013.5    173.98    -0.50    -9999
PEAWANUCK  010414 3600 130000-140000   00     183.08 1013.7    173.38    -0.80    -9999
PEAWANUCK  010414 3600 140000-150000   00     180.64 1014.0    171.41    -1.90    -9999
PEAWANUCK  010414 3600 150000-160000   00     180.92 1014.4    172.18    -1.50    -9999
PEAWANUCK  010414 3600 160000-170000   00     181.19 1014.5    172.61    -1.30    -9999
PEAWANUCK  010414 3600 170000-180000   00     181.47 1014.7    173.05    -1.00    -9999
PEAWANUCK  010414 3600 180000-190000   00     181.17 1014.9    173.10    -1.00    -9999
PEAWANUCK  010414 3600 190000-200000   00     182.14 1015.2    174.38    -0.20    -9999
PEAWANUCK  010414 3600 200000-210000   00     181.75 1015.5    174.35    -0.30    -9999
PEAWANUCK  010414 3600 210000-220000   00     180.61 1015.9    173.77    -0.60    -9999
PEAWANUCK  010414 3600 220000-230000   00     180.17 1016.5    174.20    -0.30    -9999
PEAWANUCK  010414 3600 230000-240000   00     179.78 1017.2    174.69    -0.10    -9999
PEAWANUCK  010415 3600 000000-010000   00     178.69 1017.6    174.15    -0.40    -9999
PEAWANUCK  010415 3600 010000-020000   00     178.00 1018.1    174.17    -0.40    -9999
PEAWANUCK  010415 3600 020000-030000   00     177.17 1018.7    174.04    -0.40    -9999
PEAWANUCK  010415 3600 030000-040000   00     176.53 1018.9    173.75    -0.60    -9999
PEAWANUCK  010415 3600 040000-050000   00     177.17 1019.1    174.56    -0.10    -9999
PEAWANUCK  010415 3600 050000-060000   00     176.39 1019.2    173.96    -0.50    -9999
PEAWANUCK  010415 3600 060000-070000   00     175.97 1019.3    173.72    -0.60    -9999
PEAWANUCK  010415 3600 070000-080000   00     176.14 1019.5    174.06    -0.40    -9999
PEAWANUCK  010415 3600 080000-090000   00     176.72 1019.6    174.81     0.00    -9999
PEAWANUCK  010415 300  090000-090500   00     177.17 1019.7    175.34     0.30    -9999
PEAWANUCK  010415 300  090500-091000   00     175.71 1019.7    173.91    -0.50    -9999
PEAWANUCK  010415 300  091000-091500   00     178.13 1019.7    176.31     0.90    -9999
PEAWANUCK  010415 300  091500-092000   00     176.70 1019.7    174.92     0.10    -9999
PEAWANUCK  010415 300  092000-092500   00     177.12 1019.7    175.35     0.30    -9999
PEAWANUCK  010415 300  092500-093000   00     179.08 1019.7    177.30     1.40    -9999
PEAWANUCK  010415 300  093000-093500   00     175.08 1019.7    173.35    -0.80    -9999
PEAWANUCK  010415 300  093500-094000   00     176.10 1019.7    174.39    -0.20    -9999
PEAWANUCK  010415 300  094000-094500   00     175.49 1019.8    173.79    -0.60    -9999
PEAWANUCK  010415 300  094500-095000   00     176.53 1019.8    174.83     0.00    -9999
PEAWANUCK  010415 300  095000-095500   00     176.52 1019.8    174.84     0.00    -9999
PEAWANUCK  010415 300  095500-100000   00     175.64 1019.8    173.98    -0.50    -9999
PEAWANUCK  010415 300  100000-100500   00     178.81 1019.8    177.07     1.30    -9999
PEAWANUCK  010415 300  100500-101000   00     179.53 1019.8    177.80     1.70    -9999
PEAWANUCK  010415 300  101000-101500   00     178.71 1019.8    177.01     1.30    -9999
PEAWANUCK  010415 300  101500-102000   00     176.35 1019.8    174.70     0.00    -9999
PEAWANUCK  010415 300  102000-102500   00     176.54 1019.8    174.92     0.00    -9999
PEAWANUCK  010415 300  102500-103000   00     175.86 1019.8    174.26    -0.30    -9999
PEAWANUCK  010415 300  103000-103500   00     178.96 1019.9    177.38     1.50    -9999
PEAWANUCK  010415 300  103500-104000   00     177.28 1019.9    175.75     0.50    -9999
PEAWANUCK  010415 300  104000-104500   00     177.10 1019.9    175.61     0.50    -9999
PEAWANUCK  010415 300  104500-105000   00     177.20 1020.0    175.76     0.60    -9999
PEAWANUCK  010415 300  105000-105500   00     176.67 1020.0    175.28     0.30    -9999
PEAWANUCK  010415 300  105500-110000   00     174.20 1020.0    172.88    -1.10    -9999
PEAWANUCK  010415 300  110000-110500   00     177.48 1020.1    176.24     0.80    -9999
PEAWANUCK  010415 300  110500-111000   00     178.17 1020.2    176.98     1.30    -9999
PEAWANUCK  010415 300  111000-111500   00     177.52 1020.2    176.40     0.90    -9999
PEAWANUCK  010415 300  111500-112000   00     175.64 1020.3    174.59    -0.10    -9999
PEAWANUCK  010415 300  112000-112500   00     174.11 1020.3    173.13    -1.00    -9999
PEAWANUCK  010415 300  112500-113000   00     175.80 1020.4    174.88     0.00    -9999
PEAWANUCK  010415 300  113000-113500   00     174.20 1020.4    173.34    -0.80    -9999
PEAWANUCK  010415 300  113500-114000   00     175.27 1020.5    174.47    -0.20    -9999
PEAWANUCK  010415 300  114000-114500   00     175.75 1020.5    175.02     0.10    -9999
PEAWANUCK  010415 300  114500-115000   00     175.29 1020.6    174.63    -0.10    -9999
PEAWANUCK  010415 300  115000-115500   00     175.41 1020.6    174.82     0.00    -9999
PEAWANUCK  010415 300  115500-120000   00     175.73 1020.7    175.21     0.20    -9999
PEAWANUCK  010415 300  120000-120500   00     176.14 1020.7    175.72     0.50    -9999
PEAWANUCK  010415 300  120500-121000   00     174.99 1020.8    174.64    -0.10    -9999
PEAWANUCK  010415 300  121000-121500   00     176.68 1020.8    176.40     0.90    -9999
PEAWANUCK  010415 300  121500-122000   00     173.69 1020.9    173.48    -0.80    -9999
PEAWANUCK  010415 300  122000-122500   00     176.36 1021.0    176.23     0.80    -9999
PEAWANUCK  010415 300  122500-123000   00     174.28 1021.0    174.21    -0.30    -9999
PEAWANUCK  010415 300  123000-123500   00     173.13 1021.1    173.14    -1.00    -9999
PEAWANUCK  010415 300  123500-124000   00     174.73 1021.1    174.81     0.00    -9999
PEAWANUCK  010415 300  124000-124500   00     174.26 1021.2    174.41    -0.20    -9999
PEAWANUCK  010415 300  124500-125000   00     173.44 1021.2    173.66    -0.70    -9999
PEAWANUCK  010415 300  125000-125500   00     173.79 1021.3    174.08    -0.40    -9999
PEAWANUCK  010415 300  125500-130000   00     176.20 1021.3    176.57     1.00    -9999
PEAWANUCK  010415 300  130000-130500   00     173.50 1021.5    174.05    -0.40    -0.57
PEAWANUCK  010415 300  130500-131000   00     176.89 1021.5    177.51     1.50     1.32
PEAWANUCK  010415 300  131000-131500   00     177.48 1021.6    178.17     1.90     1.71
PEAWANUCK  010415 300  131500-132000   00     174.91 1021.6    175.64     0.50     0.30
PEAWANUCK  010415 300  132000-132500   00     174.12 1021.7    174.90     0.00    -0.22
PEAWANUCK  010415 300  132500-133000   00     171.32 1021.7    172.14    -1.50    -1.73
PEAWANUCK  010415 300  133000-133500   00     175.32 1021.7    176.19     0.80     0.56
PEAWANUCK  010415 300  133500-134000   00     174.40 1021.8    175.30     0.30     0.05
PEAWANUCK  010415 300  134000-134500   00     171.74 1021.8    172.65    -1.20    -1.46
PEAWANUCK  010415 300  134500-135000   00     175.50 1021.8    176.46     0.90     0.63
PEAWANUCK  010415 300  135000-135500   00     175.27 1021.8    176.24     0.80     0.52
PEAWANUCK  010415 300  135500-140000   00     182.42 1021.8    183.43     4.90     4.61
PEAWANUCK  010415 300  140000-140500   00     267.59 1021.7    268.92    53.90    53.60
PEAWANUCK  010415 300  140500-141000   00     361.90 1021.7    363.69   108.10   107.79
PEAWANUCK  010415 300  141000-141500   00     370.87 1021.7    372.72   113.20   112.88
PEAWANUCK  010415 300  141500-142000   00     358.10 1021.7    359.88   105.90   105.56
PEAWANUCK  010415 300  142000-142500   00     361.89 1021.7    363.69   108.00   107.65
PEAWANUCK  010415 300  142500-143000   00     362.77 1021.7    364.56   108.50   108.14
PEAWANUCK  010415 300  143000-143500   00     364.17 1021.7    365.98   109.40   109.03
PEAWANUCK  010415 300  143500-144000   00     360.87 1021.7    362.66   107.50   107.12
PEAWANUCK  010415 300  144000-144500   00     349.67 1021.7    351.40   101.00   100.61
PEAWANUCK  010415 300  144500-145000   00     343.13 1021.7    344.84    97.30    96.90
PEAWANUCK  010415 300  145000-145500   00     334.43 1021.7    336.09    92.30    91.89
PEAWANUCK  010415 300  145500-150000   00     315.59 1021.7    317.15    81.40    80.98
PEAWANUCK  010415 300  150000-150500   00     312.40 1021.8    314.03    79.60    79.17
PEAWANUCK  010415 300  150500-151000   00     306.75 1021.8    308.34    76.40    75.96
PEAWANUCK  010415 300  151000-151500   00     302.57 1021.8    304.13    74.00    73.55
PEAWANUCK  010415 300  151500-152000   00     295.58 1021.8    297.10    70.00    69.53
PEAWANUCK  010415 300  152000-152500   00     292.72 1021.8    294.21    68.30    67.82
PEAWANUCK  010415 300  152500-153000   00     284.03 1021.7    285.46    63.30    62.81
PEAWANUCK  010415 300  153000-153500   00     276.36 1021.7    277.73    58.90    58.40
PEAWANUCK  010415 300  153500-154000   00     274.26 1021.7    275.59    57.60    57.09
PEAWANUCK  010415 300  154000-154500   00     265.71 1021.7    266.97    52.70    52.18
PEAWANUCK  010415 300  154500-155000   00     263.32 1021.7    264.54    51.30    50.77
PEAWANUCK  010415 300  155000-155500   00     253.41 1021.7    254.55    45.60    45.06
PEAWANUCK  010415 300  155500-160000   00     248.96 1021.7    250.05    43.00    42.45
PEAWANUCK  010415 300  160000-160500   00     246.05 1021.6    246.96    41.30    40.74
PEAWANUCK  010415 300  160500-161000   00     238.50 1021.5    239.35    36.90    36.33
PEAWANUCK  010415 300  161000-161500   00     236.01 1021.5    236.82    35.50    34.92
PEAWANUCK  010415 300  161500-162000   00     232.92 1021.5    233.68    33.70    33.11
PEAWANUCK  010415 300  162000-162500   00     229.84 1021.5    230.56    31.90    31.29
PEAWANUCK  010415 300  162500-163000   00     228.27 1021.5    228.96    31.00    30.38
PEAWANUCK  010415 300  163000-163500   00     223.37 1021.5    224.03    28.20    27.57
PEAWANUCK  010415 300  163500-164000   00     222.69 1021.5    223.33    27.80    27.16
PEAWANUCK  010415 300  164000-164500   00     221.29 1021.4    221.92    26.90    26.25
PEAWANUCK  010415 300  164500-165000   00     214.31 1021.4    214.90    22.90    22.24
PEAWANUCK  010415 300  165000-165500   00     212.96 1021.4    213.55    22.20    21.53
PEAWANUCK  010415 300  165500-170000   00     210.84 1021.4    211.42    20.90    20.22
PEAWANUCK  010415 300  170000-170500   00     208.58 1021.5    209.20    19.70    19.01
PEAWANUCK  010415 300  170500-171000   00     206.94 1021.5    207.56    18.70    18.00
PEAWANUCK  010415 300  171000-171500   00     207.57 1021.5    208.19    19.10    18.39
PEAWANUCK  010415 300  171500-172000   00     206.64 1021.5    207.25    18.60    17.88
PEAWANUCK  010415 300  172000-172500   00     201.01 1021.5    201.61    15.30    14.57
PEAWANUCK  010415 300  172500-173000   00     204.49 1021.5    205.10    17.30    16.56
PEAWANUCK  010415 300  173000-173500   00     201.75 1021.5    202.35    15.70    14.95
PEAWANUCK  010415 300  173500-174000   00     199.15 1021.5    199.74    14.30    13.53
PEAWANUCK  010415 300  174000-174500   00     197.62 1021.5    198.21    13.40    12.62
PEAWANUCK  010415 300  174500-175000   00     197.19 1021.5    197.78    13.10    12.31
PEAWANUCK  010415 300  175000-175500   00     195.65 1021.5    196.23    12.30    11.50
PEAWANUCK  010415 300  175500-180000   00     197.21 1021.5    197.80    13.20    12.39
PEAWANUCK  010415 300  180000-180500   00     194.92 1021.5    195.52    11.90    11.08
PEAWANUCK  010415 300  180500-181000   00     194.80 1021.5    195.40    11.80    10.97
PEAWANUCK  010415 300  181000-181500   00     195.00 1021.5    195.60    11.90    11.06
PEAWANUCK  010415 300  181500-182000   00     194.89 1021.5    195.48    11.80    10.95
PEAWANUCK  010415 300  182000-182500   00     191.19 1021.5    191.77     9.70     8.84
PEAWANUCK  010415 300  182500-183000   00     195.16 1021.5    195.75    12.00    11.13
PEAWANUCK  010415 300  183000-183500   00     194.60 1021.5    195.18    11.60    10.72
PEAWANUCK  010415 300  183500-184000   00     194.64 1021.5    195.21    11.70    10.81
PEAWANUCK  010415 300  184000-184500   00     189.22 1021.5    189.76     8.50     7.60
PEAWANUCK  010415 300  184500-185000   00     192.57 1021.4    193.12    10.50     9.59
PEAWANUCK  010415 300  185000-185500   00     188.70 1021.4    189.22     8.20     7.28
PEAWANUCK  010415 300  185500-190000   00     191.84 1021.4    192.35    10.00     9.07
PEAWANUCK  010415 300  190000-190500   00     189.73 1021.4    190.25     8.80     7.85
PEAWANUCK  010415 300  190500-191000   00     188.71 1021.4    189.21     8.20     7.24
PEAWANUCK  010415 300  191000-191500   00     190.72 1021.4    191.20     9.40     8.43
PEAWANUCK  010415 300  191500-192000   00     189.96 1021.4    190.42     8.90     7.92
PEAWANUCK  010415 300  192000-192500   00     192.67 1021.4    193.11    10.50     9.51
PEAWANUCK  010415 300  192500-193000   00     187.17 1021.4    187.57     7.30     6.30
PEAWANUCK  010415 300  193000-193500   00     187.24 1021.3    187.61     7.30     6.29
PEAWANUCK  010415 300  193500-194000   00     188.26 1021.3    188.60     7.90     6.88
PEAWANUCK  010415 300  194000-194500   00     189.21 1021.3    189.51     8.40     7.37
PEAWANUCK  010415 300  194500-195000   00     189.46 1021.3    189.73     8.50     7.46
PEAWANUCK  010415 300  195000-195500   00     189.12 1021.2    189.35     8.30     7.25
PEAWANUCK  010415 300  195500-200000   00     188.11 1021.2    188.29     7.70     6.64
PEAWANUCK  010415 300  200000-200500   00     187.91 1021.1    187.93     7.50     6.43
PEAWANUCK  010415 300  200500-201000   00     188.37 1021.0    188.35     7.70     6.62
PEAWANUCK  010415 300  201000-201500   00     186.91 1021.0    186.85     6.90     5.81
PEAWANUCK  010415 300  201500-202000   00     189.17 1021.0    189.06     8.10     7.00
PEAWANUCK  010415 300  202000-202500   00     188.18 1021.0    188.04     7.60     6.49
PEAWANUCK  010415 300  202500-203000   00     188.34 1020.9    188.17     7.70     6.58
PEAWANUCK  010415 300  203000-203500   00     188.04 1020.9    187.85     7.40     6.27
PEAWANUCK  010415 300  203500-204000   00     185.04 1020.9    184.83     5.70     4.56
PEAWANUCK  010415 300  204000-204500   00     187.46 1020.9    187.23     7.10     5.94
PEAWANUCK  010415 300  204500-205000   00     186.45 1020.9    186.21     6.50     5.33
PEAWANUCK  010415 300  205000-205500   00     186.77 1020.9    186.52     6.70     5.52
PEAWANUCK  010415 300  205500-210000   00     187.06 1020.9    186.81     6.90     5.71
PEAWANUCK  010415 300  210000-210500   00     185.57 1020.9    185.34     6.00     4.80
PEAWANUCK  010415 300  210500-211000   00     186.59 1020.9    186.36     6.60     5.39
PEAWANUCK  010415 300  211000-211500   00     185.70 1020.9    185.47     6.10     4.88
PEAWANUCK  010415 300  211500-212000   00     186.32 1020.9    186.10     6.50     5.27
PEAWANUCK  010415 300  212000-212500   00     186.69 1020.9    186.48     6.70     5.46
PEAWANUCK  010415 300  212500-213000   00     186.40 1020.9    186.20     6.50     5.25
PEAWANUCK  010415 300  213000-213500   00     187.63 1020.9    187.44     7.20     5.94
PEAWANUCK  010415 300  213500-214000   00     183.30 1020.9    183.14     4.80     3.53
PEAWANUCK  010415 300  214000-214500   00     183.62 1021.0    183.48     5.00     3.72
PEAWANUCK  010415 300  214500-215000   00     184.93 1021.0    184.81     5.70     4.41
PEAWANUCK  010415 300  215000-215500   00     185.81 1021.0    185.71     6.20     4.90
PEAWANUCK  010415 300  215500-220000   00     181.99 1021.0    181.92     4.10     2.79
PEAWANUCK  010415 300  220000-220500   00     184.55 1021.1    184.58     5.60     4.28
PEAWANUCK  010415 300  220500-221000   00     184.90 1021.1    184.95     5.80     4.47
PEAWANUCK  010415 300  221000-221500   00     181.85 1021.1    181.93     4.10     2.76
PEAWANUCK  010415 300  221500-222000   00     184.37 1021.1    184.49     5.50     4.15
PEAWANUCK  010415 300  222000-222500   00     184.13 1021.2    184.26     5.40     4.04
PEAWANUCK  010415 300  222500-223000   00     187.60 1021.2    187.77     7.40     6.03
PEAWANUCK  010415 300  223000-223500   00     184.77 1021.2    184.96     5.80     4.42
PEAWANUCK  010415 300  223500-224000   00     184.46 1021.2    184.67     5.60     4.21
PEAWANUCK  010415 300  224000-224500   00     183.63 1021.2    183.86     5.20     3.80
PEAWANUCK  010415 300  224500-225000   00     184.12 1021.2    184.36     5.50     4.09
PEAWANUCK  010415 300  225000-225500   00     181.65 1021.3    181.91     4.10     2.68
PEAWANUCK  010415 300  225500-230000   00     181.51 1021.3    181.79     4.00     2.57
PEAWANUCK  010415 300  230000-230500   00     182.41 1021.3    182.66     4.50     3.05
PEAWANUCK  010415 300  230500-231000   00     184.58 1021.3    184.84     5.70     4.24
PEAWANUCK  010415 300  231000-231500   00     180.74 1021.3    181.02     3.60     2.13
PEAWANUCK  010415 300  231500-232000   00     181.77 1021.3    182.07     4.10     2.62
PEAWANUCK  010415 300  232000-232500   00     180.79 1021.3    181.10     3.60     2.11
PEAWANUCK  010415 300  232500-233000   00     182.46 1021.3    182.81     4.60     3.10
PEAWANUCK  010415 300  233000-233500   00     181.97 1021.3    182.33     4.30     2.79
PEAWANUCK  010415 300  233500-234000   00     179.94 1021.4    180.32     3.20     1.68
PEAWANUCK  010415 300  234000-234500   00     182.30 1021.4    182.71     4.50     2.97
PEAWANUCK  010415 300  234500-235000   00     183.55 1021.4    183.99     5.20     3.66
PEAWANUCK  010415 300  235000-235500   00     182.11 1021.4    182.57     4.40     2.85
PEAWANUCK  010415 300  235500-240000   00     181.20 1021.4    181.69     3.90     2.34
PEAWANUCK  010416 3600 000000-010000   00     180.67 1021.6    181.38     3.80     2.17
PEAWANUCK  010416 3600 010000-020000   00     179.50 1021.9    180.57     3.30     1.55
PEAWANUCK  010416 3600 020000-030000   00     179.61 1021.9    180.68     3.40     1.53
PEAWANUCK  010416 3600 030000-040000   00     179.42 1021.7    180.31     3.10     1.11
PEAWANUCK  010416 3600 040000-050000   00     178.83 1021.6    179.54     2.70     0.59
PEAWANUCK  010416 3600 050000-060000   00     178.00 1021.5    178.53     2.10    -0.13
PEAWANUCK  010416 3600 060000-070000   00     178.42 1021.5    178.95     2.40    -9999
PEAWANUCK  010416 3600 070000-080000   00     178.89 1021.3    179.24     2.50    -9999
PEAWANUCK  010416 3600 080000-090000   00     178.89 1021.3    179.24     2.50    -9999
PEAWANUCK  010416 3600 090000-100000   00     179.17 1021.3    179.52     2.70    -9999
PEAWANUCK  010416 3600 100000-110000   00     178.47 1021.5    179.00     2.40    -9999
PEAWANUCK  010416 3600 110000-120000   00     179.17 1021.6    179.88     2.90    -9999
PEAWANUCK  010416 3600 120000-130000   00     179.42 1021.6    180.13     3.00    -9999
PEAWANUCK  010416 3600 130000-140000   00     178.89 1021.6    179.60     2.70    -9999
PEAWANUCK  010416 3600 140000-150000   00     179.31 1021.5    179.84     2.90    -9999
PEAWANUCK  010416 3600 150000-160000   00     178.53 1021.3    178.88     2.30    -9999
PEAWANUCK  010416 3600 160000-170000   00     179.78 1021.2    179.96     2.90    -9999
PEAWANUCK  010416 3600 170000-180000   00     180.17 1021.1    180.17     3.10    -9999
PEAWANUCK  010416 3600 180000-190000   00     180.94 1020.9    180.77     3.40    -9999
PEAWANUCK  010416 3600 190000-200000   00     182.19 1020.4    181.29     3.70    -9999
PEAWANUCK  010416 3600 200000-210000   00     182.67 1020.1    181.41     3.80    -9999
PEAWANUCK  010416 3600 210000-220000   00     184.36 1019.7    182.54     4.40    -9999
PEAWANUCK  010416 3600 220000-230000   00     184.56 1019.6    182.56     4.40    -9999
PEAWANUCK  010416 3600 230000-240000   00     183.61 1020.1    182.34     4.30    -9999
*
*	
COMMENT UNIVERISTY OF OULU: FILE GENERATED FROM DATABASE AND OBTAINED FROM
COMMENT https://gle.oulu.fi at 2023-04-05 10:02:56 +00:00
COMMENT FOR HISTORICAL/ORIGINAL TEXT FILES SEE https://gle.oulu.fi/txtarchive/
COMMENT ORIGINAL AT https://gle.oulu.fi/txtarchive/GLE60/C060PWNK_cor.DAT
COMMENT DETRENDED DATA SHOW -9999 IF EQUAL TO INC% COLUMN 