THULE      LATITUDE    76.6      LONGITUDE     -68.8     ALTITUDE    260 M
THULE      INSTRUMENT   9NM64    NEUTRON MONITOR     	
THULE      STANDARD PRESSURE    1013.6  mb     COEFFICIENT   -0.74     % / mb
THULE      PRE-INCREASE BASELINE TIME INTERVAL    010415    120000-130000   UT
THULE      PRE-INCREASE AVERAGE COUNTING RATE     98.85      COUNTS PER SECOND
THULE      TIME INTERVALS    300         3600     
THULE      SCALE FACTORS     1           1        
STATION    YYMMDD  SEC   TIME (UT)   CODE    UNCORR. PRESS.    CORR.    % INC.	DETRENDED
                         INTERVAL    TD      C/S     (mb)      C/S
THULE      010414 3600 000000-010000   00      96.50 1011.3     94.89    -4.00    -9999
THULE      010414 3600 010000-020000   00      97.06 1011.6     95.62    -3.30    -9999
THULE      010414 3600 020000-030000   00      97.50 1011.3     95.87    -3.00    -9999
THULE      010414 3600 030000-040000   00      97.67 1011.3     96.04    -2.80    -9999
THULE      010414 3600 040000-050000   00      98.14 1011.3     96.50    -2.40    -9999
THULE      010414 3600 050000-060000   00      97.56 1011.3     95.93    -3.00    -9999
THULE      010414 3600 060000-070000   00      97.64 1011.3     96.01    -2.90    -9999
THULE      010414 3600 070000-080000   00      98.31 1011.3     96.66    -2.20    -9999
THULE      010414 3600 080000-090000   00      98.81 1011.3     97.16    -1.70    -9999
THULE      010414 3600 090000-100000   00      98.64 1011.3     96.99    -1.90    -9999
THULE      010414 3600 100000-110000   00      98.75 1011.2     97.01    -1.90    -9999
THULE      010414 3600 110000-120000   00      99.86 1011.2     98.10    -0.80    -9999
THULE      010414 3600 120000-130000   00      99.97 1010.9     98.01    -0.80    -9999
THULE      010414 3600 130000-140000   00     100.72 1010.7     98.55    -0.30    -9999
THULE      010414 3600 140000-150000   00     100.00 1010.5     97.75    -1.10    -9999
THULE      010414 3600 150000-160000   00     100.64 1010.3     98.18    -0.70    -9999
THULE      010414 3600 160000-170000   00     100.67 1010.0     98.01    -0.80    -9999
THULE      010414 3600 170000-180000   00     100.97 1009.9     98.21    -0.60    -9999
THULE      010414 3600 180000-190000   00     100.97 1009.6     98.02    -0.80    -9999
THULE      010414 3600 190000-200000   00     100.61 1009.6     97.67    -1.20    -9999
THULE      010414 3600 200000-210000   00     101.78 1009.6     98.80    -0.10    -9999
THULE      010414 3600 210000-220000   00     101.00 1009.3     97.85    -1.00    -9999
THULE      010414 3600 220000-230000   00     100.64 1009.3     97.50    -1.40    -9999
THULE      010414 3600 230000-240000   00     101.28 1009.3     98.12    -0.70    -9999
THULE      010415 3600 000000-010000   00     101.61 1008.9     98.15    -0.70    -9999
THULE      010415 3600 010000-020000   00     102.00 1008.9     98.53    -0.30    -9999
THULE      010415 3600 020000-030000   00     102.22 1008.9     98.74    -0.10    -9999
THULE      010415 3600 030000-040000   00     102.03 1009.3     98.85     0.00    -9999
THULE      010415 3600 040000-050000   00     101.81 1009.6     98.83     0.00    -9999
THULE      010415 3600 050000-060000   00     100.97 1009.9     98.21    -0.60    -9999
THULE      010415 3600 060000-070000   00     100.97 1010.3     98.50    -0.40    -9999
THULE      010415 3600 070000-080000   00     100.67 1010.5     98.40    -0.50    -9999
THULE      010415 3600 080000-090000   00     100.64 1011.2     98.86     0.00    -9999
THULE      010415 300  090000-090500   00     100.56 1011.5     99.03     0.20    -9999
THULE      010415 300  090500-091000   00     100.39 1011.6     98.90     0.00    -9999
THULE      010415 300  091000-091500   00      99.10 1011.6     97.68    -1.20    -9999
THULE      010415 300  091500-092000   00     100.82 1011.7     99.41     0.60    -9999
THULE      010415 300  092000-092500   00      99.53 1011.8     98.18    -0.70    -9999
THULE      010415 300  092500-093000   00     100.82 1011.8     99.49     0.70    -9999
THULE      010415 300  093000-093500   00      98.67 1011.9     97.41    -1.50    -9999
THULE      010415 300  093500-094000   00      99.96 1011.9     98.72    -0.10    -9999
THULE      010415 300  094000-094500   00     100.39 1012.0     99.19     0.30    -9999
THULE      010415 300  094500-095000   00      99.96 1012.0     98.81     0.00    -9999
THULE      010415 300  095000-095500   00      99.96 1012.1     98.85     0.00    -9999
THULE      010415 300  095500-100000   00      99.53 1012.1     98.46    -0.40    -9999
THULE      010415 300  100000-100500   00      99.96 1012.2     98.93     0.10    -9999
THULE      010415 300  100500-101000   00      99.53 1012.3     98.55    -0.30    -9999
THULE      010415 300  101000-101500   00      99.96 1012.3     99.01     0.20    -9999
THULE      010415 300  101500-102000   00      99.10 1012.4     98.20    -0.60    -9999
THULE      010415 300  102000-102500   00      98.67 1012.4     97.82    -1.10    -9999
THULE      010415 300  102500-103000   00      99.53 1012.5     98.71    -0.20    -9999
THULE      010415 300  103000-103500   00      99.10 1012.5     98.32    -0.50    -9999
THULE      010415 300  103500-104000   00     102.10 1012.6    101.35     2.50    -9999
THULE      010415 300  104000-104500   00      98.67 1012.7     97.98    -0.90    -9999
THULE      010415 300  104500-105000   00      98.24 1012.7     97.59    -1.30    -9999
THULE      010415 300  105000-105500   00     101.67 1012.8    101.04     2.20    -9999
THULE      010415 300  105500-110000   00      99.53 1012.8     98.95     0.10    -9999
THULE      010415 300  110000-110500   00      99.96 1012.9     99.45     0.60    -9999
THULE      010415 300  110500-111000   00      98.67 1013.0     98.20    -0.70    -9999
THULE      010415 300  111000-111500   00      99.10 1013.0     98.67    -0.20    -9999
THULE      010415 300  111500-112000   00      99.96 1013.1     99.56     0.70    -9999
THULE      010415 300  112000-112500   00      99.53 1013.1     99.17     0.30    -9999
THULE      010415 300  112500-113000   00      99.10 1013.2     98.78    -0.10    -9999
THULE      010415 300  113000-113500   00     100.39 1013.2    100.10     1.30    -9999
THULE      010415 300  113500-114000   00      98.24 1013.2     97.98    -0.90    -9999
THULE      010415 300  114000-114500   00      99.10 1013.3     98.87     0.00    -9999
THULE      010415 300  114500-115000   00      98.24 1013.3     98.05    -0.80    -9999
THULE      010415 300  115000-115500   00      98.24 1013.4     98.07    -0.80    -9999
THULE      010415 300  115500-120000   00      99.53 1013.4     99.38     0.50    -9999
THULE      010415 300  120000-120500   00      97.82 1013.4     97.67    -1.20    -9999
THULE      010415 300  120500-121000   00      98.67 1013.4     98.55    -0.30    -9999
THULE      010415 300  121000-121500   00      99.10 1013.5     99.01     0.20    -9999
THULE      010415 300  121500-122000   00     100.39 1013.5    100.31     1.50    -9999
THULE      010415 300  122000-122500   00      99.53 1013.5     99.48     0.60    -9999
THULE      010415 300  122500-123000   00      99.10 1013.6     99.08     0.20    -9999
THULE      010415 300  123000-123500   00     100.82 1013.6    100.82     2.00    -9999
THULE      010415 300  123500-124000   00      97.39 1013.6     97.41    -1.50    -9999
THULE      010415 300  124000-124500   00      97.81 1013.7     97.86    -1.00    -9999
THULE      010415 300  124500-125000   00      98.67 1013.7     98.75    -0.10    -9999
THULE      010415 300  125000-125500   00      98.67 1013.7     98.77    -0.10    -9999
THULE      010415 300  125500-130000   00      98.24 1013.8     98.37    -0.50    -9999
THULE      010415 300  130000-130500   00      97.81 1013.8     97.97    -0.90    -1.11
THULE      010415 300  130500-131000   00      99.53 1013.9     99.72     0.90     0.67
THULE      010415 300  131000-131500   00      98.24 1013.9     98.45    -0.40    -0.65
THULE      010415 300  131500-132000   00      99.10 1013.9     99.34     0.50     0.24
THULE      010415 300  132000-132500   00      99.96 1013.9    100.22     1.40     1.12
THULE      010415 300  132500-133000   00      99.96 1014.0    100.24     1.40     1.10
THULE      010415 300  133000-133500   00      96.96 1014.0     97.25    -1.60    -1.92
THULE      010415 300  133500-134000   00      98.67 1014.0     98.99     0.20    -0.14
THULE      010415 300  134000-134500   00      99.10 1014.1     99.44     0.60     0.25
THULE      010415 300  134500-135000   00      99.53 1014.1     99.89     1.10     0.73
THULE      010415 300  135000-135500   00      97.81 1014.1     98.18    -0.70    -1.09
THULE      010415 300  135500-140000   00     105.11 1014.1    105.52     6.70     6.29
THULE      010415 300  140000-140500   00     129.56 1014.1    130.06    31.60    31.18
THULE      010415 300  140500-141000   00     145.00 1014.1    145.59    47.30    46.86
THULE      010415 300  141000-141500   00     154.44 1014.2    155.09    56.90    56.44
THULE      010415 300  141500-142000   00     161.73 1014.2    162.45    64.30    63.82
THULE      010415 300  142000-142500   00     169.46 1014.2    170.23    72.20    71.71
THULE      010415 300  142500-143000   00     174.17 1014.2    175.01    77.00    76.49
THULE      010415 300  143000-143500   00     178.04 1014.3    178.92    81.00    80.47
THULE      010415 300  143500-144000   00     178.04 1014.3    178.96    81.10    80.55
THULE      010415 300  144000-144500   00     178.90 1014.3    179.86    82.00    81.43
THULE      010415 300  144500-145000   00     175.89 1014.4    176.88    78.90    78.32
THULE      010415 300  145000-145500   00     172.03 1014.4    173.04    75.10    74.50
THULE      010415 300  145500-150000   00     169.03 1014.4    170.06    72.00    71.38
THULE      010415 300  150000-150500   00     166.46 1014.5    167.56    69.50    68.86
THULE      010415 300  150500-151000   00     162.59 1014.5    163.71    65.60    64.95
THULE      010415 300  151000-151500   00     156.16 1014.6    157.27    59.10    58.43
THULE      010415 300  151500-152000   00     153.15 1014.6    154.27    56.10    55.41
THULE      010415 300  152000-152500   00     151.87 1014.6    153.02    54.80    54.09
THULE      010415 300  152500-153000   00     149.30 1014.6    150.46    52.20    51.48
THULE      010415 300  153000-153500   00     146.29 1014.7    147.46    49.20    48.46
THULE      010415 300  153500-154000   00     144.15 1014.7    145.33    47.00    46.24
THULE      010415 300  154000-154500   00     144.15 1014.7    145.35    47.00    46.23
THULE      010415 300  154500-155000   00     142.00 1014.7    143.22    44.90    44.11
THULE      010415 300  155000-155500   00     139.00 1014.8    140.21    41.90    41.09
THULE      010415 300  155500-160000   00     136.85 1014.8    138.08    39.70    38.87
THULE      010415 300  160000-160500   00     132.99 1014.8    134.17    35.70    34.86
THULE      010415 300  160500-161000   00     133.85 1014.8    135.06    36.60    35.74
THULE      010415 300  161000-161500   00     131.28 1014.8    132.48    34.00    33.12
THULE      010415 300  161500-162000   00     130.42 1014.9    131.64    33.20    32.30
THULE      010415 300  162000-162500   00     126.99 1014.9    128.20    29.70    28.79
THULE      010415 300  162500-163000   00     123.55 1014.9    124.76    26.20    25.27
THULE      010415 300  163000-163500   00     121.41 1014.9    122.62    24.00    23.05
THULE      010415 300  163500-164000   00     120.12 1015.0    121.35    22.80    21.84
THULE      010415 300  164000-164500   00     121.41 1015.0    122.67    24.10    23.12
THULE      010415 300  164500-165000   00     120.12 1015.0    121.40    22.80    21.80
THULE      010415 300  165000-165500   00     117.12 1015.1    118.39    19.80    18.79
THULE      010415 300  165500-170000   00     117.55 1015.1    118.85    20.30    19.27
THULE      010415 300  170000-170500   00     117.12 1015.2    118.48    19.80    18.75
THULE      010415 300  170500-171000   00     115.83 1015.2    117.20    18.60    17.53
THULE      010415 300  171000-171500   00     113.26 1015.2    114.63    16.00    14.92
THULE      010415 300  171500-172000   00     114.12 1015.2    115.52    16.80    15.70
THULE      010415 300  172000-172500   00     116.26 1015.3    117.72    19.10    17.98
THULE      010415 300  172500-173000   00     112.83 1015.3    114.27    15.60    14.47
THULE      010415 300  173000-173500   00     112.40 1015.3    113.86    15.20    14.05
THULE      010415 300  173500-174000   00     113.26 1015.4    114.75    16.10    14.93
THULE      010415 300  174000-174500   00     111.11 1015.4    112.60    13.90    12.72
THULE      010415 300  174500-175000   00     112.40 1015.4    113.92    15.30    14.10
THULE      010415 300  175000-175500   00     108.54 1015.4    110.03    11.30    10.08
THULE      010415 300  175500-180000   00     109.40 1015.5    110.92    12.20    10.97
THULE      010415 300  180000-180500   00     108.54 1015.5    110.08    11.30    10.05
THULE      010415 300  180500-181000   00     109.40 1015.5    110.97    12.30    11.03
THULE      010415 300  181000-181500   00     109.83 1015.5    111.42    12.70    11.42
THULE      010415 300  181500-182000   00     109.40 1015.6    111.00    12.30    11.00
THULE      010415 300  182000-182500   00     109.83 1015.6    111.45    12.70    11.38
THULE      010415 300  182500-183000   00     106.82 1015.6    108.41     9.70     8.37
THULE      010415 300  183000-183500   00     108.11 1015.6    109.73    11.00     9.65
THULE      010415 300  183500-184000   00     106.82 1015.6    108.43     9.70     8.33
THULE      010415 300  184000-184500   00     108.54 1015.6    110.18    11.40    10.02
THULE      010415 300  184500-185000   00     107.68 1015.6    109.31    10.50     9.10
THULE      010415 300  185000-185500   00     106.40 1015.6    108.01     9.20     7.78
THULE      010415 300  185500-190000   00     105.97 1015.6    107.58     8.80     7.37
THULE      010415 300  190000-190500   00     103.39 1015.6    104.97     6.10     4.65
THULE      010415 300  190500-191000   00     105.97 1015.6    107.58     8.80     7.33
THULE      010415 300  191000-191500   00     104.25 1015.6    105.83     7.00     5.52
THULE      010415 300  191500-192000   00     106.39 1015.6    108.01     9.20     7.70
THULE      010415 300  192000-192500   00     105.11 1015.6    106.69     7.90     6.39
THULE      010415 300  192500-193000   00     103.39 1015.6    104.94     6.10     4.57
THULE      010415 300  193000-193500   00     102.96 1015.6    104.50     5.70     4.15
THULE      010415 300  193500-194000   00     105.54 1015.6    107.11     8.30     6.74
THULE      010415 300  194000-194500   00     103.82 1015.6    105.35     6.60     5.02
THULE      010415 300  194500-195000   00     102.53 1015.6    104.04     5.30     3.70
THULE      010415 300  195000-195500   00     104.68 1015.5    106.19     7.50     5.89
THULE      010415 300  195500-200000   00     103.82 1015.5    105.31     6.50     4.87
THULE      010415 300  200000-200500   00     102.53 1015.4    103.94     5.20     3.56
THULE      010415 300  200500-201000   00     104.68 1015.4    106.10     7.40     5.74
THULE      010415 300  201000-201500   00     102.53 1015.4    103.91     5.10     3.42
THULE      010415 300  201500-202000   00     104.25 1015.4    105.63     6.80     5.11
THULE      010415 300  202000-202500   00     104.68 1015.4    106.05     7.30     5.59
THULE      010415 300  202500-203000   00     102.53 1015.3    103.87     5.10     3.38
THULE      010415 300  203000-203500   00     103.82 1015.3    105.17     6.40     4.66
THULE      010415 300  203500-204000   00     101.68 1015.3    102.99     4.20     2.44
THULE      010415 300  204000-204500   00     102.53 1015.3    103.85     5.10     3.33
THULE      010415 300  204500-205000   00     101.25 1015.3    102.54     3.70     1.91
THULE      010415 300  205000-205500   00     102.96 1015.3    104.27     5.50     3.70
THULE      010415 300  205500-210000   00     103.82 1015.3    105.14     6.40     4.58
THULE      010415 300  210000-210500   00     100.82 1015.3    102.14     3.30     1.46
THULE      010415 300  210500-211000   00     102.53 1015.3    103.88     5.10     3.25
THULE      010415 300  211000-211500   00     105.54 1015.3    106.91     8.10     6.23
THULE      010415 300  211500-212000   00     104.68 1015.3    106.04     7.30     5.42
THULE      010415 300  212000-212500   00     102.53 1015.3    103.87     5.10     3.20
THULE      010415 300  212500-213000   00     101.25 1015.3    102.56     3.70     1.78
THULE      010415 300  213000-213500   00     102.11 1015.3    103.43     4.60     2.67
THULE      010415 300  213500-214000   00     102.10 1015.3    103.42     4.60     2.65
THULE      010415 300  214000-214500   00     103.39 1015.3    104.72     5.90     3.94
THULE      010415 300  214500-215000   00     101.67 1015.3    102.97     4.20     2.22
THULE      010415 300  215000-215500   00     105.11 1015.3    106.45     7.70     5.71
THULE      010415 300  215500-220000   00     104.25 1015.3    105.56     6.80     4.79
THULE      010415 300  220000-220500   00      99.96 1015.3    101.22     2.40     0.37
THULE      010415 300  220500-221000   00     102.10 1015.3    103.38     4.60     2.56
THULE      010415 300  221000-221500   00     102.10 1015.3    103.37     4.60     2.54
THULE      010415 300  221500-222000   00     102.53 1015.2    103.79     5.00     2.93
THULE      010415 300  222000-222500   00     100.82 1015.2    102.05     3.20     1.11
THULE      010415 300  222500-223000   00     101.68 1015.2    102.90     4.10     2.00
THULE      010415 300  223000-223500   00     100.82 1015.2    102.02     3.20     1.08
THULE      010415 300  223500-224000   00     103.39 1015.2    104.61     5.80     3.67
THULE      010415 300  224000-224500   00     102.53 1015.2    103.73     5.00     2.85
THULE      010415 300  224500-225000   00     102.96 1015.1    104.15     5.40     3.24
THULE      010415 300  225000-225500   00     102.96 1015.1    104.13     5.30     3.12
THULE      010415 300  225500-230000   00     102.10 1015.1    103.25     4.40     2.20
THULE      010415 300  230000-230500   00     101.25 1015.0    102.29     3.50     1.29
THULE      010415 300  230500-231000   00     103.82 1015.0    104.88     6.10     3.87
THULE      010415 300  231000-231500   00     100.39 1014.9    101.40     2.60     0.36
THULE      010415 300  231500-232000   00     101.67 1014.9    102.69     3.90     1.64
THULE      010415 300  232000-232500   00     104.25 1014.9    105.28     6.50     4.23
THULE      010415 300  232500-233000   00     101.68 1014.9    102.68     3.90     1.61
THULE      010415 300  233000-233500   00     103.39 1014.9    104.42     5.60     3.30
THULE      010415 300  233500-234000   00     101.68 1014.9    102.69     3.90     1.58
THULE      010415 300  234000-234500   00     103.39 1015.0    104.43     5.60     3.27
THULE      010415 300  234500-235000   00     102.53 1015.0    103.58     4.80     2.45
THULE      010415 300  235000-235500   00     101.25 1015.0    102.30     3.50     1.14
THULE      010415 300  235500-240000   00     102.30 1015.0    103.39     4.60     2.22
THULE      010416 3600 000000-010000   00     101.22 1015.3    102.53     3.70     1.22
THULE      010416 3600 010000-020000   00     100.97 1015.6    102.48     3.70     1.04
THULE      010416 3600 020000-030000   00     100.61 1015.6    102.12     3.30     0.46
THULE      010416 3600 030000-040000   00     100.47 1015.3    101.77     3.00    -0.01
THULE      010416 3600 040000-050000   00     100.25 1015.6    101.75     2.90    -9999
THULE      010416 3600 050000-060000   00     100.92 1015.6    102.43     3.60    -9999
THULE      010416 3600 060000-070000   00     101.17 1015.6    102.68     3.90    -9999
THULE      010416 3600 070000-080000   00     100.64 1015.6    102.14     3.30    -9999
THULE      010416 3600 080000-090000   00     100.28 1015.6    101.78     3.00    -9999
THULE      010416 3600 090000-100000   00     100.11 1015.6    101.61     2.80    -9999
THULE      010416 3600 100000-110000   00      99.86 1015.6    101.36     2.50    -9999
THULE      010416 3600 110000-120000   00     100.47 1015.3    101.77     3.00    -9999
THULE      010416 3600 120000-130000   00     100.53 1015.2    101.73     2.90    -9999
THULE      010416 3600 130000-140000   00     101.03 1014.9    102.03     3.20    -9999
THULE      010416 3600 140000-150000   00     100.81 1014.5    101.51     2.70    -9999
THULE      010416 3600 150000-160000   00     101.42 1014.3    101.92     3.10    -9999
THULE      010416 3600 160000-170000   00     101.61 1014.0    101.91     3.10    -9999
THULE      010416 3600 170000-180000   00     101.89 1013.6    101.89     3.10    -9999
THULE      010416 3600 180000-190000   00     102.00 1013.3    101.80     3.00    -9999
THULE      010416 3600 190000-200000   00     102.03 1012.9    101.52     2.70    -9999
THULE      010416 3600 200000-210000   00     102.47 1012.7    101.76     2.90    -9999
THULE      010416 3600 210000-220000   00     102.81 1012.5    101.99     3.20    -9999
THULE      010416 3600 220000-230000   00     103.42 1012.0    102.20     3.40    -9999
THULE      010416 3600 230000-240000   00     103.72 1011.6    102.19     3.40    -9999
*
*	
COMMENT UNIVERISTY OF OULU: FILE GENERATED FROM DATABASE AND OBTAINED FROM
COMMENT https://gle.oulu.fi at 2023-04-05 10:02:56 +00:00
COMMENT FOR HISTORICAL/ORIGINAL TEXT FILES SEE https://gle.oulu.fi/txtarchive/
COMMENT ORIGINAL AT https://gle.oulu.fi/txtarchive/GLE60/C060THUL_cor.DAT
COMMENT DETRENDED DATA SHOW -9999 IF EQUAL TO INC% COLUMN 