NEWARK     LATITUDE    39.7      LONGITUDE     -75.7     ALTITUDE    50 M
NEWARK     INSTRUMENT   9NM64    NEUTRON MONITOR     	
NEWARK     STANDARD PRESSURE    1007.3  MB     COEFFICIENT   -0.74     % / MB
NEWARK     PRE-INCREASE BASELINE TIME INTERVAL    010415    120000-130000   UT
NEWARK     PRE-INCREASE AVERAGE COUNTING RATE     88.49      COUNTS PER SECOND
NEWARK     TIME INTERVALS    300         3600     
NEWARK     SCALE FACTORS     1           1        
STATION    YYMMDD  SEC   TIME (UT)   CODE    UNCORR. PRESS.    CORR.    % INC.	DETRENDED
                         INTERVAL    TD      C/S     (MB)      C/S
NEWARK     010414 3600 000000-010000   00      84.81 1006.9     84.55    -4.40    -9999
NEWARK     010414 3600 010000-020000   00      84.47 1007.7     84.72    -4.30    -9999
NEWARK     010414 3600 020000-030000   00      84.58 1008.3     85.17    -3.70    -9999
NEWARK     010414 3600 030000-040000   00      84.36 1008.5     85.12    -3.80    -9999
NEWARK     010414 3600 040000-050000   00      84.00 1009.1     85.09    -3.80    -9999
NEWARK     010414 3600 050000-060000   00      84.08 1009.2     85.26    -3.60    -9999
NEWARK     010414 3600 060000-070000   00      84.50 1009.1     85.59    -3.30    -9999
NEWARK     010414 3600 070000-080000   00      84.58 1009.2     85.76    -3.10    -9999
NEWARK     010414 3600 080000-090000   00      85.39 1009.6     86.84    -1.90    -9999
NEWARK     010414 3600 090000-100000   00      85.11 1009.7     86.64    -2.10    -9999
NEWARK     010414 3600 100000-110000   00      84.42 1010.4     86.36    -2.40    -9999
NEWARK     010414 3600 110000-120000   00      84.00 1010.9     86.28    -2.50    -9999
NEWARK     010414 3600 120000-130000   00      83.94 1010.9     86.22    -2.60    -9999
NEWARK     010414 3600 130000-140000   00      84.31 1011.1     86.68    -2.00    -9999
NEWARK     010414 3600 140000-150000   00      84.81 1011.1     87.19    -1.50    -9999
NEWARK     010414 3600 150000-160000   00      85.36 1010.8     87.59    -1.00    -9999
NEWARK     010414 3600 160000-170000   00      86.00 1010.1     87.81    -0.80    -9999
NEWARK     010414 3600 170000-180000   00      86.64 1009.6     88.11    -0.40    -9999
NEWARK     010414 3600 180000-190000   00      86.78 1009.1     87.90    -0.70    -9999
NEWARK     010414 3600 190000-200000   00      87.56 1008.3     88.16    -0.40    -9999
NEWARK     010414 3600 200000-210000   00      87.19 1007.5     87.28    -1.40    -9999
NEWARK     010414 3600 210000-220000   00      86.94 1007.2     86.86    -1.80    -9999
NEWARK     010414 3600 220000-230000   00      87.58 1007.2     87.50    -1.10    -9999
NEWARK     010414 3600 230000-240000   00      86.78 1007.1     86.61    -2.10    -9999
NEWARK     010415 3600 000000-010000   00      86.83 1007.1     86.66    -2.10    -9999
NEWARK     010415 3600 010000-020000   00      87.19 1007.1     87.02    -1.70    -9999
NEWARK     010415 3600 020000-030000   00      87.44 1006.9     87.19    -1.50    -9999
NEWARK     010415 3600 030000-040000   00      87.64 1006.7     87.21    -1.40    -9999
NEWARK     010415 3600 040000-050000   00      87.17 1006.7     86.74    -2.00    -9999
NEWARK     010415 3600 050000-060000   00      87.08 1006.5     86.57    -2.20    -9999
NEWARK     010415 3600 060000-070000   00      87.56 1006.7     87.12    -1.50    -9999
NEWARK     010415 3600 070000-080000   00      87.64 1006.8     87.29    -1.30    -9999
NEWARK     010415 3600 080000-090000   00      88.50 1006.8     88.15    -0.40    -9999
NEWARK     010415 300  090000-090500   00      86.61 1006.8     86.26    -2.50    -9999
NEWARK     010415 300  090500-091000   00      90.13 1006.8     89.76     1.40    -9999
NEWARK     010415 300  091000-091500   00      87.89 1006.8     87.54    -1.10    -9999
NEWARK     010415 300  091500-092000   00      88.53 1006.8     88.17    -0.40    -9999
NEWARK     010415 300  092000-092500   00      87.25 1006.8     86.90    -1.80    -9999
NEWARK     010415 300  092500-093000   00      88.53 1006.8     88.18    -0.40    -9999
NEWARK     010415 300  093000-093500   00      89.17 1006.8     88.82     0.30    -9999
NEWARK     010415 300  093500-094000   00      89.17 1006.8     88.82     0.40    -9999
NEWARK     010415 300  094000-094500   00      88.21 1006.8     87.87    -0.70    -9999
NEWARK     010415 300  094500-095000   00      87.89 1006.8     87.56    -1.00    -9999
NEWARK     010415 300  095000-095500   00      89.49 1006.8     89.16     0.80    -9999
NEWARK     010415 300  095500-100000   00      89.17 1006.8     88.85     0.40    -9999
NEWARK     010415 300  100000-100500   00      89.53 1006.9     89.21     0.80    -9999
NEWARK     010415 300  100500-101000   00      86.93 1006.9     86.63    -2.10    -9999
NEWARK     010415 300  101000-101500   00      87.25 1006.9     86.96    -1.70    -9999
NEWARK     010415 300  101500-102000   00      87.58 1006.9     87.29    -1.40    -9999
NEWARK     010415 300  102000-102500   00      87.25 1006.9     86.98    -1.70    -9999
NEWARK     010415 300  102500-103000   00      87.26 1006.9     86.99    -1.70    -9999
NEWARK     010415 300  103000-103500   00      86.62 1006.9     86.36    -2.40    -9999
NEWARK     010415 300  103500-104000   00      89.49 1007.0     89.24     0.80    -9999
NEWARK     010415 300  104000-104500   00      86.93 1007.0     86.70    -2.00    -9999
NEWARK     010415 300  104500-105000   00      87.57 1007.0     87.35    -1.30    -9999
NEWARK     010415 300  105000-105500   00      89.49 1007.0     89.28     0.90    -9999
NEWARK     010415 300  105500-110000   00      86.61 1007.0     86.42    -2.30    -9999
NEWARK     010415 300  110000-110500   00      85.98 1007.1     85.82    -3.00    -9999
NEWARK     010415 300  110500-111000   00      89.49 1007.1     89.34     1.00    -9999
NEWARK     010415 300  111000-111500   00      86.93 1007.1     86.80    -1.90    -9999
NEWARK     010415 300  111500-112000   00      88.54 1007.1     88.41    -0.10    -9999
NEWARK     010415 300  112000-112500   00      90.45 1007.2     90.34     2.10    -9999
NEWARK     010415 300  112500-113000   00      87.25 1007.2     87.16    -1.50    -9999
NEWARK     010415 300  113000-113500   00      87.57 1007.2     87.49    -1.20    -9999
NEWARK     010415 300  113500-114000   00      87.25 1007.2     87.18    -1.50    -9999
NEWARK     010415 300  114000-114500   00      88.21 1007.2     88.14    -0.40    -9999
NEWARK     010415 300  114500-115000   00      87.57 1007.2     87.52    -1.10    -9999
NEWARK     010415 300  115000-115500   00      88.21 1007.3     88.17    -0.30    -9999
NEWARK     010415 300  115500-120000   00      88.21 1007.3     88.17    -0.30    -9999
NEWARK     010415 300  120000-120500   00      88.61 1007.3     88.61     0.10    -9999
NEWARK     010415 300  120500-121000   00      87.58 1007.3     87.58    -1.00    -9999
NEWARK     010415 300  121000-121500   00      88.21 1007.3     88.22    -0.30    -9999
NEWARK     010415 300  121500-122000   00      88.53 1007.3     88.54     0.00    -9999
NEWARK     010415 300  122000-122500   00      89.49 1007.3     89.50     1.10    -9999
NEWARK     010415 300  122500-123000   00      87.25 1007.3     87.26    -1.40    -9999
NEWARK     010415 300  123000-123500   00      88.85 1007.3     88.85     0.40    -9999
NEWARK     010415 300  123500-124000   00      88.85 1007.3     88.84     0.40    -9999
NEWARK     010415 300  124000-124500   00      89.49 1007.3     89.47     1.10    -9999
NEWARK     010415 300  124500-125000   00      88.53 1007.3     88.49     0.00    -9999
NEWARK     010415 300  125000-125500   00      88.85 1007.3     88.80     0.40    -9999
NEWARK     010415 300  125500-130000   00      87.57 1007.2     87.50    -1.10    -9999
NEWARK     010415 300  130000-130500   00      89.49 1007.1     89.37     1.00     1.00
NEWARK     010415 300  130500-131000   00      88.21 1007.1     88.07    -0.40    -0.40
NEWARK     010415 300  131000-131500   00      89.81 1007.1     89.64     1.30     1.30
NEWARK     010415 300  131500-132000   00      88.85 1007.0     88.66     0.20     0.20
NEWARK     010415 300  132000-132500   00      88.85 1007.0     88.64     0.20     0.20
NEWARK     010415 300  132500-133000   00      89.81 1007.0     89.57     1.20     1.20
NEWARK     010415 300  133000-133500   00      89.17 1006.9     88.91     0.40     0.40
NEWARK     010415 300  133500-134000   00      89.49 1006.9     89.20     0.80     0.80
NEWARK     010415 300  134000-134500   00      88.85 1006.8     88.53     0.10     0.10
NEWARK     010415 300  134500-135000   00      89.17 1006.8     88.82     0.40     0.40
NEWARK     010415 300  135000-135500   00      89.17 1006.8     88.80     0.30     0.30
NEWARK     010415 300  135500-140000   00      91.41 1006.7     91.00     2.90     2.90
NEWARK     010415 300  140000-140500   00      98.87 1006.7     98.40    11.20    11.20
NEWARK     010415 300  140500-141000   00     107.71 1006.7    107.16    21.10    21.10
NEWARK     010415 300  141000-141500   00     114.10 1006.6    113.48    28.20    28.20
NEWARK     010415 300  141500-142000   00     114.42 1006.6    113.76    28.60    28.60
NEWARK     010415 300  142000-142500   00     116.02 1006.5    115.30    30.30    30.30
NEWARK     010415 300  142500-143000   00     118.58 1006.4    117.81    33.20    33.20
NEWARK     010415 300  143000-143500   00     116.02 1006.4    115.21    30.20    30.20
NEWARK     010415 300  143500-144000   00     115.38 1006.3    114.53    29.50    29.50
NEWARK     010415 300  144000-144500   00     114.74 1006.3    113.85    28.60    28.60
NEWARK     010415 300  144500-145000   00     114.42 1006.2    113.48    28.30    28.30
NEWARK     010415 300  145000-145500   00     110.59 1006.2    109.63    23.90    23.90
NEWARK     010415 300  145500-150000   00     109.95 1006.1    108.94    23.10    23.10
NEWARK     010415 300  150000-150500   00     108.39 1006.0    107.31    21.30    21.30
NEWARK     010415 300  150500-151000   00     106.43 1005.9    105.32    19.00    19.00
NEWARK     010415 300  151000-151500   00     103.56 1005.8    102.42    15.70    15.70
NEWARK     010415 300  151500-152000   00     103.88 1005.8    102.69    16.00    16.00
NEWARK     010415 300  152000-152500   00     102.28 1005.7    101.06    14.20    14.20
NEWARK     010415 300  152500-153000   00     104.84 1005.7    103.54    17.00    17.00
NEWARK     010415 300  153000-153500   00     100.36 1005.6     99.08    12.00    12.00
NEWARK     010415 300  153500-154000   00     100.68 1005.5     99.34    12.30    12.30
NEWARK     010415 300  154000-154500   00     100.68 1005.5     99.30    12.20    12.20
NEWARK     010415 300  154500-155000   00     101.00 1005.4     99.57    12.50    12.50
NEWARK     010415 300  155000-155500   00     100.36 1005.4     98.90    11.80    11.80
NEWARK     010415 300  155500-160000   00      99.40 1005.3     97.91    10.70    10.70
NEWARK     010415 300  160000-160500   00      98.40 1005.3     96.93     9.50     9.50
NEWARK     010415 300  160500-161000   00      99.08 1005.2     97.55    10.20    10.20
NEWARK     010415 300  161000-161500   00      98.43 1005.2     96.87     9.50     9.50
NEWARK     010415 300  161500-162000   00      97.17 1005.1     95.58     8.00     8.00
NEWARK     010415 300  162000-162500   00      97.16 1005.1     95.53     7.90     7.90
NEWARK     010415 300  162500-163000   00      96.84 1005.0     95.18     7.60     7.60
NEWARK     010415 300  163000-163500   00      97.48 1004.9     95.76     8.20     8.20
NEWARK     010415 300  163500-164000   00      97.79 1004.9     96.01     8.50     8.50
NEWARK     010415 300  164000-164500   00      95.56 1004.8     93.78     6.00     6.00
NEWARK     010415 300  164500-165000   00      96.21 1004.7     94.36     6.60     6.60
NEWARK     010415 300  165000-165500   00      95.89 1004.6     93.99     6.20     6.20
NEWARK     010415 300  165500-170000   00      96.84 1004.6     94.88     7.20     7.20
NEWARK     010415 300  170000-170500   00      97.05 1004.5     95.01     7.40     7.40
NEWARK     010415 300  170500-171000   00      94.93 1004.4     92.88     5.00     5.00
NEWARK     010415 300  171000-171500   00      94.93 1004.3     92.83     4.90     4.90
NEWARK     010415 300  171500-172000   00      94.29 1004.2     92.15     4.20     4.20
NEWARK     010415 300  172000-172500   00      94.61 1004.2     92.40     4.40     4.40
NEWARK     010415 300  172500-173000   00      95.25 1004.1     92.97     5.10     5.10
NEWARK     010415 300  173000-173500   00      95.57 1004.0     93.23     5.40     5.40
NEWARK     010415 300  173500-174000   00      94.61 1003.9     92.23     4.20     4.20
NEWARK     010415 300  174000-174500   00      93.33 1003.8     90.93     2.80     2.80
NEWARK     010415 300  174500-175000   00      94.93 1003.7     92.43     4.40     4.40
NEWARK     010415 300  175000-175500   00      96.84 1003.7     94.23     6.50     6.50
NEWARK     010415 300  175500-180000   00      94.93 1003.6     92.30     4.30     4.30
NEWARK     010415 300  180000-180500   00      92.69 1003.5     90.09     1.80     1.80
NEWARK     010415 300  180500-181000   00      95.24 1003.4     92.51     4.50     4.50
NEWARK     010415 300  181000-181500   00      93.97 1003.3     91.21     3.10     3.10
NEWARK     010415 300  181500-182000   00      95.25 1003.2     92.39     4.40     4.40
NEWARK     010415 300  182000-182500   00      94.29 1003.1     91.39     3.30     3.30
NEWARK     010415 300  182500-183000   00      94.93 1003.0     91.94     3.90     3.90
NEWARK     010415 300  183000-183500   00      93.97 1002.9     90.94     2.80     2.80
NEWARK     010415 300  183500-184000   00      95.25 1002.8     92.11     4.10     4.10
NEWARK     010415 300  184000-184500   00      95.89 1002.7     92.65     4.70     4.70
NEWARK     010415 300  184500-185000   00      93.33 1002.6     90.10     1.80     1.80
NEWARK     010415 300  185000-185500   00      94.29 1002.5     90.95     2.80     2.80
NEWARK     010415 300  185500-190000   00      94.61 1002.4     91.18     3.00     3.00
NEWARK     010415 300  190000-190500   00      93.33 1002.1     89.78     1.50     1.50
NEWARK     010415 300  190500-191000   00      93.01 1002.0     89.39     1.00     1.00
NEWARK     010415 300  191000-191500   00      93.33 1001.9     89.62     1.30     1.30
NEWARK     010415 300  191500-192000   00      93.65 1001.8     89.85     1.60     1.60
NEWARK     010415 300  192000-192500   00    -999.00 -999.0   -999.00    -9999    -9999
NEWARK     010415 300  192500-193000   00    -999.00 -999.0   -999.00    -9999    -9999
NEWARK     010415 300  193000-193500   00    -999.00 -999.0   -999.00    -9999    -9999
NEWARK     010415 300  193500-194000   00    -999.00 -999.0   -999.00    -9999    -9999
NEWARK     010415 300  194000-194500   00    -999.00 -999.0   -999.00    -9999    -9999
NEWARK     010415 300  194500-195000   00    -999.00 -999.0   -999.00    -9999    -9999
NEWARK     010415 300  195000-195500   00    -999.00 -999.0   -999.00    -9999    -9999
NEWARK     010415 300  195500-200000   00    -999.00 -999.0   -999.00    -9999    -9999
NEWARK     010415 300  200000-200500   00    -999.00 -999.0   -999.00    -9999    -9999
NEWARK     010415 300  200500-201000   00    -999.00 -999.0   -999.00    -9999    -9999
NEWARK     010415 300  201000-201500   00    -999.00 -999.0   -999.00    -9999    -9999
NEWARK     010415 300  201500-202000   00    -999.00 -999.0   -999.00    -9999    -9999
NEWARK     010415 300  202000-202500   00    -999.00 -999.0   -999.00    -9999    -9999
NEWARK     010415 300  202500-203000   00    -999.00 -999.0   -999.00    -9999    -9999
NEWARK     010415 300  203000-203500   00    -999.00 -999.0   -999.00    -9999    -9999
NEWARK     010415 300  203500-204000   00    -999.00 -999.0   -999.00    -9999    -9999
NEWARK     010415 300  204000-204500   00    -999.00 -999.0   -999.00    -9999    -9999
NEWARK     010415 300  204500-205000   00    -999.00 -999.0   -999.00    -9999    -9999
NEWARK     010415 300  205000-205500   00    -999.00 -999.0   -999.00    -9999    -9999
NEWARK     010415 300  205500-210000   00    -999.00 -999.0   -999.00    -9999    -9999
NEWARK     010415 300  210000-210500   00    -999.00 -999.0   -999.00    -9999    -9999
NEWARK     010415 300  210500-211000   00    -999.00 -999.0   -999.00    -9999    -9999
NEWARK     010415 300  211000-211500   00    -999.00 -999.0   -999.00    -9999    -9999
NEWARK     010415 300  211500-212000   00    -999.00 -999.0   -999.00    -9999    -9999
NEWARK     010415 300  212000-212500   00    -999.00 -999.0   -999.00    -9999    -9999
NEWARK     010415 300  212500-213000   00    -999.00 -999.0   -999.00    -9999    -9999
NEWARK     010415 300  213000-213500   00    -999.00 -999.0   -999.00    -9999    -9999
NEWARK     010415 300  213500-214000   00    -999.00 -999.0   -999.00    -9999    -9999
NEWARK     010415 300  214000-214500   00    -999.00 -999.0   -999.00    -9999    -9999
NEWARK     010415 300  214500-215000   00    -999.00 -999.0   -999.00    -9999    -9999
NEWARK     010415 300  215000-215500   00    -999.00 -999.0   -999.00    -9999    -9999
NEWARK     010415 300  215500-220000   00    -999.00 -999.0   -999.00    -9999    -9999
NEWARK     010415 300  220000-220500   00    -999.00 -999.0   -999.00    -9999    -9999
NEWARK     010415 300  220500-221000   00    -999.00 -999.0   -999.00    -9999    -9999
NEWARK     010415 300  221000-221500   00    -999.00 -999.0   -999.00    -9999    -9999
NEWARK     010415 300  221500-222000   00    -999.00 -999.0   -999.00    -9999    -9999
NEWARK     010415 300  222000-222500   00    -999.00 -999.0   -999.00    -9999    -9999
NEWARK     010415 300  222500-223000   00    -999.00 -999.0   -999.00    -9999    -9999
NEWARK     010415 300  223000-223500   00    -999.00 -999.0   -999.00    -9999    -9999
NEWARK     010415 300  223500-224000   00    -999.00 -999.0   -999.00    -9999    -9999
NEWARK     010415 300  224000-224500   00    -999.00 -999.0   -999.00    -9999    -9999
NEWARK     010415 300  224500-225000   00    -999.00 -999.0   -999.00    -9999    -9999
NEWARK     010415 300  225000-225500   00    -999.00 -999.0   -999.00    -9999    -9999
NEWARK     010415 300  225500-230000   00    -999.00 -999.0   -999.00    -9999    -9999
NEWARK     010415 300  230000-230500   00    -999.00 -999.0   -999.00    -9999    -9999
NEWARK     010415 300  230500-231000   00    -999.00 -999.0   -999.00    -9999    -9999
NEWARK     010415 300  231000-231500   00    -999.00 -999.0   -999.00    -9999    -9999
NEWARK     010415 300  231500-232000   00    -999.00 -999.0   -999.00    -9999    -9999
NEWARK     010415 300  232000-232500   00    -999.00 -999.0   -999.00    -9999    -9999
NEWARK     010415 300  232500-233000   00    -999.00 -999.0   -999.00    -9999    -9999
NEWARK     010415 300  233000-233500   00    -999.00 -999.0   -999.00    -9999    -9999
NEWARK     010415 300  233500-234000   00    -999.00 -999.0   -999.00    -9999    -9999
NEWARK     010415 300  234000-234500   00    -999.00 -999.0   -999.00    -9999    -9999
NEWARK     010415 300  234500-235000   00    -999.00 -999.0   -999.00    -9999    -9999
NEWARK     010415 300  235000-235500   00    -999.00 -999.0   -999.00    -9999    -9999
NEWARK     010415 300  235500-240000   00    -999.00 -999.0   -999.00    -9999    -9999
NEWARK     010416 3600 000000-010000   00    -999.00 -999.0   -999.00    -9999    -9999
NEWARK     010416 3600 010000-020000   00    -999.00 -999.0   -999.00    -9999    -9999
NEWARK     010416 3600 020000-030000   00    -999.00 -999.0   -999.00    -9999    -9999
NEWARK     010416 3600 030000-040000   00    -999.00 -999.0   -999.00    -9999    -9999
NEWARK     010416 3600 040000-050000   00    -999.00 -999.0   -999.00    -9999    -9999
NEWARK     010416 3600 050000-060000   00    -999.00 -999.0   -999.00    -9999    -9999
NEWARK     010416 3600 060000-070000   00    -999.00 -999.0   -999.00    -9999    -9999
NEWARK     010416 3600 070000-080000   00    -999.00 -999.0   -999.00    -9999    -9999
NEWARK     010416 3600 080000-090000   00    -999.00 -999.0   -999.00    -9999    -9999
NEWARK     010416 3600 090000-100000   00    -999.00 -999.0   -999.00    -9999    -9999
NEWARK     010416 3600 100000-110000   00    -999.00 -999.0   -999.00    -9999    -9999
NEWARK     010416 3600 110000-120000   00    -999.00 -999.0   -999.00    -9999    -9999
NEWARK     010416 3600 120000-130000   00    -999.00 -999.0   -999.00    -9999    -9999
NEWARK     010416 3600 130000-140000   00    -999.00 -999.0   -999.00    -9999    -9999
NEWARK     010416 3600 140000-150000   00    -999.00 -999.0   -999.00    -9999    -9999
NEWARK     010416 3600 150000-160000   00    -999.00 -999.0   -999.00    -9999    -9999
NEWARK     010416 3600 160000-170000   00    -999.00 -999.0   -999.00    -9999    -9999
NEWARK     010416 3600 170000-180000   00    -999.00 -999.0   -999.00    -9999    -9999
NEWARK     010416 3600 180000-190000   00    -999.00 -999.0   -999.00    -9999    -9999
NEWARK     010416 3600 190000-200000   00    -999.00 -999.0   -999.00    -9999    -9999
NEWARK     010416 3600 200000-210000   00    -999.00 -999.0   -999.00    -9999    -9999
NEWARK     010416 3600 210000-220000   00    -999.00 -999.0   -999.00    -9999    -9999
NEWARK     010416 3600 220000-230000   00    -999.00 -999.0   -999.00    -9999    -9999
NEWARK     010416 3600 230000-240000   00    -999.00 -999.0   -999.00    -9999    -9999
*
*	
COMMENT    DATA INCONSISTENT WITH WDCCR	
COMMENT UNIVERISTY OF OULU: FILE GENERATED FROM DATABASE AND OBTAINED FROM
COMMENT https://gle.oulu.fi at 2023-04-05 10:02:56 +00:00
COMMENT FOR HISTORICAL/ORIGINAL TEXT FILES SEE https://gle.oulu.fi/txtarchive/
COMMENT ORIGINAL AT https://gle.oulu.fi/txtarchive/GLE60/C060NWRK_cor.DAT
COMMENT DETRENDED DATA SHOW -9999 IF EQUAL TO INC% COLUMN 