JUNGFRAU   LATITUDE    46.55     LONGITUDE     7.98      ALTITUDE    3475 M
JUNGFRAU   INSTRUMENT   3-NM-64  NEUTRON MONITOR	
JUNGFRAU   STANDARD PRESSURE    482     MMHG   COEFFICIENT   -0.96     % / MMHG
JUNGFRAU   PRE-INCREASE BASELINE TIME INTERVAL    931028    100000-110000   UT
JUNGFRAU   PRE-INCREASE AVERAGE COUNTING RATE    317.94      COUNTS PER SECOND
JUNGFRAU   TIME INTERVALS    300         3600     
JUNGFRAU   SCALE FACTORS     1           1        
STATION    YYMMDD  SEC   TIME (UT)   CODE    UNCORR. PRESS.    CORR.    % INC.	DETRENDED
                         INTERVAL    TD      C/S    (MMHG)     C/S
JUNGFRAU   031027 3600 000000-010000   20     296.22  490.7    321.97     1.30    -9999
JUNGFRAU   031027 3600 010000-020000   20     297.33  490.7    323.21     1.70    -9999
JUNGFRAU   031027 3600 020000-030000   20     298.84  490.6    324.49     2.10    -9999
JUNGFRAU   031027 3600 030000-040000   20     299.51  490.7    325.46     2.40    -9999
JUNGFRAU   031027 3600 040000-050000   20     300.27  490.8    326.73     2.80    -9999
JUNGFRAU   031027 3600 050000-060000   20     300.76  490.9    327.59     3.00    -9999
JUNGFRAU   031027 3600 060000-070000   20     299.27  491.2    326.92     2.80    -9999
JUNGFRAU   031027 3600 070000-080000   20     297.63  491.6    326.41     2.70    -9999
JUNGFRAU   031027 3600 080000-090000   20     298.56  492.1    328.79     3.40    -9999
JUNGFRAU   031027 3600 090000-100000   20     297.58  492.3    328.58     3.30    -9999
JUNGFRAU   031027 3600 100000-110000   20     297.23  492.5    328.89     3.40    -9999
JUNGFRAU   031027 3600 110000-120000   20     297.66  492.7    329.82     3.70    -9999
JUNGFRAU   031027 3600 120000-130000   20     297.28  492.9    330.02     3.80    -9999
JUNGFRAU   031027 3600 130000-140000   20     296.31  493.1    329.54     3.60    -9999
JUNGFRAU   031027 3600 140000-150000   20     295.72  493.2    329.28     3.60    -9999
JUNGFRAU   031027 3600 150000-160000   20     294.99  493.3    328.85     3.40    -9999
JUNGFRAU   031027 3600 160000-170000   20     293.74  493.5    328.15     3.20    -9999
JUNGFRAU   031027 3600 170000-180000   20     293.68  493.8    328.86     3.40    -9999
JUNGFRAU   031027 3600 180000-190000   20     292.92  494.0    328.54     3.30    -9999
JUNGFRAU   031027 3600 190000-200000   20     292.06  494.2    328.31     3.30    -9999
JUNGFRAU   031027 3600 200000-210000   20     290.71  494.4    327.48     3.00    -9999
JUNGFRAU   031027 3600 210000-220000   20     289.67  494.6    326.96     2.80    -9999
JUNGFRAU   031027 3600 220000-230000   20     288.62  494.9    326.58     2.70    -9999
JUNGFRAU   031027 3600 230000-240000   20     287.32  495.1    325.70     2.40    -9999
JUNGFRAU   031028 3600 000000-010000   20     286.54  495.1    325.05     2.20    -9999
JUNGFRAU   031028 3600 010000-020000   20     281.91  495.2    319.85     0.60    -9999
JUNGFRAU   031028 3600 020000-030000   20     277.19  495.2    314.50    -1.10    -9999
JUNGFRAU   031028 3600 030000-040000   20     273.55  495.4    310.95    -2.20    -9999
JUNGFRAU   031028 3600 040000-050000   20     274.41  495.5    312.34    -1.80    -9999
JUNGFRAU   031028 3600 050000-060000   20     273.75  495.6    311.93    -1.90    -9999
JUNGFRAU   031028 3600 060000-070000   20     274.77  495.9    313.90    -1.30    -9999
JUNGFRAU   031028 3600 070000-080000   20     281.04  496.2    321.96     1.30    -9999
JUNGFRAU   031028 3600 080000-090000   20     282.85  496.4    324.85     2.20    -9999
JUNGFRAU   031028 300  090000-090500   00     284.45  496.6    327.31     2.90    -9999
JUNGFRAU   031028 300  090500-091000   00     282.71  496.6    325.25     2.30    -9999
JUNGFRAU   031028 300  091000-091500   00     280.49  496.6    322.76     1.50    -9999
JUNGFRAU   031028 300  091500-092000   00     283.11  496.6    325.70     2.50    -9999
JUNGFRAU   031028 300  092000-092500   00     284.29  496.7    327.25     2.90    -9999
JUNGFRAU   031028 300  092500-093000   00     281.54  496.7    324.21     2.00    -9999
JUNGFRAU   031028 300  093000-093500   00     282.51  496.7    325.33     2.30    -9999
JUNGFRAU   031028 300  093500-094000   00     279.84  496.7    322.19     1.30    -9999
JUNGFRAU   031028 300  094000-094500   00     280.25  496.7    322.74     1.50    -9999
JUNGFRAU   031028 300  094500-095000   00     279.16  496.7    321.54     1.10    -9999
JUNGFRAU   031028 300  095000-095500   00     281.76  496.7    324.52     2.10    -9999
JUNGFRAU   031028 300  095500-100000   00     278.34  496.7    320.59     0.80    -9999
JUNGFRAU   031028 300  100000-100500   00     275.15  496.8    317.04    -0.30    -9999
JUNGFRAU   031028 300  100500-101000   00     278.17  496.7    320.39     0.80    -9999
JUNGFRAU   031028 300  101000-101500   00     277.81  496.7    319.92     0.60    -9999
JUNGFRAU   031028 300  101500-102000   00     275.24  496.7    317.07    -0.30    -9999
JUNGFRAU   031028 300  102000-102500   00     276.47  496.8    318.56     0.20    -9999
JUNGFRAU   031028 300  102500-103000   00     278.58  496.7    320.86     0.90    -9999
JUNGFRAU   031028 300  103000-103500   00     275.39  496.7    317.25    -0.20    -9999
JUNGFRAU   031028 300  103500-104000   00     272.61  496.7    313.92    -1.30    -9999
JUNGFRAU   031028 300  104000-104500   00     275.15  496.7    316.72    -0.40    -9999
JUNGFRAU   031028 300  104500-105000   00     274.87  496.6    316.30    -0.50    -9999
JUNGFRAU   031028 300  105000-105500   00     275.65  496.6    317.25    -0.20    -9999
JUNGFRAU   031028 300  105500-110000   00     278.07  496.6    319.96     0.60    -9999
JUNGFRAU   031028 300  110000-110500   00     275.09  496.6    316.48    -0.50    -9999
JUNGFRAU   031028 300  110500-111000   00     276.22  496.6    317.65    -0.10    -9999
JUNGFRAU   031028 300  111000-111500   00     277.62  496.5    319.14     0.40    -9999
JUNGFRAU   031028 300  111500-112000   00     285.26  496.5    327.86     3.10    -9999
JUNGFRAU   031028 300  112000-112500   00     281.26  496.5    323.27     1.70    -9999
JUNGFRAU   031028 300  112500-113000   00     283.42  496.5    325.75     2.50    -9999
JUNGFRAU   031028 300  113000-113500   00     280.12  496.5    321.96     1.30    -9999
JUNGFRAU   031028 300  113500-114000   00     279.91  496.5    321.72     1.20    -9999
JUNGFRAU   031028 300  114000-114500   00     280.19  496.5    321.98     1.30    -9999
JUNGFRAU   031028 300  114500-115000   00     281.58  496.5    323.58     1.80    -9999
JUNGFRAU   031028 300  115000-115500   00     283.32  496.4    325.38     2.30    -9999
JUNGFRAU   031028 300  115500-120000   00     282.05  496.4    323.99     1.90    -9999
JUNGFRAU   031028 300  120000-120500   00     279.70  496.4    321.16     1.00    -9999
JUNGFRAU   031028 300  120500-121000   00     279.36  496.4    320.71     0.90    -9999
JUNGFRAU   031028 300  121000-121500   00     280.52  496.4    321.99     1.30    -9999
JUNGFRAU   031028 300  121500-122000   00     281.51  496.3    322.94     1.60    -9999
JUNGFRAU   031028 300  122000-122500   00     280.02  496.4    321.46     1.10    -9999
JUNGFRAU   031028 300  122500-123000   00     284.77  496.3    326.68     2.70    -9999
JUNGFRAU   031028 300  123000-123500   00     281.28  496.3    322.79     1.50    -9999
JUNGFRAU   031028 300  123500-124000   00     281.97  496.4    323.77     1.80    -9999
JUNGFRAU   031028 300  124000-124500   00     277.55  496.4    318.63     0.20    -9999
JUNGFRAU   031028 300  124500-125000   00     281.09  496.3    322.45     1.40    -9999
JUNGFRAU   031028 300  125000-125500   00     283.59  496.3    325.33     2.30    -9999
JUNGFRAU   031028 300  125500-130000   00     281.98  496.3    323.48     1.70    -9999
JUNGFRAU   031028 300  130000-130500   00     281.55  496.3    322.98     1.60    -9999
JUNGFRAU   031028 300  130500-131000   00     281.43  496.2    322.66     1.50    -9999
JUNGFRAU   031028 300  131000-131500   00     278.37  496.2    319.02     0.30    -9999
JUNGFRAU   031028 300  131500-132000   00     282.09  496.2    323.29     1.70    -9999
JUNGFRAU   031028 300  132000-132500   00     280.61  496.2    321.59     1.10    -9999
JUNGFRAU   031028 300  132500-133000   00     281.27  496.2    322.35     1.40    -9999
JUNGFRAU   031028 300  133000-133500   00     283.42  496.2    324.81     2.10    -9999
JUNGFRAU   031028 300  133500-134000   00     279.84  496.2    320.71     0.90    -9999
JUNGFRAU   031028 300  134000-134500   00     278.40  496.2    319.06     0.30    -9999
JUNGFRAU   031028 300  134500-135000   00     284.87  496.2    326.48     2.70    -9999
JUNGFRAU   031028 300  135000-135500   00     276.53  496.2    316.91    -0.30    -9999
JUNGFRAU   031028 300  135500-140000   00     283.01  496.2    324.34     2.00    -9999
JUNGFRAU   031028 300  140000-140500   00     278.16  496.2    318.79     0.30    -9999
JUNGFRAU   031028 300  140500-141000   00     281.80  496.2    322.96     1.60    -9999
JUNGFRAU   031028 300  141000-141500   00     282.27  496.2    323.50     1.80    -9999
JUNGFRAU   031028 300  141500-142000   00     281.39  496.2    322.48     1.40    -9999
JUNGFRAU   031028 300  142000-142500   00     280.46  496.2    321.42     1.10    -9999
JUNGFRAU   031028 300  142500-143000   00     281.10  496.2    322.15     1.30    -9999
JUNGFRAU   031028 300  143000-143500   00     283.61  496.2    325.03     2.20    -9999
JUNGFRAU   031028 300  143500-144000   00     281.32  496.1    322.15     1.30    -9999
JUNGFRAU   031028 300  144000-144500   00     280.57  496.1    321.18     1.00    -9999
JUNGFRAU   031028 300  144500-145000   00     278.65  496.0    318.73     0.20    -9999
JUNGFRAU   031028 300  145000-145500   00     282.98  496.0    323.68     1.80    -9999
JUNGFRAU   031028 300  145500-150000   00     280.12  496.0    320.41     0.80    -9999
JUNGFRAU   031028 300  150000-150500   00     282.00  495.9    322.25     1.40    -9999
JUNGFRAU   031028 300  150500-151000   00     283.18  495.9    323.61     1.80    -9999
JUNGFRAU   031028 300  151000-151500   00     282.97  495.9    323.36     1.70    -9999
JUNGFRAU   031028 300  151500-152000   00     285.07  495.9    325.77     2.50    -9999
JUNGFRAU   031028 300  152000-152500   00     282.91  495.9    323.31     1.70    -9999
JUNGFRAU   031028 300  152500-153000   00     278.90  495.9    318.72     0.20    -9999
JUNGFRAU   031028 300  153000-153500   00     280.35  495.9    320.24     0.70    -9999
JUNGFRAU   031028 300  153500-154000   00     282.36  495.8    322.36     1.40    -9999
JUNGFRAU   031028 300  154000-154500   00     280.33  495.8    320.04     0.60    -9999
JUNGFRAU   031028 300  154500-155000   00     278.66  495.8    318.13     0.10    -9999
JUNGFRAU   031028 300  155000-155500   00     281.46  495.7    321.15     1.00    -9999
JUNGFRAU   031028 300  155500-160000   00     282.56  495.8    322.52     1.40    -9999
JUNGFRAU   031028 300  160000-160500   00     280.37  495.7    319.83     0.60    -9999
JUNGFRAU   031028 300  160500-161000   00     282.94  495.7    322.77     1.50    -9999
JUNGFRAU   031028 300  161000-161500   00     280.08  495.8    319.69     0.60    -9999
JUNGFRAU   031028 300  161500-162000   00     282.14  495.7    321.81     1.20    -9999
JUNGFRAU   031028 300  162000-162500   00     282.28  495.7    321.95     1.30    -9999
JUNGFRAU   031028 300  162500-163000   00     281.15  495.7    320.67     0.90    -9999
JUNGFRAU   031028 300  163000-163500   00     282.23  495.7    321.97     1.30    -9999
JUNGFRAU   031028 300  163500-164000   00     282.31  495.7    321.99     1.30    -9999
JUNGFRAU   031028 300  164000-164500   00     282.68  495.7    322.47     1.40    -9999
JUNGFRAU   031028 300  164500-165000   00     282.25  495.8    322.11     1.30    -9999
JUNGFRAU   031028 300  165000-165500   00     280.33  495.8    319.98     0.60    -9999
JUNGFRAU   031028 300  165500-170000   00     285.71  495.8    326.12     2.60    -9999
JUNGFRAU   031028 300  170000-170500   00     283.61  495.9    323.96     1.90    -9999
JUNGFRAU   031028 300  170500-171000   00     280.90  495.9    320.94     1.00    -9999
JUNGFRAU   031028 300  171000-171500   00     284.28  495.8    324.62     2.10    -9999
JUNGFRAU   031028 300  171500-172000   00     282.83  495.9    323.15     1.70    -9999
JUNGFRAU   031028 300  172000-172500   00     282.38  495.9    322.62     1.50    -9999
JUNGFRAU   031028 300  172500-173000   00     282.26  495.8    322.31     1.40    -9999
JUNGFRAU   031028 300  173000-173500   00     279.06  495.8    318.58     0.20    -9999
JUNGFRAU   031028 300  173500-174000   00     281.94  495.8    321.76     1.20    -9999
JUNGFRAU   031028 300  174000-174500   00     285.29  495.7    325.52     2.40    -9999
JUNGFRAU   031028 300  174500-175000   00     282.10  495.7    321.81     1.20    -9999
JUNGFRAU   031028 300  175000-175500   00     282.55  495.7    322.33     1.40    -9999
JUNGFRAU   031028 300  175500-180000   00     282.74  495.7    322.49     1.40    -9999
JUNGFRAU   031028 300  180000-180500   00     284.64  495.7    324.71     2.10    -9999
JUNGFRAU   031028 300  180500-181000   00     283.43  495.7    323.28     1.70    -9999
JUNGFRAU   031028 300  181000-181500   00     282.46  495.6    321.92     1.30    -9999
JUNGFRAU   031028 300  181500-182000   00     281.42  495.7    320.86     0.90    -9999
JUNGFRAU   031028 300  182000-182500   00     282.22  495.6    321.58     1.10    -9999
JUNGFRAU   031028 300  182500-183000   00     284.48  495.6    324.15     1.90    -9999
JUNGFRAU   031028 300  183000-183500   00     282.88  495.6    322.33     1.40    -9999
JUNGFRAU   031028 300  183500-184000   00     285.23  495.6    325.01     2.20    -9999
JUNGFRAU   031028 300  184000-184500   00     287.64  495.6    327.75     3.10    -9999
JUNGFRAU   031028 300  184500-185000   00     280.94  495.6    320.00     0.70    -9999
JUNGFRAU   031028 300  185000-185500   00     282.66  495.5    321.90     1.20    -9999
JUNGFRAU   031028 300  185500-190000   00     282.88  495.5    322.08     1.30    -9999
JUNGFRAU   031028 300  190000-190500   00     282.34  495.5    321.53     1.10    -9999
JUNGFRAU   031028 300  190500-191000   00     283.30  495.5    322.62     1.50    -9999
JUNGFRAU   031028 300  191000-191500   00     281.29  495.5    320.34     0.80    -9999
JUNGFRAU   031028 300  191500-192000   00     284.53  495.5    323.84     1.80    -9999
JUNGFRAU   031028 300  192000-192500   00     282.32  495.5    321.26     1.10    -9999
JUNGFRAU   031028 300  192500-193000   00     283.96  495.4    322.89     1.60    -9999
JUNGFRAU   031028 300  193000-193500   00     284.44  495.4    323.55     1.80    -9999
JUNGFRAU   031028 300  193500-194000   00     282.73  495.4    321.54     1.20    -9999
JUNGFRAU   031028 300  194000-194500   00     284.85  495.4    323.90     1.90    -9999
JUNGFRAU   031028 300  194500-195000   00     284.11  495.4    323.12     1.60    -9999
JUNGFRAU   031028 300  195000-195500   00     285.51  495.3    324.52     2.10    -9999
JUNGFRAU   031028 300  195500-200000   00     287.86  495.4    327.26     2.90    -9999
JUNGFRAU   031028 300  200000-200500   00     283.76  495.3    322.40     1.40    -9999
JUNGFRAU   031028 300  200500-201000   00     283.11  495.3    321.72     1.20    -9999
JUNGFRAU   031028 300  201000-201500   00     286.18  495.3    325.22     2.30    -9999
JUNGFRAU   031028 300  201500-202000   00     286.45  495.4    325.65     2.40    -9999
JUNGFRAU   031028 300  202000-202500   00     284.17  495.3    322.87     1.60    -9999
JUNGFRAU   031028 300  202500-203000   00     283.52  495.3    322.13     1.30    -9999
JUNGFRAU   031028 300  203000-203500   00     283.61  495.3    322.24     1.40    -9999
JUNGFRAU   031028 300  203500-204000   00     285.19  495.2    323.84     1.90    -9999
JUNGFRAU   031028 300  204000-204500   00     282.64  495.2    320.82     0.90    -9999
JUNGFRAU   031028 300  204500-205000   00     283.53  495.2    321.89     1.20    -9999
JUNGFRAU   031028 300  205000-205500   00     283.60  495.2    322.04     1.30    -9999
JUNGFRAU   031028 300  205500-210000   00     284.51  495.3    323.19     1.70    -9999
JUNGFRAU   031028 300  210000-210500   00     282.97  495.0    320.71     0.90    -9999
JUNGFRAU   031028 300  210500-211000   00     282.83  495.1    320.67     0.90    -9999
JUNGFRAU   031028 300  211000-211500   00     284.64  495.0    322.60     1.50    -9999
JUNGFRAU   031028 300  211500-212000   00     282.53  495.0    320.08     0.70    -9999
JUNGFRAU   031028 300  212000-212500   00     282.06  495.0    319.55     0.50    -9999
JUNGFRAU   031028 300  212500-213000   00     283.50  495.0    321.18     1.00    -9999
JUNGFRAU   031028 300  213000-213500   00     285.17  495.0    323.08     1.60    -9999
JUNGFRAU   031028 300  213500-214000   00     286.21  495.0    324.13     1.90    -9999
JUNGFRAU   031028 300  214000-214500   00     283.74  494.9    321.26     1.10    -9999
JUNGFRAU   031028 300  214500-215000   00     284.68  494.9    322.22     1.30    -9999
JUNGFRAU   031028 300  215000-215500   00     284.03  494.8    321.04     1.00    -9999
JUNGFRAU   031028 300  215500-220000   00     288.81  494.8    326.44     2.70    -9999
JUNGFRAU   031028 300  220000-220500   00     282.44  494.8    319.31     0.40    -9999
JUNGFRAU   031028 300  220500-221000   00     284.86  494.7    321.80     1.20    -9999
JUNGFRAU   031028 300  221000-221500   00     287.33  494.7    324.58     2.10    -9999
JUNGFRAU   031028 300  221500-222000   00     284.21  494.7    321.06     1.00    -9999
JUNGFRAU   031028 300  222000-222500   00     287.48  494.7    324.63     2.10    -9999
JUNGFRAU   031028 300  222500-223000   00     287.70  494.7    324.87     2.20    -9999
JUNGFRAU   031028 300  223000-223500   00     287.03  494.6    323.94     1.90    -9999
JUNGFRAU   031028 300  223500-224000   00     284.54  494.6    321.06     1.00    -9999
JUNGFRAU   031028 300  224000-224500   00     285.61  494.4    321.78     1.20    -9999
JUNGFRAU   031028 300  224500-225000   00     286.05  494.4    322.21     1.30    -9999
JUNGFRAU   031028 300  225000-225500   00     289.49  494.4    326.02     2.50    -9999
JUNGFRAU   031028 300  225500-230000   00     289.35  494.4    325.87     2.50    -9999
JUNGFRAU   031028 300  230000-230500   00     289.66  494.4    326.15     2.60    -9999
JUNGFRAU   031028 300  230500-231000   00     286.06  494.3    321.85     1.20    -9999
JUNGFRAU   031028 300  231000-231500   00     286.24  494.3    322.12     1.30    -9999
JUNGFRAU   031028 300  231500-232000   00     287.74  494.3    323.80     1.80    -9999
JUNGFRAU   031028 300  232000-232500   00     288.73  494.3    324.79     2.20    -9999
JUNGFRAU   031028 300  232500-233000   00     288.01  494.3    323.98     1.90    -9999
JUNGFRAU   031028 300  233000-233500   00     286.47  494.2    322.06     1.30    -9999
JUNGFRAU   031028 300  233500-234000   00     288.41  494.2    324.12     1.90    -9999
JUNGFRAU   031028 300  234000-234500   00     286.38  494.2    321.96     1.30    -9999
JUNGFRAU   031028 300  234500-235000   00     288.97  494.1    324.56     2.10    -9999
JUNGFRAU   031028 300  235000-235500   00     288.31  494.1    323.95     1.90    -9999
JUNGFRAU   031028 300  235500-240000   00     287.35  494.1    322.74     1.50    -9999
JUNGFRAU   031029 300  000000-000500   00     286.33  494.1    321.60     1.20    -9999
JUNGFRAU   031029 300  000500-001000   00     288.26  494.1    323.77     1.80    -9999
JUNGFRAU   031029 300  001000-001500   00     286.76  494.1    322.14     1.30    -9999
JUNGFRAU   031029 300  001500-002000   00     288.70  494.0    324.01     1.90    -9999
JUNGFRAU   031029 300  002000-002500   00     286.14  494.0    321.08     1.00    -9999
JUNGFRAU   031029 300  002500-003000   00     287.53  494.0    322.58     1.50    -9999
JUNGFRAU   031029 300  003000-003500   00     289.01  494.0    324.37     2.00    -9999
JUNGFRAU   031029 300  003500-004000   00     286.95  494.0    321.86     1.20    -9999
JUNGFRAU   031029 300  004000-004500   00     287.27  494.0    322.22     1.40    -9999
JUNGFRAU   031029 300  004500-005000   00     291.98  493.9    327.25     2.90    -9999
JUNGFRAU   031029 300  005000-005500   00     287.97  493.8    322.62     1.50    -9999
JUNGFRAU   031029 300  005500-010000   00     287.13  493.8    321.57     1.10    -9999
JUNGFRAU   031029 300  010000-010500   00     292.38  493.8    327.45     3.00    -9999
JUNGFRAU   031029 300  010500-011000   00     291.28  493.7    326.03     2.50    -9999
JUNGFRAU   031029 300  011000-011500   00     288.87  493.6    322.96     1.60    -9999
JUNGFRAU   031029 300  011500-012000   00     290.17  493.6    324.34     2.00    -9999
JUNGFRAU   031029 300  012000-012500   00     292.96  493.5    327.21     2.90    -9999
JUNGFRAU   031029 300  012500-013000   00     289.13  493.5    322.88     1.50    -9999
JUNGFRAU   031029 300  013000-013500   00     291.10  493.5    325.02     2.20    -9999
JUNGFRAU   031029 300  013500-014000   00     291.31  493.4    325.00     2.20    -9999
JUNGFRAU   031029 300  014000-014500   00     293.23  493.4    327.08     2.90    -9999
JUNGFRAU   031029 300  014500-015000   00     294.45  493.3    328.19     3.20    -9999
JUNGFRAU   031029 300  015000-015500   00     289.86  493.2    322.83     1.50    -9999
JUNGFRAU   031029 300  015500-020000   00     291.43  493.2    324.51     2.10    -9999
JUNGFRAU   031029 300  020000-020500   00     291.54  493.2    324.64     2.10    -9999
JUNGFRAU   031029 300  020500-021000   00     291.45  493.2    324.53     2.10    -9999
JUNGFRAU   031029 300  021000-021500   00     292.54  493.2    325.69     2.40    -9999
JUNGFRAU   031029 300  021500-022000   00     291.52  493.1    324.24     2.00    -9999
JUNGFRAU   031029 300  022000-022500   00     294.89  493.0    327.74     3.10    -9999
JUNGFRAU   031029 300  022500-023000   00     292.85  492.9    325.22     2.30    -9999
JUNGFRAU   031029 300  023000-023500   00     293.12  492.9    325.58     2.40    -9999
JUNGFRAU   031029 300  023500-024000   00     291.41  492.9    323.55     1.80    -9999
JUNGFRAU   031029 300  024000-024500   00     294.21  492.9    326.60     2.70    -9999
JUNGFRAU   031029 300  024500-025000   00     295.23  492.8    327.55     3.00    -9999
JUNGFRAU   031029 300  025000-025500   00     295.82  492.8    328.20     3.20    -9999
JUNGFRAU   031029 300  025500-030000   00     293.71  492.8    325.79     2.50    -9999
JUNGFRAU   031029 300  030000-030500   00     292.86  492.8    324.79     2.10    -9999
JUNGFRAU   031029 300  030500-031000   00     294.58  492.7    326.51     2.70    -9999
JUNGFRAU   031029 300  031000-031500   00     291.41  492.7    323.00     1.60    -9999
JUNGFRAU   031029 300  031500-032000   00     293.00  492.6    324.52     2.10    -9999
JUNGFRAU   031029 300  032000-032500   00     292.75  492.6    324.17     2.00    -9999
JUNGFRAU   031029 300  032500-033000   00     290.84  492.6    321.99     1.30    -9999
JUNGFRAU   031029 300  033000-033500   00     292.59  492.6    323.80     1.80    -9999
JUNGFRAU   031029 300  033500-034000   00     295.95  492.5    327.34     3.00    -9999
JUNGFRAU   031029 300  034000-034500   00     291.67  492.5    322.47     1.40    -9999
JUNGFRAU   031029 300  034500-035000   00     296.45  492.4    327.58     3.00    -9999
JUNGFRAU   031029 300  035000-035500   00     295.06  492.4    326.05     2.60    -9999
JUNGFRAU   031029 300  035500-040000   00     292.35  492.4    322.98     1.60    -9999
JUNGFRAU   031029 300  040000-040500   00     291.51  492.3    321.86     1.20    -9999
JUNGFRAU   031029 300  040500-041000   00     294.24  492.3    324.82     2.20    -9999
JUNGFRAU   031029 300  041000-041500   00     295.59  492.3    326.32     2.60    -9999
JUNGFRAU   031029 300  041500-042000   00     297.56  492.3    328.36     3.30    -9999
JUNGFRAU   031029 300  042000-042500   00     297.16  492.3    328.04     3.20    -9999
JUNGFRAU   031029 300  042500-043000   00     297.91  492.2    328.62     3.40    -9999
JUNGFRAU   031029 300  043000-043500   00     295.82  492.2    326.25     2.60    -9999
JUNGFRAU   031029 300  043500-044000   00     298.49  492.2    329.19     3.60    -9999
JUNGFRAU   031029 300  044000-044500   00     299.02  492.2    329.65     3.70    -9999
JUNGFRAU   031029 300  044500-045000   00     296.29  492.1    326.51     2.70    -9999
JUNGFRAU   031029 300  045000-045500   00     293.98  492.1    323.84     1.80    -9999
JUNGFRAU   031029 300  045500-050000   00     296.41  492.1    326.59     2.70    -9999
JUNGFRAU   031029 300  050000-050500   00     294.78  492.1    324.79     2.20    -9999
JUNGFRAU   031029 300  050500-051000   00     295.12  492.0    324.80     2.10    -9999
JUNGFRAU   031029 300  051000-051500   00     296.03  491.8    325.29     2.30    -9999
JUNGFRAU   031029 300  051500-052000   00     295.74  491.8    324.90     2.20    -9999
JUNGFRAU   031029 300  052000-052500   00     296.34  491.7    325.25     2.30    -9999
JUNGFRAU   031029 300  052500-053000   00     300.17  491.7    329.46     3.60    -9999
JUNGFRAU   031029 300  053000-053500   00     300.82  491.7    330.18     3.80    -9999
JUNGFRAU   031029 300  053500-054000   00     298.86  491.6    327.65     3.00    -9999
JUNGFRAU   031029 300  054000-054500   00     300.77  491.6    329.87     3.80    -9999
JUNGFRAU   031029 300  054500-055000   00     304.18  491.6    333.42     4.90    -9999
JUNGFRAU   031029 300  055000-055500   00     301.52  491.5    330.19     3.90    -9999
JUNGFRAU   031029 300  055500-060000   00     304.69  491.4    333.46     4.90    -9999
JUNGFRAU   031029 300  060000-060500   00     306.04  491.4    334.95     5.40    -9999
JUNGFRAU   031029 300  060500-061000   00     303.45  491.4    332.11     4.50    -9999
JUNGFRAU   031029 300  061000-061500   00     302.21  491.4    330.74     4.00    -9999
JUNGFRAU   031029 300  061500-062000   00     303.64  491.4    332.20     4.50    -9999
JUNGFRAU   031029 300  062000-062500   00     301.54  491.3    329.64     3.70    -9999
JUNGFRAU   031029 300  062500-063000   00     297.53  491.2    325.00     2.20    -9999
JUNGFRAU   031029 300  063000-063500   00     294.83  491.3    322.36     1.40    -9999
JUNGFRAU   031029 300  063500-064000   00     288.57  491.3    315.52    -0.80    -9999
JUNGFRAU   031029 300  064000-064500   00     288.02  491.3    314.85    -1.00    -9999
JUNGFRAU   031029 300  064500-065000   00     289.28  491.3    316.36    -0.50    -9999
JUNGFRAU   031029 300  065000-065500   00     293.09  491.2    320.16     0.70    -9999
JUNGFRAU   031029 300  065500-070000   00     295.98  491.3    323.55     1.80    -9999
JUNGFRAU   031029 300  070000-070500   00     299.02  491.2    326.57     2.70    -9999
JUNGFRAU   031029 300  070500-071000   00     293.07  491.1    319.89     0.60    -9999
JUNGFRAU   031029 300  071000-071500   00     295.09  491.1    322.02     1.30    -9999
JUNGFRAU   031029 300  071500-072000   00     295.36  491.1    322.26     1.40    -9999
JUNGFRAU   031029 300  072000-072500   00     295.39  491.0    322.16     1.30    -9999
JUNGFRAU   031029 300  072500-073000   00     300.19  491.0    327.16     2.90    -9999
JUNGFRAU   031029 300  073000-073500   00     292.67  490.9    318.77     0.30    -9999
JUNGFRAU   031029 300  073500-074000   00     294.14  490.9    320.44     0.80    -9999
JUNGFRAU   031029 300  074000-074500   00     294.75  490.8    320.79     0.90    -9999
JUNGFRAU   031029 300  074500-075000   00     296.55  490.8    322.69     1.50    -9999
JUNGFRAU   031029 300  075000-075500   00     291.73  490.8    317.45    -0.20    -9999
JUNGFRAU   031029 300  075500-080000   00     294.71  490.8    320.69     0.80    -9999
JUNGFRAU   031029 300  080000-080500   00     294.37  490.8    320.32     0.70    -9999
JUNGFRAU   031029 300  080500-081000   00     291.94  490.8    317.67    -0.10    -9999
JUNGFRAU   031029 300  081000-081500   00     291.22  490.7    316.59    -0.40    -9999
JUNGFRAU   031029 300  081500-082000   00     288.59  490.7    313.74    -1.30    -9999
JUNGFRAU   031029 300  082000-082500   00     287.90  490.6    312.74    -1.60    -9999
JUNGFRAU   031029 300  082500-083000   00     292.42  490.5    317.34    -0.20    -9999
JUNGFRAU   031029 300  083000-083500   00     293.99  490.5    318.99     0.30    -9999
JUNGFRAU   031029 300  083500-084000   00     297.70  490.5    323.01     1.60    -9999
JUNGFRAU   031029 300  084000-084500   00     296.33  490.4    321.34     1.10    -9999
JUNGFRAU   031029 300  084500-085000   00     298.13  490.4    323.04     1.60    -9999
JUNGFRAU   031029 300  085000-085500   00     299.95  490.3    324.71     2.10    -9999
JUNGFRAU   031029 300  085500-090000   00     298.64  490.2    323.17     1.60    -9999
JUNGFRAU   031029 300  090000-090500   00     297.45  490.2    321.80     1.20    -9999
JUNGFRAU   031029 300  090500-091000   00     294.92  490.2    319.08     0.40    -9999
JUNGFRAU   031029 300  091000-091500   00     289.92  490.2    313.66    -1.30    -9999
JUNGFRAU   031029 300  091500-092000   00     293.86  490.1    317.68    -0.10    -9999
JUNGFRAU   031029 300  092000-092500   00     290.61  490.0    313.92    -1.30    -9999
JUNGFRAU   031029 300  092500-093000   00     292.24  490.0    315.45    -0.80    -9999
JUNGFRAU   031029 300  093000-093500   00     290.02  489.9    312.86    -1.60    -9999
JUNGFRAU   031029 300  093500-094000   00     291.77  489.9    314.76    -1.00    -9999
JUNGFRAU   031029 300  094000-094500   00     291.82  489.9    314.75    -1.00    -9999
JUNGFRAU   031029 300  094500-095000   00     291.41  489.9    314.37    -1.10    -9999
JUNGFRAU   031029 300  095000-095500   00     291.26  489.9    314.21    -1.20    -9999
JUNGFRAU   031029 300  095500-100000   00     290.47  489.9    313.23    -1.50    -9999
JUNGFRAU   031029 300  100000-100500   00     290.59  489.9    313.47    -1.40    -9999
JUNGFRAU   031029 300  100500-101000   00     291.32  489.9    314.21    -1.20    -9999
JUNGFRAU   031029 300  101000-101500   00     291.97  489.9    314.97    -0.90    -9999
JUNGFRAU   031029 300  101500-102000   00     291.56  489.9    314.47    -1.10    -9999
JUNGFRAU   031029 300  102000-102500   00     290.40  489.8    312.97    -1.60    -9999
JUNGFRAU   031029 300  102500-103000   00     292.81  489.7    315.34    -0.80    -9999
JUNGFRAU   031029 300  103000-103500   00     291.71  489.6    313.79    -1.30    -9999
JUNGFRAU   031029 300  103500-104000   00     291.88  489.6    313.85    -1.30    -9999
JUNGFRAU   031029 300  104000-104500   00     293.19  489.5    315.14    -0.90    -9999
JUNGFRAU   031029 300  104500-105000   00     290.44  489.5    312.07    -1.80    -9999
JUNGFRAU   031029 300  105000-105500   00     285.95  489.4    307.01    -3.40    -9999
JUNGFRAU   031029 300  105500-110000   00     288.76  489.4    309.91    -2.50    -9999
JUNGFRAU   031029 300  110000-110500   00     286.26  489.4    307.34    -3.30    -9999
JUNGFRAU   031029 300  110500-111000   00     283.76  489.3    304.48    -4.20    -9999
JUNGFRAU   031029 300  111000-111500   00     283.44  489.3    304.01    -4.40    -9999
JUNGFRAU   031029 300  111500-112000   00     281.51  489.3    301.94    -5.00    -9999
JUNGFRAU   031029 300  112000-112500   00     278.29  489.3    298.37    -6.20    -9999
JUNGFRAU   031029 300  112500-113000   00     281.29  489.2    301.54    -5.20    -9999
JUNGFRAU   031029 300  113000-113500   00     279.54  489.2    299.43    -5.80    -9999
JUNGFRAU   031029 300  113500-114000   00     278.51  489.0    297.92    -6.30    -9999
JUNGFRAU   031029 300  114000-114500   00     277.45  489.0    296.73    -6.60    -9999
JUNGFRAU   031029 300  114500-115000   00     278.50  489.0    297.86    -6.30    -9999
JUNGFRAU   031029 300  115000-115500   00     274.10  489.0    293.04    -7.80    -9999
JUNGFRAU   031029 300  115500-120000   00     277.63  488.9    296.53    -6.70    -9999
JUNGFRAU   031029 3600 120000-130000   20     270.62  488.5    288.05    -9.40    -9999
JUNGFRAU   031029 3600 130000-140000   20     252.32  487.9    267.10   -16.00    -9999
JUNGFRAU   031029 3600 140000-150000   20     245.80  487.5    259.11   -18.50    -9999
JUNGFRAU   031029 3600 150000-160000   20     239.95  487.1    251.94   -20.80    -9999
JUNGFRAU   031029 3600 160000-170000   20     244.79  486.7    256.07   -19.50    -9999
JUNGFRAU   031029 3600 170000-180000   20     241.23  486.6    252.01   -20.70    -9999
JUNGFRAU   031029 3600 180000-190000   20     255.59  486.2    266.16   -16.30    -9999
JUNGFRAU   031029 3600 190000-200000   20     263.24  485.9    273.33   -14.00    -9999
JUNGFRAU   031029 3600 200000-210000   20     263.76  485.6    273.15   -14.10    -9999
JUNGFRAU   031029 3600 210000-220000   20     261.31  485.4    269.93   -15.10    -9999
JUNGFRAU   031029 3600 220000-230000   20     258.63  484.8    265.72   -16.40    -9999
JUNGFRAU   031029 3600 230000-240000   20     267.89  484.4    274.16   -13.80    -9999
*
COMMENT    FOR DETAILS SEE SPECIAL REPORT (AVAILABLE UPON REQUEST).
COMMENT UNIVERISTY OF OULU: FILE GENERATED FROM DATABASE AND OBTAINED FROM
COMMENT https://gle.oulu.fi at 2023-04-03 12:51:18 +00:00
COMMENT FOR HISTORICAL/ORIGINAL TEXT FILES SEE https://gle.oulu.fi/txtarchive/
COMMENT ORIGINAL AT https://gle.oulu.fi/txtarchive/GLE65/C065JUNG.DAT
COMMENT DETRENDED DATA SHOW -9999 IF EQUAL TO INC% COLUMN 