SANAE8     LATITUDE    -71.67    LONGITUDE     -2.85     ALTITUDE    856 M
SANAE8     INSTRUMENT   4NM80    NEUTRON MONITOR	
SANAE8     STANDARD PRESSURE    892     mb     COEFFICIENT   -0.757    % / mb
SANAE8     PRE-INCREASE BASELINE TIME INTERVAL    031028    100000-110000   UT
SANAE8     PRE-INCREASE AVERAGE COUNTING RATE      5.98      COUNTS PER SECOND
SANAE8     TIME INTERVALS    300         3600     
SANAE8     SCALE FACTORS     1           1        
STATION    YYMMDD  SEC   TIME (UT)   CODE    UNCORR. PRESS.    CORR.    % INC.	DETRENDED
                         INTERVAL    TD      C/S     (mb)      C/S
SANAE8     031027 3600 000000-010000   00       6.16  890.8      6.11     2.00    -9999
SANAE8     031027 3600 010000-020000   00       6.18  891.1      6.14     2.60    -9999
SANAE8     031027 3600 020000-030000   00       6.13  891.4      6.10     2.00    -9999
SANAE8     031027 3600 030000-040000   00       6.23  891.3      6.20     3.60    -9999
SANAE8     031027 3600 040000-050000   00       6.26  891.2      6.22     4.00    -9999
SANAE8     031027 3600 050000-060000   00       6.21  891.7      6.19     3.50    -9999
SANAE8     031027 3600 060000-070000   00       6.24  892.0      6.24     4.20    -9999
SANAE8     031027 3600 070000-080000   00       6.14  892.3      6.16     2.90    -9999
SANAE8     031027 3600 080000-090000   00       6.11  892.2      6.12     2.30    -9999
SANAE8     031027 3600 090000-100000   00       6.20  892.2      6.21     3.80    -9999
SANAE8     031027 3600 100000-110000   00       6.19  892.3      6.20     3.60    -9999
SANAE8     031027 3600 110000-120000   00       6.25  892.4      6.27     4.70    -9999
SANAE8     031027 3600 120000-130000   00       6.19  892.9      6.23     4.20    -9999
SANAE8     031027 3600 130000-140000   00       6.16  893.0      6.21     3.80    -9999
SANAE8     031027 3600 140000-150000   00       6.16  893.0      6.21     3.80    -9999
SANAE8     031027 3600 150000-160000   00       6.21  892.8      6.25     4.40    -9999
SANAE8     031027 3600 160000-170000   00       6.18  892.9      6.22     4.00    -9999
SANAE8     031027 3600 170000-180000   00       6.16  892.9      6.20     3.60    -9999
SANAE8     031027 3600 180000-190000   00       6.12  893.0      6.16     3.00    -9999
SANAE8     031027 3600 190000-200000   00       6.23  892.9      6.27     4.80    -9999
SANAE8     031027 3600 200000-210000   00       6.21  892.6      6.23     4.20    -9999
SANAE8     031027 3600 210000-220000   00       6.21  892.4      6.23     4.10    -9999
SANAE8     031027 3600 220000-230000   00       6.17  892.4      6.19     3.40    -9999
SANAE8     031027 3600 230000-240000   00       6.18  892.5      6.20     3.60    -9999
SANAE8     031028 3600 000000-010000   00       6.22  892.2      6.23     4.10    -9999
SANAE8     031028 3600 010000-020000   00       6.30  892.1      6.30     5.30    -9999
SANAE8     031028 3600 020000-030000   00       6.16  891.8      6.15     2.80    -9999
SANAE8     031028 3600 030000-040000   00       6.12  891.7      6.11     2.00    -9999
SANAE8     031028 3600 040000-050000   00       5.87  891.7      5.86    -2.00    -9999
SANAE8     031028 3600 050000-060000   00       5.89  891.6      5.87    -1.90    -9999
SANAE8     031028 3600 060000-070000   00       5.85  891.8      5.84    -2.40    -9999
SANAE8     031028 3600 070000-080000   00       5.80  892.1      5.81    -3.00    -9999
SANAE8     031028 3600 080000-090000   00       5.90  892.1      5.90    -1.40    -9999
SANAE8     031028 3600 090000-100000   00       6.00  892.1      6.01     0.40    -9999
SANAE8     031028 300  100000-100500   00       6.02  892.0      6.02     0.70    -9999
SANAE8     031028 300  100500-101000   00       5.99  892.0      5.99     0.20    -9999
SANAE8     031028 300  101000-101500   00       6.09  892.0      6.09     1.80    -9999
SANAE8     031028 300  101500-102000   00       5.88  892.0      5.88    -1.70    -9999
SANAE8     031028 300  102000-102500   00       5.99  892.0      5.99     0.10    -9999
SANAE8     031028 300  102500-103000   00       5.87  892.0      5.87    -1.90    -9999
SANAE8     031028 300  103000-103500   00       6.07  892.1      6.07     1.40    -9999
SANAE8     031028 300  103500-104000   00       5.91  892.1      5.91    -1.20    -9999
SANAE8     031028 300  104000-104500   00       6.11  892.1      6.11     2.20    -9999
SANAE8     031028 300  104500-105000   00       5.70  892.1      5.71    -4.60    -9999
SANAE8     031028 300  105000-105500   00       6.10  892.1      6.10     1.90    -9999
SANAE8     031028 300  105500-110000   00       6.08  892.1      6.08     1.60    -9999
SANAE8     031028 300  110000-110500   00       5.79  892.1      5.79    -3.30    -3.66
SANAE8     031028 300  110500-111000   00       5.99  892.1      5.99     0.10    -0.27
SANAE8     031028 300  111000-111500   00       5.90  892.1      5.90    -1.30    -1.68
SANAE8     031028 300  111500-112000   00       6.13  892.1      6.13     2.50     2.11
SANAE8     031028 300  112000-112500   00       6.11  892.1      6.12     2.20     1.80
SANAE8     031028 300  112500-113000   00       6.24  892.1      6.25     4.40     3.99
SANAE8     031028 300  113000-113500   00       6.44  892.1      6.44     7.70     7.28
SANAE8     031028 300  113500-114000   00       6.11  892.1      6.11     2.10     1.67
SANAE8     031028 300  114000-114500   00       6.52  892.1      6.52     9.00     8.56
SANAE8     031028 300  114500-115000   00       6.25  892.1      6.26     4.50     4.05
SANAE8     031028 300  115000-115500   00       6.60  892.1      6.61    10.40     9.94
SANAE8     031028 300  115500-120000   00       6.74  892.1      6.74    12.70    12.23
SANAE8     031028 300  120000-120500   00       6.62  892.1      6.62    10.60    10.12
SANAE8     031028 300  120500-121000   00       6.86  892.1      6.86    14.70    14.21
SANAE8     031028 300  121000-121500   00       6.78  892.1      6.79    13.40    12.90
SANAE8     031028 300  121500-122000   00       6.64  892.1      6.65    11.00    10.49
SANAE8     031028 300  122000-122500   00       6.65  892.1      6.65    11.10    10.58
SANAE8     031028 300  122500-123000   00       6.70  892.1      6.71    12.10    11.57
SANAE8     031028 300  123000-123500   00       6.49  892.0      6.49     8.50     7.96
SANAE8     031028 300  123500-124000   00       6.32  892.0      6.32     5.60     5.05
SANAE8     031028 300  124000-124500   00       6.73  892.0      6.73    12.60    12.04
SANAE8     031028 300  124500-125000   00       6.77  892.0      6.77    13.20    12.63
SANAE8     031028 300  125000-125500   00       6.71  892.0      6.71    12.10    11.52
SANAE8     031028 300  125500-130000   00       6.49  892.0      6.49     8.50     7.91
SANAE8     031028 300  130000-130500   00       6.70  892.0      6.70    12.00    11.39
SANAE8     031028 300  130500-131000   00       6.72  892.0      6.72    12.30    11.68
SANAE8     031028 300  131000-131500   00       6.54  891.9      6.54     9.30     8.67
SANAE8     031028 300  131500-132000   00       6.89  891.9      6.89    15.10    14.46
SANAE8     031028 300  132000-132500   00       6.85  891.9      6.85    14.40    13.75
SANAE8     031028 300  132500-133000   00       6.72  891.9      6.71    12.20    11.54
SANAE8     031028 300  133000-133500   00       6.80  891.8      6.80    13.60    12.93
SANAE8     031028 300  133500-134000   00       7.13  891.8      7.12    19.00    18.32
SANAE8     031028 300  134000-134500   00       6.83  891.8      6.82    13.90    13.21
SANAE8     031028 300  134500-135000   00       6.92  891.8      6.91    15.50    14.80
SANAE8     031028 300  135000-135500   00       6.79  891.7      6.78    13.30    12.59
SANAE8     031028 300  135500-140000   00       6.96  891.7      6.95    16.10    15.38
SANAE8     031028 300  140000-140500   00       6.72  891.7      6.70    12.00    11.27
SANAE8     031028 300  140500-141000   00       7.01  891.7      7.00    16.90    16.16
SANAE8     031028 300  141000-141500   00       6.96  891.6      6.94    15.90    15.15
SANAE8     031028 300  141500-142000   00       6.80  891.6      6.78    13.30    12.54
SANAE8     031028 300  142000-142500   00       6.87  891.6      6.85    14.50    13.73
SANAE8     031028 300  142500-143000   00       7.12  891.6      7.10    18.60    17.82
SANAE8     031028 300  143000-143500   00       6.69  891.5      6.67    11.50    10.71
SANAE8     031028 300  143500-144000   00       6.67  891.5      6.64    11.00    10.20
SANAE8     031028 300  144000-144500   00       6.65  891.5      6.62    10.70     9.89
SANAE8     031028 300  144500-145000   00       6.84  891.5      6.81    13.80    12.98
SANAE8     031028 300  145000-145500   00       6.81  891.4      6.78    13.40    12.57
SANAE8     031028 300  145500-150000   00       6.74  891.4      6.71    12.10    11.26
SANAE8     031028 300  150000-150500   00       6.83  891.4      6.80    13.70    12.85
SANAE8     031028 300  150500-151000   00       6.71  891.4      6.68    11.70    10.84
SANAE8     031028 300  151000-151500   00       7.03  891.4      6.99    16.90    16.03
SANAE8     031028 300  151500-152000   00       6.63  891.4      6.60    10.20     9.32
SANAE8     031028 300  152000-152500   00       6.72  891.4      6.69    11.80    10.91
SANAE8     031028 300  152500-153000   00       6.68  891.4      6.65    11.20    10.30
SANAE8     031028 300  153000-153500   00       6.91  891.3      6.88    15.00    14.09
SANAE8     031028 300  153500-154000   00       6.84  891.3      6.81    13.70    12.78
SANAE8     031028 300  154000-154500   00       6.94  891.3      6.91    15.40    14.47
SANAE8     031028 300  154500-155000   00       6.78  891.3      6.74    12.70    11.76
SANAE8     031028 300  155000-155500   00       6.71  891.3      6.68    11.60    10.65
SANAE8     031028 300  155500-160000   00       7.01  891.3      6.97    16.50    15.54
SANAE8     031028 300  160000-160500   00       6.88  891.3      6.84    14.40    13.43
SANAE8     031028 300  160500-161000   00       6.71  891.3      6.67    11.50    10.52
SANAE8     031028 300  161000-161500   00       6.83  891.3      6.79    13.50    12.51
SANAE8     031028 300  161500-162000   00       6.57  891.3      6.53     9.20     8.20
SANAE8     031028 300  162000-162500   00       6.94  891.3      6.90    15.30    14.29
SANAE8     031028 300  162500-163000   00       6.91  891.3      6.87    14.80    13.78
SANAE8     031028 300  163000-163500   00       6.70  891.2      6.67    11.40    10.37
SANAE8     031028 300  163500-164000   00       6.77  891.2      6.73    12.40    11.36
SANAE8     031028 300  164000-164500   00       6.63  891.2      6.60    10.20     9.15
SANAE8     031028 300  164500-165000   00       6.92  891.2      6.88    15.00    13.94
SANAE8     031028 300  165000-165500   00       6.73  891.2      6.69    11.80    10.73
SANAE8     031028 300  165500-170000   00       6.71  891.2      6.67    11.50    10.42
SANAE8     031028 300  170000-170500   00       6.70  891.2      6.66    11.40    10.31
SANAE8     031028 300  170500-171000   00       6.94  891.2      6.90    15.20    14.10
SANAE8     031028 300  171000-171500   00       6.97  891.2      6.93    15.80    14.69
SANAE8     031028 300  171500-172000   00       7.01  891.2      6.97    16.50    15.38
SANAE8     031028 300  172000-172500   00       6.94  891.2      6.90    15.20    14.07
SANAE8     031028 300  172500-173000   00       6.80  891.2      6.76    12.90    11.76
SANAE8     031028 300  173000-173500   00       6.88  891.1      6.83    14.20    13.05
SANAE8     031028 300  173500-174000   00       6.73  891.1      6.69    11.80    10.64
SANAE8     031028 300  174000-174500   00       6.70  891.1      6.65    11.20    10.03
SANAE8     031028 300  174500-175000   00       6.87  891.1      6.82    14.10    12.92
SANAE8     031028 300  175000-175500   00       6.75  891.1      6.71    12.10    10.91
SANAE8     031028 300  175500-180000   00       6.53  891.1      6.48     8.30     7.10
SANAE8     031028 300  180000-180500   00       7.03  891.1      6.98    16.60    15.39
SANAE8     031028 300  180500-181000   00       6.90  891.1      6.85    14.50    13.28
SANAE8     031028 300  181000-181500   00       6.82  891.1      6.77    13.20    11.97
SANAE8     031028 300  181500-182000   00       6.84  891.1      6.79    13.50    12.26
SANAE8     031028 300  182000-182500   00       6.64  891.1      6.59    10.10     8.85
SANAE8     031028 300  182500-183000   00       6.70  891.1      6.65    11.20     9.94
SANAE8     031028 300  183000-183500   00       6.76  891.0      6.71    12.10    10.83
SANAE8     031028 300  183500-184000   00       6.79  891.0      6.74    12.70    11.42
SANAE8     031028 300  184000-184500   00       6.99  891.0      6.94    16.00    14.71
SANAE8     031028 300  184500-185000   00       7.13  891.0      7.08    18.30    17.00
SANAE8     031028 300  185000-185500   00       6.54  891.0      6.49     8.50     7.19
SANAE8     031028 300  185500-190000   00       6.53  891.0      6.48     8.30     6.98
SANAE8     031028 300  190000-190500   00       6.91  891.0      6.85    14.60    13.27
SANAE8     031028 300  190500-191000   00       6.52  891.0      6.48     8.20     6.86
SANAE8     031028 300  191000-191500   00       6.88  891.0      6.82    14.10    12.75
SANAE8     031028 300  191500-192000   00       6.84  891.0      6.79    13.40    12.04
SANAE8     031028 300  192000-192500   00       6.82  891.0      6.76    13.00    11.63
SANAE8     031028 300  192500-193000   00       6.58  891.0      6.53     9.20     7.82
SANAE8     031028 300  193000-193500   00       6.95  890.9      6.90    15.30    13.91
SANAE8     031028 300  193500-194000   00       6.83  890.9      6.77    13.20    11.80
SANAE8     031028 300  194000-194500   00       6.82  890.9      6.76    13.00    11.59
SANAE8     031028 300  194500-195000   00       6.69  890.9      6.64    10.90     9.48
SANAE8     031028 300  195000-195500   00       6.64  890.9      6.58    10.00     8.57
SANAE8     031028 300  195500-200000   00       6.72  890.9      6.66    11.30     9.86
SANAE8     031028 300  200000-200500   00       6.48  890.9      6.42     7.40     5.95
SANAE8     031028 300  200500-201000   00       6.55  890.9      6.50     8.50     7.04
SANAE8     031028 300  201000-201500   00       6.84  890.9      6.78    13.30    11.83
SANAE8     031028 300  201500-202000   00       6.84  890.9      6.78    13.30    11.82
SANAE8     031028 300  202000-202500   00       6.69  890.9      6.63    10.80     9.31
SANAE8     031028 300  202500-203000   00       6.62  890.9      6.56     9.70     8.20
SANAE8     031028 300  203000-203500   00       6.43  890.8      6.38     6.50     4.99
SANAE8     031028 300  203500-204000   00       6.68  890.8      6.62    10.60     9.08
SANAE8     031028 300  204000-204500   00       6.57  890.8      6.51     8.90     7.37
SANAE8     031028 300  204500-205000   00       6.55  890.8      6.49     8.40     6.86
SANAE8     031028 300  205000-205500   00       6.35  890.8      6.30     5.30     3.75
SANAE8     031028 300  205500-210000   00       6.80  890.8      6.74    12.70    11.14
SANAE8     031028 300  210000-210500   00       6.51  890.8      6.45     7.70     6.13
SANAE8     031028 300  210500-211000   00       6.51  890.8      6.45     7.80     6.22
SANAE8     031028 300  211000-211500   00       6.54  890.8      6.48     8.30     6.71
SANAE8     031028 300  211500-212000   00       6.55  890.8      6.49     8.40     6.80
SANAE8     031028 300  212000-212500   00       6.68  890.8      6.62    10.60     8.99
SANAE8     031028 300  212500-213000   00       6.55  890.8      6.49     8.40     6.78
SANAE8     031028 300  213000-213500   00       6.67  890.7      6.60    10.40     8.77
SANAE8     031028 300  213500-214000   00       6.81  890.7      6.74    12.70    11.06
SANAE8     031028 300  214000-214500   00       6.74  890.7      6.67    11.50     9.85
SANAE8     031028 300  214500-215000   00       6.62  890.7      6.56     9.60     7.94
SANAE8     031028 300  215000-215500   00       6.66  890.7      6.60    10.30     8.63
SANAE8     031028 300  215500-220000   00       6.67  890.7      6.61    10.40     8.72
SANAE8     031028 300  220000-220500   00       6.51  890.7      6.44     7.70     6.01
SANAE8     031028 300  220500-221000   00       6.46  890.7      6.40     6.90     5.20
SANAE8     031028 300  221000-221500   00       6.61  890.7      6.54     9.40     7.69
SANAE8     031028 300  221500-222000   00       6.57  890.7      6.51     8.80     7.08
SANAE8     031028 300  222000-222500   00       6.54  890.7      6.48     8.30     6.57
SANAE8     031028 300  222500-223000   00       6.45  890.7      6.39     6.90     5.16
SANAE8     031028 300  223000-223500   00       6.63  890.7      6.57     9.70     7.95
SANAE8     031028 300  223500-224000   00       6.58  890.7      6.52     8.90     7.14
SANAE8     031028 300  224000-224500   00       6.45  890.7      6.39     6.80     5.03
SANAE8     031028 300  224500-225000   00       6.72  890.7      6.65    11.20     9.42
SANAE8     031028 300  225000-225500   00       6.43  890.7      6.36     6.40     4.61
SANAE8     031028 300  225500-230000   00       6.57  890.7      6.50     8.70     6.90
SANAE8     031028 300  230000-230500   00       6.32  890.7      6.25     4.50     2.69
SANAE8     031028 300  230500-231000   00       6.71  890.7      6.64    11.00     9.17
SANAE8     031028 300  231000-231500   00       6.68  890.7      6.61    10.50     8.66
SANAE8     031028 300  231500-232000   00       6.83  890.6      6.76    12.90    11.05
SANAE8     031028 300  232000-232500   00       6.43  890.6      6.37     6.40     4.54
SANAE8     031028 300  232500-233000   00       6.83  890.6      6.75    12.90    11.03
SANAE8     031028 300  233000-233500   00       6.60  890.6      6.53     9.10     7.22
SANAE8     031028 300  233500-234000   00       6.56  890.6      6.49     8.40     6.51
SANAE8     031028 300  234000-234500   00       6.69  890.6      6.62    10.60     8.70
SANAE8     031028 300  234500-235000   00       6.82  890.5      6.74    12.70    10.79
SANAE8     031028 300  235000-235500   00       6.57  890.5      6.50     8.60     6.68
SANAE8     031028 300  235500-240000   00       6.60  890.5      6.53     9.10     7.17
SANAE8     031029 300  000000-000500   00       6.52  890.5      6.45     7.80     5.86
SANAE8     031029 300  000500-001000   00       6.61  890.5      6.54     9.30     7.35
SANAE8     031029 300  001000-001500   00       6.76  890.5      6.68    11.70     9.74
SANAE8     031029 300  001500-002000   00       6.43  890.5      6.35     6.20     4.23
SANAE8     031029 300  002000-002500   00       6.58  890.5      6.51     8.70     6.72
SANAE8     031029 300  002500-003000   00       6.57  890.5      6.49     8.50     6.51
SANAE8     031029 300  003000-003500   00       6.42  890.4      6.35     6.10     4.10
SANAE8     031029 300  003500-004000   00       6.52  890.4      6.45     7.70     5.69
SANAE8     031029 300  004000-004500   00       6.38  890.4      6.31     5.40     3.38
SANAE8     031029 300  004500-005000   00       6.42  890.4      6.34     6.00     3.97
SANAE8     031029 300  005000-005500   00       6.71  890.4      6.63    10.90     8.86
SANAE8     031029 300  005500-010000   00       6.53  890.4      6.45     7.70     5.65
SANAE8     031029 300  010000-010500   00       6.56  890.4      6.48     8.30     6.24
SANAE8     031029 300  010500-011000   00       6.65  890.4      6.57     9.80     7.73
SANAE8     031029 300  011000-011500   00       6.65  890.4      6.57     9.70     7.62
SANAE8     031029 300  011500-012000   00       6.65  890.4      6.57     9.80     7.71
SANAE8     031029 300  012000-012500   00       6.65  890.4      6.57     9.80     7.70
SANAE8     031029 300  012500-013000   00       6.66  890.4      6.59    10.00     7.89
SANAE8     031029 300  013000-013500   00       6.68  890.4      6.60    10.40     8.28
SANAE8     031029 300  013500-014000   00       6.51  890.4      6.43     7.50     5.37
SANAE8     031029 300  014000-014500   00       6.49  890.4      6.42     7.20     5.06
SANAE8     031029 300  014500-015000   00       6.70  890.4      6.62    10.60     8.45
SANAE8     031029 300  015000-015500   00       6.57  890.4      6.49     8.50     6.34
SANAE8     031029 300  015500-020000   00       6.66  890.4      6.58     9.90     7.73
SANAE8     031029 300  020000-020500   00       6.82  890.4      6.73    12.50    10.32
SANAE8     031029 300  020500-021000   00       6.58  890.4      6.50     8.70     6.51
SANAE8     031029 300  021000-021500   00       6.50  890.4      6.41     7.20     5.00
SANAE8     031029 300  021500-022000   00       6.61  890.3      6.52     9.00     6.79
SANAE8     031029 300  022000-022500   00       6.74  890.3      6.66    11.20     8.98
SANAE8     031029 300  022500-023000   00       6.66  890.3      6.57     9.80     7.57
SANAE8     031029 300  023000-023500   00       6.39  890.3      6.31     5.50     3.26
SANAE8     031029 300  023500-024000   00       6.41  890.3      6.32     5.70     3.45
SANAE8     031029 300  024000-024500   00       6.40  890.3      6.31     5.50     3.24
SANAE8     031029 300  024500-025000   00       6.30  890.2      6.22     3.90     1.63
SANAE8     031029 300  025000-025500   00       6.50  890.2      6.42     7.20     4.92
SANAE8     031029 300  025500-030000   00       6.73  890.2      6.63    10.90     8.61
SANAE8     031029 300  030000-030500   00       6.60  890.2      6.51     8.80     6.50
SANAE8     031029 300  030500-031000   00       6.52  890.2      6.43     7.50     5.19
SANAE8     031029 300  031000-031500   00       6.53  890.2      6.44     7.60     5.28
SANAE8     031029 300  031500-032000   00       6.54  890.1      6.45     7.80     5.47
SANAE8     031029 300  032000-032500   00       6.52  890.1      6.42     7.40     5.06
SANAE8     031029 300  032500-033000   00       6.72  890.1      6.62    10.60     8.25
SANAE8     031029 300  033000-033500   00       6.29  890.1      6.20     3.60     1.24
SANAE8     031029 300  033500-034000   00       6.73  890.1      6.64    10.90     8.53
SANAE8     031029 300  034000-034500   00       6.52  890.1      6.43     7.40     5.02
SANAE8     031029 300  034500-035000   00       6.71  890.0      6.61    10.50     8.11
SANAE8     031029 300  035000-035500   00       6.68  890.0      6.58    10.00     7.60
SANAE8     031029 300  035500-040000   00       6.60  890.0      6.50     8.70     6.29
SANAE8     031029 300  040000-040500   00       6.55  890.0      6.45     7.70     5.28
SANAE8     031029 300  040500-041000   00       6.58  890.0      6.48     8.20     5.77
SANAE8     031029 300  041000-041500   00       6.65  889.9      6.55     9.50     7.06
SANAE8     031029 300  041500-042000   00       6.59  889.9      6.48     8.30     5.85
SANAE8     031029 300  042000-042500   00       6.56  889.9      6.46     8.00     5.54
SANAE8     031029 300  042500-043000   00       6.68  889.9      6.57     9.90     7.43
SANAE8     031029 300  043000-043500   00       6.50  889.8      6.40     6.90     4.42
SANAE8     031029 300  043500-044000   00       6.31  889.8      6.21     3.70     1.21
SANAE8     031029 300  044000-044500   00       6.51  889.8      6.40     7.00     4.50
SANAE8     031029 300  044500-045000   00       6.75  889.8      6.64    10.90     8.39
SANAE8     031029 300  045000-045500   00       6.64  889.7      6.53     9.10     6.58
SANAE8     031029 300  045500-050000   00       6.48  889.7      6.37     6.40     3.87
SANAE8     031029 300  050000-050500   00       6.49  889.7      6.38     6.70     4.16
SANAE8     031029 300  050500-051000   00       6.47  889.7      6.36     6.20     3.65
SANAE8     031029 300  051000-051500   00       6.66  889.7      6.54     9.40     6.84
SANAE8     031029 300  051500-052000   00       6.51  889.8      6.40     6.90     4.33
SANAE8     031029 300  052000-052500   00       6.50  889.8      6.40     6.90     4.32
SANAE8     031029 300  052500-053000   00       6.76  889.8      6.65    11.10     8.51
SANAE8     031029 300  053000-053500   00       6.69  889.8      6.58    10.00     7.40
SANAE8     031029 300  053500-054000   00       6.38  889.8      6.28     5.00     2.39
SANAE8     031029 300  054000-054500   00       6.70  889.8      6.60    10.20     7.58
SANAE8     031029 300  054500-055000   00       6.95  889.9      6.84    14.30    11.67
SANAE8     031029 300  055000-055500   00       6.48  889.9      6.37     6.50     3.86
SANAE8     031029 300  055500-060000   00       6.80  889.9      6.70    11.90     9.25
SANAE8     031029 300  060000-060500   00       6.63  889.9      6.53     9.10     6.44
SANAE8     031029 300  060500-061000   00       6.64  889.9      6.53     9.20     6.53
SANAE8     031029 300  061000-061500   00       6.19  890.0      6.10     1.90    -0.78
SANAE8     031029 300  061500-062000   00       6.20  890.0      6.11     2.10    -0.59
SANAE8     031029 300  062000-062500   00       6.34  890.0      6.25     4.40     1.70
SANAE8     031029 300  062500-063000   00       6.35  890.1      6.26     4.60     1.89
SANAE8     031029 300  063000-063500   00       6.38  890.1      6.29     5.20     2.48
SANAE8     031029 300  063500-064000   00       6.39  890.1      6.30     5.40     2.67
SANAE8     031029 300  064000-064500   00       6.00  890.2      5.92    -1.10    -3.84
SANAE8     031029 300  064500-065000   00       6.22  890.2      6.14     2.60    -0.15
SANAE8     031029 300  065000-065500   00       6.21  890.2      6.13     2.50    -0.26
SANAE8     031029 300  065500-070000   00       6.44  890.3      6.36     6.30     3.53
SANAE8     031029 300  070000-070500   00       6.33  890.3      6.25     4.40     1.62
SANAE8     031029 300  070500-071000   00       6.21  890.3      6.13     2.40    -0.39
SANAE8     031029 300  071000-071500   00       6.32  890.3      6.23     4.20     1.40
SANAE8     031029 300  071500-072000   00       6.36  890.2      6.27     4.90     2.09
SANAE8     031029 300  072000-072500   00       6.44  890.2      6.36     6.20     3.38
SANAE8     031029 300  072500-073000   00       6.21  890.2      6.13     2.40    -0.43
SANAE8     031029 300  073000-073500   00       6.22  890.2      6.13     2.50    -0.34
SANAE8     031029 300  073500-074000   00       6.40  890.2      6.31     5.50     2.65
SANAE8     031029 300  074000-074500   00       6.18  890.2      6.09     1.90    -0.96
SANAE8     031029 300  074500-075000   00       6.18  890.1      6.10     1.90    -0.97
SANAE8     031029 300  075000-075500   00       6.17  890.1      6.08     1.60    -1.28
SANAE8     031029 300  075500-080000   00       6.36  890.1      6.27     4.80     1.91
SANAE8     031029 300  080000-080500   00       6.28  890.1      6.19     3.50     0.60
SANAE8     031029 300  080500-081000   00       6.25  890.1      6.16     3.00    -9999
SANAE8     031029 300  081000-081500   00       6.24  890.1      6.15     2.80    -9999
SANAE8     031029 300  081500-082000   00       6.15  890.1      6.06     1.30    -9999
SANAE8     031029 300  082000-082500   00       6.16  890.1      6.07     1.40    -9999
SANAE8     031029 300  082500-083000   00       6.29  890.1      6.21     3.70    -9999
SANAE8     031029 300  083000-083500   00       6.24  890.1      6.16     2.90    -9999
SANAE8     031029 300  083500-084000   00       6.11  890.1      6.03     0.70    -9999
SANAE8     031029 300  084000-084500   00       6.15  890.1      6.07     1.40    -9999
SANAE8     031029 300  084500-085000   00       6.11  890.1      6.02     0.60    -9999
SANAE8     031029 300  085000-085500   00       6.30  890.1      6.20     3.70    -9999
SANAE8     031029 300  085500-090000   00       6.22  890.1      6.13     2.50    -9999
SANAE8     031029 300  090000-090500   00       6.17  890.1      6.08     1.70    -9999
SANAE8     031029 300  090500-091000   00       6.14  890.1      6.05     1.10    -9999
SANAE8     031029 300  091000-091500   00       6.55  890.1      6.46     7.90    -9999
SANAE8     031029 300  091500-092000   00       6.24  890.0      6.15     2.80    -9999
SANAE8     031029 300  092000-092500   00       6.32  890.0      6.23     4.10    -9999
SANAE8     031029 300  092500-093000   00       6.13  890.0      6.04     0.90    -9999
SANAE8     031029 300  093000-093500   00       6.18  890.0      6.09     1.70    -9999
SANAE8     031029 300  093500-094000   00       6.25  890.0      6.16     2.90    -9999
SANAE8     031029 300  094000-094500   00       6.16  890.0      6.07     1.30    -9999
SANAE8     031029 300  094500-095000   00       6.28  889.9      6.18     3.30    -9999
SANAE8     031029 300  095000-095500   00       6.46  889.9      6.36     6.30    -9999
SANAE8     031029 300  095500-100000   00       6.25  889.9      6.15     2.80    -9999
SANAE8     031029 300  100000-100500   00       5.94  889.9      5.85    -2.20    -9999
SANAE8     031029 300  100500-101000   00       6.20  889.9      6.10     2.00    -9999
SANAE8     031029 300  101000-101500   00       6.15  889.9      6.06     1.20    -9999
SANAE8     031029 300  101500-102000   00       6.35  889.9      6.25     4.40    -9999
SANAE8     031029 300  102000-102500   00       6.54  889.9      6.44     7.60    -9999
SANAE8     031029 300  102500-103000   00       5.90  889.9      5.81    -2.90    -9999
SANAE8     031029 300  103000-103500   00       6.32  889.8      6.22     4.00    -9999
SANAE8     031029 300  103500-104000   00       6.04  889.8      5.94    -0.70    -9999
SANAE8     031029 300  104000-104500   00       6.05  889.8      5.95    -0.50    -9999
SANAE8     031029 300  104500-105000   00       6.11  889.8      6.01     0.40    -9999
SANAE8     031029 300  105000-105500   00       6.30  889.8      6.20     3.50    -9999
SANAE8     031029 300  105500-110000   00       6.01  889.8      5.91    -1.20    -9999
SANAE8     031029 300  110000-110500   00       6.16  889.8      6.06     1.30    -9999
SANAE8     031029 300  110500-111000   00       5.83  889.8      5.74    -4.10    -9999
SANAE8     031029 300  111000-111500   00       6.07  889.8      5.97    -0.20    -9999
SANAE8     031029 300  111500-112000   00       5.74  889.8      5.65    -5.60    -9999
SANAE8     031029 300  112000-112500   00       5.77  889.8      5.68    -5.10    -9999
SANAE8     031029 300  112500-113000   00       5.75  889.8      5.66    -5.40    -9999
SANAE8     031029 300  113000-113500   00       5.88  889.8      5.78    -3.40    -9999
SANAE8     031029 300  113500-114000   00       5.53  889.8      5.44    -9.10    -9999
SANAE8     031029 300  114000-114500   00       5.65  889.8      5.55    -7.20    -9999
SANAE8     031029 300  114500-115000   00       5.49  889.8      5.40    -9.80    -9999
SANAE8     031029 300  115000-115500   00       5.86  889.8      5.77    -3.60    -9999
SANAE8     031029 300  115500-120000   00       5.51  889.8      5.42    -9.40    -9999
SANAE8     031029 3600 120000-130000   00       5.79  889.1      5.66    -5.40    -9999
SANAE8     031029 3600 130000-140000   00       5.31  888.3      5.16   -13.80    -9999
SANAE8     031029 3600 140000-150000   00       5.12  887.7      4.95   -17.20    -9999
SANAE8     031029 3600 150000-160000   00       5.16  887.1      4.97   -16.90    -9999
SANAE8     031029 3600 160000-170000   00       5.14  886.5      4.93   -17.70    -9999
SANAE8     031029 3600 170000-180000   00       5.15  885.8      4.91   -17.90    -9999
SANAE8     031029 3600 180000-190000   00       5.53  884.9      5.24   -12.50    -9999
SANAE8     031029 3600 190000-200000   00       5.63  883.9      5.29   -11.50    -9999
SANAE8     031029 3600 200000-210000   00       5.61  883.8      5.28   -11.80    -9999
SANAE8     031029 3600 210000-220000   00       6.32  882.9      5.90    -1.40    -9999
SANAE8     031029 3600 220000-230000   00       6.46  883.4      6.06     1.20    -9999
SANAE8     031029 3600 230000-240000   00       6.44  883.1      6.02     0.60    -9999
*
"Comment: The Clock of Regisrator is fast on+sec (slow on-sec) is supporting by GPS or InternetClockServer;"	
COMMENT UNIVERISTY OF OULU: FILE GENERATED FROM DATABASE AND OBTAINED FROM
COMMENT https://gle.oulu.fi at 2023-04-03 12:51:18 +00:00
COMMENT FOR HISTORICAL/ORIGINAL TEXT FILES SEE https://gle.oulu.fi/txtarchive/
COMMENT ORIGINAL AT https://gle.oulu.fi/txtarchive/GLE65/C065SNA8_cor.DAT
COMMENT DETRENDED DATA SHOW -9999 IF EQUAL TO INC% COLUMN 