HERMANUS   LATITUDE    -34.42    LONGITUDE     19.22     ALTITUDE    26 M
HERMANUS   INSTRUMENT   12NM64    NEUTRON MONITOR     
HERMANUS   STANDARD PRESSURE    1012.3  mb     COEFFICIENT   -0.73     % / mb
HERMANUS   PRE-INCREASE BASELINE TIME INTERVAL    031028    100000-110000   UT
HERMANUS   PRE-INCREASE AVERAGE COUNTING RATE    110.14      COUNTS PER SECOND
HERMANUS   TIME INTERVALS    300         3600     
HERMANUS   SCALE FACTORS     1           1        
STATION    YYMMDD  SEC   TIME (UT)   CODE    UNCORR. PRESS.    CORR.    % INC.	DETRENDED
                         INTERVAL    TD      C/S     (mb)      C/S
HERMANUS   031027 3600 000000-010000   00     105.79 1015.5    108.29    -1.70    -9999
HERMANUS   031027 3600 010000-020000   00     107.01 1015.1    109.22    -0.80    -9999
HERMANUS   031027 3600 020000-030000   00     108.10 1014.7    110.01    -0.10    -9999
HERMANUS   031027 3600 030000-040000   00     109.04 1014.4    110.72     0.50    -9999
HERMANUS   031027 3600 040000-050000   00     108.89 1014.3    110.49     0.30    -9999
HERMANUS   031027 3600 050000-060000   00     108.87 1014.2    110.39     0.20    -9999
HERMANUS   031027 3600 060000-070000   00     109.87 1013.7    111.00     0.80    -9999
HERMANUS   031027 3600 070000-080000   00     110.37 1013.2    111.10     0.90    -9999
HERMANUS   031027 3600 080000-090000   00     112.12 1012.9    112.61     2.20    -9999
HERMANUS   031027 3600 090000-100000   00     113.46 1012.1    113.30     2.90    -9999
HERMANUS   031027 3600 100000-110000   00     114.55 1011.2    113.64     3.20    -9999
HERMANUS   031027 3600 110000-120000   00     116.33 1010.4    114.73     4.20    -9999
HERMANUS   031027 3600 120000-130000   00     117.80 1009.7    115.58     4.90    -9999
HERMANUS   031027 3600 130000-140000   00     118.07 1009.6    115.77     5.10    -9999
HERMANUS   031027 3600 140000-150000   00     118.35 1009.5    115.96     5.30    -9999
HERMANUS   031027 3600 150000-160000   00     117.82 1009.8    115.69     5.00    -9999
HERMANUS   031027 3600 160000-170000   00     117.35 1010.0    115.40     4.80    -9999
HERMANUS   031027 3600 170000-180000   00     115.41 1010.7    114.07     3.60    -9999
HERMANUS   031027 3600 180000-190000   00     114.70 1011.2    113.78     3.30    -9999
HERMANUS   031027 3600 190000-200000   00     114.36 1011.3    113.53     3.10    -9999
HERMANUS   031027 3600 200000-210000   00     113.23 1011.6    112.65     2.30    -9999
HERMANUS   031027 3600 210000-220000   00     113.54 1011.7    113.05     2.60    -9999
HERMANUS   031027 3600 220000-230000   00     113.97 1011.4    113.23     2.80    -9999
HERMANUS   031027 3600 230000-240000   00     114.02 1010.8    112.78     2.40    -9999
HERMANUS   031028 3600 000000-010000   00     114.63 1010.5    113.13     2.70    -9999
HERMANUS   031028 3600 010000-020000   00     114.48 1010.3    112.82     2.40    -9999
HERMANUS   031028 3600 020000-030000   00     113.55 1010.0    111.66     1.40    -9999
HERMANUS   031028 3600 030000-040000   00     111.73 1010.4    110.19     0.00    -9999
HERMANUS   031028 3600 040000-050000   00     109.88 1010.8    108.68    -1.30    -9999
HERMANUS   031028 3600 050000-060000   00     109.04 1011.5    108.40    -1.60    -9999
HERMANUS   031028 3600 060000-070000   00     109.74 1011.9    109.42    -0.70    -9999
HERMANUS   031028 3600 070000-080000   00     109.93 1012.4    110.01    -0.10    -9999
HERMANUS   031028 3600 080000-090000   00     111.22 1012.6    111.46     1.20    -9999
HERMANUS   031028 3600 090000-100000   00     111.01 1012.4    111.09     0.90    -9999
HERMANUS   031028 300  100000-100500   00     109.28 1012.3    109.28    -0.80    -9999
HERMANUS   031028 300  100500-101000   00     111.07 1012.3    111.06     0.80    -9999
HERMANUS   031028 300  101000-101500   00     110.98 1012.3    110.97     0.70    -9999
HERMANUS   031028 300  101500-102000   00     111.24 1012.3    111.22     1.00    -9999
HERMANUS   031028 300  102000-102500   00     110.37 1012.3    110.34     0.20    -9999
HERMANUS   031028 300  102500-103000   00     111.81 1012.3    111.78     1.50    -9999
HERMANUS   031028 300  103000-103500   00     111.89 1012.2    111.84     1.50    -9999
HERMANUS   031028 300  103500-104000   00     108.35 1012.2    108.30    -1.70    -9999
HERMANUS   031028 300  104000-104500   00     109.11 1012.2    109.05    -1.00    -9999
HERMANUS   031028 300  104500-105000   00     108.91 1012.2    108.84    -1.20    -9999
HERMANUS   031028 300  105000-105500   00     109.85 1012.2    109.78    -0.30    -9999
HERMANUS   031028 300  105500-110000   00     108.86 1012.2    108.79    -1.20    -9999
HERMANUS   031028 300  110000-110500   00     109.17 1012.2    109.08    -0.90    -9999
HERMANUS   031028 300  110500-111000   00     112.79 1012.2    112.67     2.30    -9999
HERMANUS   031028 300  111000-111500   00     110.64 1012.1    110.52     0.30    -9999
HERMANUS   031028 300  111500-112000   00     113.77 1012.1    113.61     3.10    -9999
HERMANUS   031028 300  112000-112500   00     113.60 1012.1    113.43     3.00    -9999
HERMANUS   031028 300  112500-113000   00     110.89 1012.1    110.70     0.50    -9999
HERMANUS   031028 300  113000-113500   00     110.65 1012.0    110.44     0.30    -9999
HERMANUS   031028 300  113500-114000   00     108.57 1012.0    108.34    -1.60    -9999
HERMANUS   031028 300  114000-114500   00     111.48 1012.0    111.22     1.00    -9999
HERMANUS   031028 300  114500-115000   00     110.32 1012.0    110.05    -0.10    -9999
HERMANUS   031028 300  115000-115500   00     111.27 1011.9    110.98     0.70    -9999
HERMANUS   031028 300  115500-120000   00     111.21 1011.9    110.90     0.70    -9999
HERMANUS   031028 300  120000-120500   00     111.08 1011.9    110.75     0.60    -9999
HERMANUS   031028 300  120500-121000   00     111.77 1011.9    111.42     1.20    -9999
HERMANUS   031028 300  121000-121500   00     110.90 1011.8    110.53     0.30    -9999
HERMANUS   031028 300  121500-122000   00     111.91 1011.8    111.51     1.20    -9999
HERMANUS   031028 300  122000-122500   00     110.81 1011.8    110.40     0.20    -9999
HERMANUS   031028 300  122500-123000   00     111.24 1011.8    110.81     0.60    -9999
HERMANUS   031028 300  123000-123500   00     111.99 1011.7    111.54     1.20    -9999
HERMANUS   031028 300  123500-124000   00     110.72 1011.7    110.25     0.10    -9999
HERMANUS   031028 300  124000-124500   00     112.13 1011.7    111.63     1.40    -9999
HERMANUS   031028 300  124500-125000   00     112.29 1011.7    111.77     1.50    -9999
HERMANUS   031028 300  125000-125500   00     114.19 1011.6    113.64     3.20    -9999
HERMANUS   031028 300  125500-130000   00     111.98 1011.6    111.42     1.20    -9999
HERMANUS   031028 300  130000-130500   00     113.86 1011.6    113.28     2.80    -9999
HERMANUS   031028 300  130500-131000   00     111.60 1011.6    111.03     0.80    -9999
HERMANUS   031028 300  131000-131500   00     110.99 1011.6    110.42     0.30    -9999
HERMANUS   031028 300  131500-132000   00     112.00 1011.6    111.42     1.20    -9999
HERMANUS   031028 300  132000-132500   00     110.33 1011.6    109.77    -0.30    -9999
HERMANUS   031028 300  132500-133000   00     111.45 1011.6    110.88     0.70    -9999
HERMANUS   031028 300  133000-133500   00     111.92 1011.6    111.35     1.10    -9999
HERMANUS   031028 300  133500-134000   00     113.92 1011.6    113.34     2.90    -9999
HERMANUS   031028 300  134000-134500   00     111.61 1011.6    111.04     0.80    -9999
HERMANUS   031028 300  134500-135000   00     112.86 1011.6    112.28     1.90    -9999
HERMANUS   031028 300  135000-135500   00     110.69 1011.6    110.13     0.00    -9999
HERMANUS   031028 300  135500-140000   00     112.04 1011.6    111.47     1.20    -9999
HERMANUS   031028 300  140000-140500   00     112.02 1011.6    111.45     1.20    -9999
HERMANUS   031028 300  140500-141000   00     111.85 1011.6    111.27     1.00    -9999
HERMANUS   031028 300  141000-141500   00     112.99 1011.6    112.40     2.00    -9999
HERMANUS   031028 300  141500-142000   00     113.49 1011.6    112.88     2.50    -9999
HERMANUS   031028 300  142000-142500   00     111.47 1011.6    110.88     0.70    -9999
HERMANUS   031028 300  142500-143000   00     111.94 1011.6    111.33     1.10    -9999
HERMANUS   031028 300  143000-143500   00     110.37 1011.5    109.76    -0.40    -9999
HERMANUS   031028 300  143500-144000   00     111.85 1011.5    111.23     1.00    -9999
HERMANUS   031028 300  144000-144500   00     111.39 1011.5    110.77     0.60    -9999
HERMANUS   031028 300  144500-145000   00     112.07 1011.5    111.43     1.20    -9999
HERMANUS   031028 300  145000-145500   00     111.12 1011.5    110.48     0.30    -9999
HERMANUS   031028 300  145500-150000   00     112.77 1011.5    112.12     1.80    -9999
HERMANUS   031028 300  150000-150500   00     111.82 1011.5    111.16     0.90    -9999
HERMANUS   031028 300  150500-151000   00     112.68 1011.5    112.01     1.70    -9999
HERMANUS   031028 300  151000-151500   00     111.74 1011.5    111.05     0.80    -9999
HERMANUS   031028 300  151500-152000   00     113.32 1011.4    112.61     2.20    -9999
HERMANUS   031028 300  152000-152500   00     111.42 1011.4    110.71     0.50    -9999
HERMANUS   031028 300  152500-153000   00     112.45 1011.4    111.72     1.40    -9999
HERMANUS   031028 300  153000-153500   00     111.93 1011.4    111.19     0.90    -9999
HERMANUS   031028 300  153500-154000   00     112.64 1011.4    111.88     1.60    -9999
HERMANUS   031028 300  154000-154500   00     112.96 1011.4    112.19     1.90    -9999
HERMANUS   031028 300  154500-155000   00     111.71 1011.3    110.93     0.70    -9999
HERMANUS   031028 300  155000-155500   00     113.75 1011.3    112.95     2.50    -9999
HERMANUS   031028 300  155500-160000   00     112.55 1011.3    111.74     1.40    -9999
HERMANUS   031028 300  160000-160500   00     111.10 1011.3    110.30     0.20    -9999
HERMANUS   031028 300  160500-161000   00     113.00 1011.3    112.22     1.90    -9999
HERMANUS   031028 300  161000-161500   00     113.07 1011.4    112.31     2.00    -9999
HERMANUS   031028 300  161500-162000   00     110.60 1011.4    109.89    -0.20    -9999
HERMANUS   031028 300  162000-162500   00     113.27 1011.4    112.57     2.20    -9999
HERMANUS   031028 300  162500-163000   00     113.28 1011.5    112.60     2.20    -9999
HERMANUS   031028 300  163000-163500   00     113.86 1011.5    113.21     2.80    -9999
HERMANUS   031028 300  163500-164000   00     113.03 1011.5    112.41     2.10    -9999
HERMANUS   031028 300  164000-164500   00     110.19 1011.6    109.61    -0.50    -9999
HERMANUS   031028 300  164500-165000   00     111.65 1011.6    111.09     0.80    -9999
HERMANUS   031028 300  165000-165500   00     112.68 1011.6    112.15     1.80    -9999
HERMANUS   031028 300  165500-170000   00     111.82 1011.7    111.32     1.10    -9999
HERMANUS   031028 300  170000-170500   00     111.39 1011.7    110.91     0.70    -9999
HERMANUS   031028 300  170500-171000   00     111.89 1011.7    111.44     1.10    -9999
HERMANUS   031028 300  171000-171500   00     109.93 1011.8    109.51    -0.60    -9999
HERMANUS   031028 300  171500-172000   00     113.37 1011.8    112.97     2.50    -9999
HERMANUS   031028 300  172000-172500   00     111.78 1011.8    111.41     1.20    -9999
HERMANUS   031028 300  172500-173000   00     112.09 1011.9    111.75     1.50    -9999
HERMANUS   031028 300  173000-173500   00     110.98 1011.9    110.66     0.50    -9999
HERMANUS   031028 300  173500-174000   00     112.57 1011.9    112.27     1.90    -9999
HERMANUS   031028 300  174000-174500   00     110.43 1012.0    110.18     0.00    -9999
HERMANUS   031028 300  174500-175000   00     112.78 1012.0    112.54     2.20    -9999
HERMANUS   031028 300  175000-175500   00     111.24 1012.0    111.03     0.80    -9999
HERMANUS   031028 300  175500-180000   00     110.69 1012.1    110.51     0.30    -9999
HERMANUS   031028 300  180000-180500   00     111.77 1012.1    111.61     1.30    -9999
HERMANUS   031028 300  180500-181000   00     109.91 1012.1    109.74    -0.40    -9999
HERMANUS   031028 300  181000-181500   00     112.54 1012.1    112.36     2.00    -9999
HERMANUS   031028 300  181500-182000   00     111.65 1012.1    111.47     1.20    -9999
HERMANUS   031028 300  182000-182500   00     110.45 1012.1    110.25     0.10    -9999
HERMANUS   031028 300  182500-183000   00     111.98 1012.1    111.77     1.50    -9999
HERMANUS   031028 300  183000-183500   00     111.15 1012.0    110.95     0.70    -9999
HERMANUS   031028 300  183500-184000   00     110.60 1012.0    110.39     0.20    -9999
HERMANUS   031028 300  184000-184500   00     110.73 1012.0    110.52     0.30    -9999
HERMANUS   031028 300  184500-185000   00     110.69 1012.0    110.46     0.30    -9999
HERMANUS   031028 300  185000-185500   00     111.34 1012.0    111.11     0.90    -9999
HERMANUS   031028 300  185500-190000   00     111.36 1012.0    111.12     0.90    -9999
HERMANUS   031028 300  190000-190500   00     109.98 1012.0    109.73    -0.40    -9999
HERMANUS   031028 300  190500-191000   00     110.32 1012.0    110.07    -0.10    -9999
HERMANUS   031028 300  191000-191500   00     112.97 1012.0    112.70     2.30    -9999
HERMANUS   031028 300  191500-192000   00     110.03 1012.0    109.76    -0.30    -9999
HERMANUS   031028 300  192000-192500   00     112.27 1012.0    111.99     1.70    -9999
HERMANUS   031028 300  192500-193000   00     111.13 1012.0    110.85     0.60    -9999
HERMANUS   031028 300  193000-193500   00     112.26 1011.9    111.97     1.60    -9999
HERMANUS   031028 300  193500-194000   00     110.22 1011.9    109.93    -0.20    -9999
HERMANUS   031028 300  194000-194500   00     110.22 1011.9    109.92    -0.20    -9999
HERMANUS   031028 300  194500-195000   00     112.97 1011.9    112.66     2.30    -9999
HERMANUS   031028 300  195000-195500   00     110.25 1011.9    109.94    -0.20    -9999
HERMANUS   031028 300  195500-200000   00     111.16 1011.9    110.84     0.60    -9999
HERMANUS   031028 300  200000-200500   00     112.41 1011.9    112.08     1.80    -9999
HERMANUS   031028 300  200500-201000   00     111.70 1011.9    111.34     1.10    -9999
HERMANUS   031028 300  201000-201500   00     109.26 1011.8    108.90    -1.10    -9999
HERMANUS   031028 300  201500-202000   00     111.96 1011.8    111.56     1.30    -9999
HERMANUS   031028 300  202000-202500   00     112.19 1011.8    111.77     1.50    -9999
HERMANUS   031028 300  202500-203000   00     111.27 1011.8    110.84     0.60    -9999
HERMANUS   031028 300  203000-203500   00     111.39 1011.7    110.94     0.70    -9999
HERMANUS   031028 300  203500-204000   00     111.96 1011.7    111.48     1.20    -9999
HERMANUS   031028 300  204000-204500   00     110.47 1011.7    109.98    -0.20    -9999
HERMANUS   031028 300  204500-205000   00     111.74 1011.7    111.22     1.00    -9999
HERMANUS   031028 300  205000-205500   00     110.30 1011.6    109.77    -0.30    -9999
HERMANUS   031028 300  205500-210000   00     110.57 1011.6    110.02    -0.10    -9999
HERMANUS   031028 300  210000-210500   00     113.28 1011.6    112.69     2.30    -9999
HERMANUS   031028 300  210500-211000   00     111.97 1011.6    111.37     1.10    -9999
HERMANUS   031028 300  211000-211500   00     112.32 1011.5    111.70     1.40    -9999
HERMANUS   031028 300  211500-212000   00     112.90 1011.5    112.25     1.90    -9999
HERMANUS   031028 300  212000-212500   00     111.98 1011.5    111.32     1.10    -9999
HERMANUS   031028 300  212500-213000   00     112.35 1011.5    111.67     1.40    -9999
HERMANUS   031028 300  213000-213500   00     111.67 1011.4    110.97     0.80    -9999
HERMANUS   031028 300  213500-214000   00     112.74 1011.4    112.02     1.70    -9999
HERMANUS   031028 300  214000-214500   00     111.04 1011.4    110.31     0.20    -9999
HERMANUS   031028 300  214500-215000   00     113.01 1011.4    112.24     1.90    -9999
HERMANUS   031028 300  215000-215500   00     112.91 1011.3    112.13     1.80    -9999
HERMANUS   031028 300  215500-220000   00     113.07 1011.3    112.26     1.90    -9999
HERMANUS   031028 300  220000-220500   00     111.64 1011.3    110.82     0.60    -9999
HERMANUS   031028 300  220500-221000   00     113.29 1011.2    112.41     2.10    -9999
HERMANUS   031028 300  221000-221500   00     112.96 1011.2    112.06     1.70    -9999
HERMANUS   031028 300  221500-222000   00     111.59 1011.2    110.66     0.50    -9999
HERMANUS   031028 300  222000-222500   00     113.15 1011.1    112.18     1.90    -9999
HERMANUS   031028 300  222500-223000   00     112.54 1011.1    111.54     1.30    -9999
HERMANUS   031028 300  223000-223500   00     112.67 1011.0    111.63     1.30    -9999
HERMANUS   031028 300  223500-224000   00     113.89 1011.0    112.81     2.40    -9999
HERMANUS   031028 300  224000-224500   00     113.33 1011.0    112.22     1.90    -9999
HERMANUS   031028 300  224500-225000   00     111.89 1010.9    110.76     0.60    -9999
HERMANUS   031028 300  225000-225500   00     110.67 1010.9    109.52    -0.50    -9999
HERMANUS   031028 300  225500-230000   00     113.70 1010.8    112.48     2.10    -9999
HERMANUS   031028 300  230000-230500   00     114.37 1010.8    113.12     2.70    -9999
HERMANUS   031028 300  230500-231000   00     112.14 1010.8    110.90     0.70    -9999
HERMANUS   031028 300  231000-231500   00     114.22 1010.8    112.94     2.50    -9999
HERMANUS   031028 300  231500-232000   00     114.84 1010.7    113.54     3.10    -9999
HERMANUS   031028 300  232000-232500   00     112.72 1010.7    111.43     1.20    -9999
HERMANUS   031028 300  232500-233000   00     112.74 1010.7    111.44     1.20    -9999
HERMANUS   031028 300  233000-233500   00     113.68 1010.7    112.35     2.00    -9999
HERMANUS   031028 300  233500-234000   00     114.31 1010.7    112.96     2.50    -9999
HERMANUS   031028 300  234000-234500   00     113.41 1010.7    112.06     1.70    -9999
HERMANUS   031028 300  234500-235000   00     114.08 1010.6    112.71     2.30    -9999
HERMANUS   031028 300  235000-235500   00     116.21 1010.6    114.80     4.20    -9999
HERMANUS   031028 300  235500-240000   00     113.56 1010.6    112.17     1.80    -9999
HERMANUS   031029 300  000000-000500   00     114.45 1010.6    113.03     2.60    -9999
HERMANUS   031029 300  000500-001000   00     113.20 1010.6    111.79     1.50    -9999
HERMANUS   031029 300  001000-001500   00     113.27 1010.6    111.84     1.50    -9999
HERMANUS   031029 300  001500-002000   00     113.79 1010.5    112.33     2.00    -9999
HERMANUS   031029 300  002000-002500   00     113.13 1010.5    111.68     1.40    -9999
HERMANUS   031029 300  002500-003000   00     113.73 1010.5    112.25     1.90    -9999
HERMANUS   031029 300  003000-003500   00     112.87 1010.5    111.39     1.10    -9999
HERMANUS   031029 300  003500-004000   00     115.45 1010.5    113.92     3.40    -9999
HERMANUS   031029 300  004000-004500   00     113.92 1010.5    112.40     2.00    -9999
HERMANUS   031029 300  004500-005000   00     114.45 1010.4    112.91     2.50    -9999
HERMANUS   031029 300  005000-005500   00     116.22 1010.4    114.64     4.10    -9999
HERMANUS   031029 300  005500-010000   00     115.04 1010.4    113.46     3.00    -9999
HERMANUS   031029 300  010000-010500   00     116.67 1010.4    115.07     4.50    -9999
HERMANUS   031029 300  010500-011000   00     114.81 1010.4    113.26     2.80    -9999
HERMANUS   031029 300  011000-011500   00     115.50 1010.5    113.96     3.50    -9999
HERMANUS   031029 300  011500-012000   00     115.32 1010.5    113.80     3.30    -9999
HERMANUS   031029 300  012000-012500   00     115.33 1010.5    113.83     3.30    -9999
HERMANUS   031029 300  012500-013000   00     113.74 1010.5    112.29     1.90    -9999
HERMANUS   031029 300  013000-013500   00     115.38 1010.6    113.92     3.40    -9999
HERMANUS   031029 300  013500-014000   00     115.09 1010.6    113.66     3.20    -9999
HERMANUS   031029 300  014000-014500   00     115.32 1010.6    113.91     3.40    -9999
HERMANUS   031029 300  014500-015000   00     113.86 1010.6    112.48     2.10    -9999
HERMANUS   031029 300  015000-015500   00     115.54 1010.7    114.17     3.70    -9999
HERMANUS   031029 300  015500-020000   00     116.44 1010.7    115.07     4.50    -9999
HERMANUS   031029 300  020000-020500   00     116.17 1010.7    114.83     4.30    -9999
HERMANUS   031029 300  020500-021000   00     113.25 1010.7    111.96     1.60    -9999
HERMANUS   031029 300  021000-021500   00     114.70 1010.8    113.41     3.00    -9999
HERMANUS   031029 300  021500-022000   00     114.66 1010.8    113.39     2.90    -9999
HERMANUS   031029 300  022000-022500   00     115.56 1010.8    114.31     3.80    -9999
HERMANUS   031029 300  022500-023000   00     115.81 1010.8    114.57     4.00    -9999
HERMANUS   031029 300  023000-023500   00     115.68 1010.9    114.46     3.90    -9999
HERMANUS   031029 300  023500-024000   00     115.18 1010.9    114.00     3.50    -9999
HERMANUS   031029 300  024000-024500   00     115.71 1010.9    114.54     4.00    -9999
HERMANUS   031029 300  024500-025000   00     113.09 1010.9    111.97     1.70    -9999
HERMANUS   031029 300  025000-025500   00     113.67 1011.0    112.56     2.20    -9999
HERMANUS   031029 300  025500-030000   00     115.27 1011.0    114.17     3.70    -9999
HERMANUS   031029 300  030000-030500   00     113.58 1011.0    112.52     2.10    -9999
HERMANUS   031029 300  030500-031000   00     115.24 1011.1    114.20     3.70    -9999
HERMANUS   031029 300  031000-031500   00     114.63 1011.1    113.63     3.20    -9999
HERMANUS   031029 300  031500-032000   00     113.17 1011.1    112.21     1.90    -9999
HERMANUS   031029 300  032000-032500   00     112.07 1011.2    111.16     0.90    -9999
HERMANUS   031029 300  032500-033000   00     114.50 1011.2    113.60     3.10    -9999
HERMANUS   031029 300  033000-033500   00     112.91 1011.3    112.06     1.70    -9999
HERMANUS   031029 300  033500-034000   00     114.31 1011.3    113.48     3.00    -9999
HERMANUS   031029 300  034000-034500   00     113.95 1011.3    113.17     2.80    -9999
HERMANUS   031029 300  034500-035000   00     114.33 1011.4    113.57     3.10    -9999
HERMANUS   031029 300  035000-035500   00     113.79 1011.4    113.08     2.70    -9999
HERMANUS   031029 300  035500-040000   00     114.95 1011.5    114.26     3.70    -9999
HERMANUS   031029 300  040000-040500   00     111.90 1011.5    111.26     1.00    -9999
HERMANUS   031029 300  040500-041000   00     112.54 1011.6    111.93     1.60    -9999
HERMANUS   031029 300  041000-041500   00     115.20 1011.6    114.61     4.10    -9999
HERMANUS   031029 300  041500-042000   00     114.92 1011.6    114.37     3.80    -9999
HERMANUS   031029 300  042000-042500   00     114.09 1011.7    113.59     3.10    -9999
HERMANUS   031029 300  042500-043000   00     113.83 1011.7    113.36     2.90    -9999
HERMANUS   031029 300  043000-043500   00     115.53 1011.8    115.09     4.50    -9999
HERMANUS   031029 300  043500-044000   00     113.66 1011.8    113.25     2.80    -9999
HERMANUS   031029 300  044000-044500   00     113.93 1011.8    113.56     3.10    -9999
HERMANUS   031029 300  044500-045000   00     115.02 1011.9    114.68     4.10    -9999
HERMANUS   031029 300  045000-045500   00     113.07 1011.9    112.77     2.40    -9999
HERMANUS   031029 300  045500-050000   00     114.99 1012.0    114.72     4.10    -9999
HERMANUS   031029 300  050000-050500   00     113.58 1012.0    113.33     2.90    -9999
HERMANUS   031029 300  050500-051000   00     114.81 1012.0    114.57     4.00    -9999
HERMANUS   031029 300  051000-051500   00     111.79 1012.0    111.56     1.30    -9999
HERMANUS   031029 300  051500-052000   00     113.36 1012.0    113.13     2.70    -9999
HERMANUS   031029 300  052000-052500   00     114.59 1012.0    114.37     3.80    -9999
HERMANUS   031029 300  052500-053000   00     112.81 1012.0    112.61     2.20    -9999
HERMANUS   031029 300  053000-053500   00     112.76 1012.1    112.56     2.20    -9999
HERMANUS   031029 300  053500-054000   00     114.36 1012.1    114.16     3.60    -9999
HERMANUS   031029 300  054000-054500   00     112.56 1012.1    112.37     2.00    -9999
HERMANUS   031029 300  054500-055000   00     114.23 1012.1    114.05     3.60    -9999
HERMANUS   031029 300  055000-055500   00     113.45 1012.1    113.27     2.80    -9999
HERMANUS   031029 300  055500-060000   00     111.07 1012.1    110.90     0.70    -9999
HERMANUS   031029 300  060000-060500   00     113.79 1012.1    113.64     3.20    -9999
HERMANUS   031029 300  060500-061000   00     114.43 1012.1    114.30     3.80    -9999
HERMANUS   031029 300  061000-061500   00     112.66 1012.2    112.56     2.20    -9999
HERMANUS   031029 300  061500-062000   00     113.22 1012.2    113.15     2.70    -9999
HERMANUS   031029 300  062000-062500   00     114.45 1012.2    114.41     3.90    -9999
HERMANUS   031029 300  062500-063000   00     114.33 1012.3    114.31     3.80    -9999
HERMANUS   031029 300  063000-063500   00     112.00 1012.3    112.01     1.70    -9999
HERMANUS   031029 300  063500-064000   00     112.09 1012.3    112.13     1.80    -9999
HERMANUS   031029 300  064000-064500   00     111.75 1012.4    111.82     1.50    -9999
HERMANUS   031029 300  064500-065000   00     110.22 1012.4    110.31     0.10    -9999
HERMANUS   031029 300  065000-065500   00     109.91 1012.4    110.02    -0.10    -9999
HERMANUS   031029 300  065500-070000   00     110.45 1012.5    110.59     0.40    -9999
HERMANUS   031029 300  070000-070500   00     108.47 1012.5    108.63    -1.40    -9999
HERMANUS   031029 300  070500-071000   00     108.62 1012.5    108.79    -1.20    -9999
HERMANUS   031029 300  071000-071500   00     110.05 1012.5    110.23     0.10    -9999
HERMANUS   031029 300  071500-072000   00     110.00 1012.5    110.18     0.00    -9999
HERMANUS   031029 300  072000-072500   00     110.87 1012.5    111.06     0.80    -9999
HERMANUS   031029 300  072500-073000   00     109.91 1012.5    110.11     0.00    -9999
HERMANUS   031029 300  073000-073500   00     108.68 1012.6    108.88    -1.10    -9999
HERMANUS   031029 300  073500-074000   00     108.83 1012.6    109.04    -1.00    -9999
HERMANUS   031029 300  074000-074500   00     110.14 1012.6    110.35     0.20    -9999
HERMANUS   031029 300  074500-075000   00     107.94 1012.6    108.16    -1.80    -9999
HERMANUS   031029 300  075000-075500   00     109.71 1012.6    109.94    -0.20    -9999
HERMANUS   031029 300  075500-080000   00     109.36 1012.6    109.59    -0.50    -9999
HERMANUS   031029 300  080000-080500   00     108.75 1012.6    108.98    -1.10    -9999
HERMANUS   031029 300  080500-081000   00     111.89 1012.6    112.11     1.80    -9999
HERMANUS   031029 300  081000-081500   00     110.85 1012.5    111.05     0.80    -9999
HERMANUS   031029 300  081500-082000   00     111.08 1012.5    111.26     1.00    -9999
HERMANUS   031029 300  082000-082500   00     109.53 1012.5    109.68    -0.40    -9999
HERMANUS   031029 300  082500-083000   00     111.71 1012.5    111.85     1.60    -9999
HERMANUS   031029 300  083000-083500   00     111.31 1012.4    111.42     1.20    -9999
HERMANUS   031029 300  083500-084000   00     111.57 1012.4    111.66     1.40    -9999
HERMANUS   031029 300  084000-084500   00     109.87 1012.4    109.94    -0.20    -9999
HERMANUS   031029 300  084500-085000   00     111.46 1012.4    111.51     1.20    -9999
HERMANUS   031029 300  085000-085500   00     111.69 1012.3    111.72     1.40    -9999
HERMANUS   031029 300  085500-090000   00     110.60 1012.3    110.61     0.40    -9999
HERMANUS   031029 300  090000-090500   00     109.24 1012.3    109.24    -0.80    -9999
HERMANUS   031029 300  090500-091000   00     110.22 1012.3    110.22     0.10    -9999
HERMANUS   031029 300  091000-091500   00     108.91 1012.3    108.91    -1.10    -9999
HERMANUS   031029 300  091500-092000   00     111.34 1012.3    111.34     1.10    -9999
HERMANUS   031029 300  092000-092500   00     108.90 1012.3    108.90    -1.10    -9999
HERMANUS   031029 300  092500-093000   00     106.18 1012.3    106.18    -3.60    -9999
HERMANUS   031029 300  093000-093500   00     109.51 1012.3    109.51    -0.60    -9999
HERMANUS   031029 300  093500-094000   00     107.55 1012.3    107.55    -2.40    -9999
HERMANUS   031029 300  094000-094500   00     108.41 1012.3    108.41    -1.60    -9999
HERMANUS   031029 300  094500-095000   00     109.07 1012.3    109.07    -0.90    -9999
HERMANUS   031029 300  095000-095500   00     106.91 1012.3    106.91    -3.00    -9999
HERMANUS   031029 300  095500-100000   00     107.97 1012.3    107.97    -2.00    -9999
HERMANUS   031029 300  100000-100500   00     107.72 1012.3    107.72    -2.20    -9999
HERMANUS   031029 300  100500-101000   00     107.35 1012.3    107.36    -2.50    -9999
HERMANUS   031029 300  101000-101500   00     107.55 1012.3    107.57    -2.30    -9999
HERMANUS   031029 300  101500-102000   00     106.99 1012.3    107.01    -2.80    -9999
HERMANUS   031029 300  102000-102500   00     110.19 1012.3    110.22     0.10    -9999
HERMANUS   031029 300  102500-103000   00     106.87 1012.3    106.90    -2.90    -9999
HERMANUS   031029 300  103000-103500   00     107.85 1012.4    107.89    -2.10    -9999
HERMANUS   031029 300  103500-104000   00     108.41 1012.4    108.46    -1.50    -9999
HERMANUS   031029 300  104000-104500   00     107.44 1012.4    107.50    -2.40    -9999
HERMANUS   031029 300  104500-105000   00     107.56 1012.4    107.62    -2.30    -9999
HERMANUS   031029 300  105000-105500   00     105.76 1012.4    105.83    -3.90    -9999
HERMANUS   031029 300  105500-110000   00     104.43 1012.4    104.50    -5.10    -9999
HERMANUS   031029 300  110000-110500   00     105.36 1012.4    105.43    -4.30    -9999
HERMANUS   031029 300  110500-111000   00     103.18 1012.4    103.26    -6.30    -9999
HERMANUS   031029 300  111000-111500   00     104.27 1012.4    104.35    -5.30    -9999
HERMANUS   031029 300  111500-112000   00     102.84 1012.4    102.91    -6.60    -9999
HERMANUS   031029 300  112000-112500   00     103.08 1012.4    103.15    -6.30    -9999
HERMANUS   031029 300  112500-113000   00     105.73 1012.4    105.81    -3.90    -9999
HERMANUS   031029 300  113000-113500   00     103.34 1012.4    103.42    -6.10    -9999
HERMANUS   031029 300  113500-114000   00     101.14 1012.4    101.22    -8.10    -9999
HERMANUS   031029 300  114000-114500   00     102.90 1012.4    102.98    -6.50    -9999
HERMANUS   031029 300  114500-115000   00     101.09 1012.4    101.17    -8.20    -9999
HERMANUS   031029 300  115000-115500   00     102.48 1012.4    102.56    -6.90    -9999
HERMANUS   031029 300  115500-120000   00     102.66 1012.4    102.73    -6.70    -9999
HERMANUS   031029 3600 120000-130000   00     100.94 1011.9    100.65    -8.60    -9999
HERMANUS   031029 3600 130000-140000   00      96.07 1011.7     95.65   -13.20    -9999
HERMANUS   031029 3600 140000-150000   00      93.87 1011.6     93.39   -15.20    -9999
HERMANUS   031029 3600 150000-160000   00      92.21 1011.6     91.74   -16.70    -9999
HERMANUS   031029 3600 160000-170000   00      93.20 1011.8     92.86   -15.70    -9999
HERMANUS   031029 3600 170000-180000   00      91.63 1012.2     91.56   -16.90    -9999
HERMANUS   031029 3600 180000-190000   00      94.38 1012.2     94.31   -14.40    -9999
HERMANUS   031029 3600 190000-200000   00      95.70 1012.4     95.77   -13.00    -9999
HERMANUS   031029 3600 200000-210000   00      95.24 1012.6     95.45   -13.30    -9999
HERMANUS   031029 3600 210000-220000   00      95.36 1012.1     95.23   -13.50    -9999
HERMANUS   031029 3600 220000-230000   00      96.24 1011.6     95.75   -13.10    -9999
HERMANUS   031029 3600 230000-240000   00      98.38 1011.1     97.53   -11.50    -9999
*
Comment: The Clock of Regisrator is fast on+sec (slow on-sec) is supporting by GPS or InternetClockServer;
COMMENT UNIVERISTY OF OULU: FILE GENERATED FROM DATABASE AND OBTAINED FROM
COMMENT https://gle.oulu.fi at 2023-04-03 12:51:18 +00:00
COMMENT FOR HISTORICAL/ORIGINAL TEXT FILES SEE https://gle.oulu.fi/txtarchive/
COMMENT ORIGINAL AT https://gle.oulu.fi/txtarchive/GLE65/C065HRMS.DAT
COMMENT DETRENDED DATA SHOW -9999 IF EQUAL TO INC% COLUMN 