IRKUTSK2   LATITUDE    52.28     LONGITUDE     104.02    ALTITUDE    2000 M
IRKUTSK2   INSTRUMENT   12NM64    NEUTRON MONITOR     
IRKUTSK2   STANDARD PRESSURE    802.3   mb     COEFFICIENT   -0.713    % / mb
IRKUTSK2   PRE-INCREASE BASELINE TIME INTERVAL    031028    100000-110000   UT
IRKUTSK2   PRE-INCREASE AVERAGE COUNTING RATE    177.36      COUNTS PER SECOND
IRKUTSK2   TIME INTERVALS    300         3600     
IRKUTSK2   SCALE FACTORS     1           1        
STATION    YYMMDD  SEC   TIME (UT)   CODE    UNCORR. PRESS.    CORR.    % INC.	DETRENDED
                         INTERVAL    TD      C/S     (mb)      C/S
IRKUTSK2   031027 3600 000000-010000   00    -999.00 -999.0    180.65     1.60    -9999
IRKUTSK2   031027 3600 010000-020000   00    -999.00 -999.0    183.12     3.00    -9999
IRKUTSK2   031027 3600 020000-030000   00    -999.00 -999.0    182.04     2.40    -9999
IRKUTSK2   031027 3600 030000-040000   00    -999.00 -999.0    181.20     1.90    -9999
IRKUTSK2   031027 3600 040000-050000   00    -999.00 -999.0    180.40     1.40    -9999
IRKUTSK2   031027 3600 050000-060000   00    -999.00 -999.0    181.66     2.10    -9999
IRKUTSK2   031027 3600 060000-070000   00    -999.00 -999.0    182.25     2.50    -9999
IRKUTSK2   031027 3600 070000-080000   00    -999.00 -999.0    182.60     2.70    -9999
IRKUTSK2   031027 3600 080000-090000   00    -999.00 -999.0    183.08     2.90    -9999
IRKUTSK2   031027 3600 090000-100000   00    -999.00 -999.0    182.74     2.70    -9999
IRKUTSK2   031027 3600 100000-110000   00    -999.00 -999.0    183.01     2.90    -9999
IRKUTSK2   031027 3600 110000-120000   00    -999.00 -999.0    183.19     3.00    -9999
IRKUTSK2   031027 3600 120000-130000   00    -999.00 -999.0    182.56     2.60    -9999
IRKUTSK2   031027 3600 130000-140000   00    -999.00 -999.0    182.74     2.70    -9999
IRKUTSK2   031027 3600 140000-150000   00    -999.00 -999.0    181.62     2.10    -9999
IRKUTSK2   031027 3600 150000-160000   00    -999.00 -999.0    181.20     1.90    -9999
IRKUTSK2   031027 3600 160000-170000   00    -999.00 -999.0    181.24     1.90    -9999
IRKUTSK2   031027 3600 170000-180000   00    -999.00 -999.0    181.90     2.30    -9999
IRKUTSK2   031027 3600 180000-190000   00    -999.00 -999.0    181.13     1.80    -9999
IRKUTSK2   031027 3600 190000-200000   00    -999.00 -999.0    182.07     2.40    -9999
IRKUTSK2   031027 3600 200000-210000   00    -999.00 -999.0    181.13     1.80    -9999
IRKUTSK2   031027 3600 210000-220000   00    -999.00 -999.0    177.82     0.00    -9999
IRKUTSK2   031027 3600 220000-230000   00    -999.00 -999.0    175.98    -1.10    -9999
IRKUTSK2   031027 3600 230000-240000   00    -999.00 -999.0    175.21    -1.50    -9999
IRKUTSK2   031028 3600 000000-010000   00     180.88  799.0    176.67    -0.70    -9999
IRKUTSK2   031028 3600 010000-020000   00     184.60  798.8    180.05     1.20    -9999
IRKUTSK2   031028 3600 020000-030000   00     187.12  798.9    182.64     2.70    -9999
IRKUTSK2   031028 3600 030000-040000   00     187.81  799.3    183.83     3.40    -9999
IRKUTSK2   031028 3600 040000-050000   00     187.58  799.2    183.48     3.20    -9999
IRKUTSK2   031028 3600 050000-060000   00     186.24  799.4    182.42     2.60    -9999
IRKUTSK2   031028 3600 060000-070000   00     184.40  799.9    181.27     1.90    -9999
IRKUTSK2   031028 3600 070000-080000   00     182.71  800.5    180.38     1.40    -9999
IRKUTSK2   031028 3600 080000-090000   00     181.96  801.2    180.54     1.50    -9999
IRKUTSK2   031028 300  090000-090500   00     181.00  801.8    180.38     1.40    -9999
IRKUTSK2   031028 300  090500-091000   00     181.66  801.9    181.09     1.80    -9999
IRKUTSK2   031028 300  091000-091500   00     180.68  801.9    180.17     1.30    -9999
IRKUTSK2   031028 300  091500-092000   00     181.26  801.9    180.79     1.70    -9999
IRKUTSK2   031028 300  092000-092500   00     180.12  802.0    179.71     1.00    -9999
IRKUTSK2   031028 300  092500-093000   00     180.67  802.0    180.31     1.40    -9999
IRKUTSK2   031028 300  093000-093500   00     179.56  802.1    179.26     0.80    -9999
IRKUTSK2   031028 300  093500-094000   00     181.16  802.1    180.91     1.70    -9999
IRKUTSK2   031028 300  094000-094500   00     179.60  802.2    179.41     0.90    -9999
IRKUTSK2   031028 300  094500-095000   00     179.28  802.2    179.14     0.70    -9999
IRKUTSK2   031028 300  095000-095500   00     179.67  802.2    179.59     1.00    -9999
IRKUTSK2   031028 300  095500-100000   00     177.76  802.3    177.73    -0.10    -9999
IRKUTSK2   031028 300  100000-100500   00     178.32  802.3    178.35     0.30    -9999
IRKUTSK2   031028 300  100500-101000   00     178.13  802.4    178.25     0.20    -9999
IRKUTSK2   031028 300  101000-101500   00     179.23  802.5    179.44     0.90    -9999
IRKUTSK2   031028 300  101500-102000   00     178.91  802.5    179.20     0.80    -9999
IRKUTSK2   031028 300  102000-102500   00     177.98  802.6    178.35     0.30    -9999
IRKUTSK2   031028 300  102500-103000   00     177.02  802.7    177.48    -0.20    -9999
IRKUTSK2   031028 300  103000-103500   00     177.00  802.7    177.55    -0.20    -9999
IRKUTSK2   031028 300  103500-104000   00     176.89  802.8    177.51    -0.20    -9999
IRKUTSK2   031028 300  104000-104500   00     176.84  802.9    177.55    -0.20    -9999
IRKUTSK2   031028 300  104500-105000   00     175.49  802.9    176.27    -0.90    -9999
IRKUTSK2   031028 300  105000-105500   00     176.57  803.0    177.44    -0.20    -9999
IRKUTSK2   031028 300  105500-110000   00     175.90  803.1    176.85    -0.60    -9999
IRKUTSK2   031028 300  110000-110500   00     175.83  803.1    176.87    -0.60    -0.71
IRKUTSK2   031028 300  110500-111000   00     178.38  803.2    179.51     0.90     0.78
IRKUTSK2   031028 300  111000-111500   00     180.29  803.2    181.50     2.10     1.97
IRKUTSK2   031028 300  111500-112000   00     182.04  803.3    183.34     3.10     2.96
IRKUTSK2   031028 300  112000-112500   00     184.63  803.4    186.02     4.60     4.45
IRKUTSK2   031028 300  112500-113000   00     187.30  803.4    188.79     6.20     6.04
IRKUTSK2   031028 300  113000-113500   00     188.54  803.5    190.12     6.90     6.73
IRKUTSK2   031028 300  113500-114000   00     187.77  803.5    189.43     6.50     6.32
IRKUTSK2   031028 300  114000-114500   00     192.07  803.6    193.85     9.00     8.81
IRKUTSK2   031028 300  114500-115000   00     191.65  803.6    193.50     8.80     8.60
IRKUTSK2   031028 300  115000-115500   00     187.41  803.7    189.30     6.40     6.19
IRKUTSK2   031028 300  115500-120000   00     186.70  803.8    188.66     6.10     5.88
IRKUTSK2   031028 300  120000-120500   00     185.49  803.8    187.49     5.40     5.17
IRKUTSK2   031028 300  120500-121000   00     183.55  803.8    185.55     4.30     4.06
IRKUTSK2   031028 300  121000-121500   00     181.91  803.8    183.92     3.40     3.15
IRKUTSK2   031028 300  121500-122000   00     183.33  803.9    185.38     4.20     3.94
IRKUTSK2   031028 300  122000-122500   00     181.52  803.9    183.57     3.20     2.93
IRKUTSK2   031028 300  122500-123000   00     180.25  803.9    182.30     2.50     2.22
IRKUTSK2   031028 300  123000-123500   00     181.52  803.9    183.61     3.20     2.91
IRKUTSK2   031028 300  123500-124000   00     182.18  803.9    184.30     3.60     3.30
IRKUTSK2   031028 300  124000-124500   00     179.92  803.9    182.04     2.40     2.09
IRKUTSK2   031028 300  124500-125000   00     180.44  804.0    182.58     2.70     2.37
IRKUTSK2   031028 300  125000-125500   00     179.86  804.0    182.01     2.30     1.96
IRKUTSK2   031028 300  125500-130000   00     179.57  804.0    181.75     2.20     1.85
IRKUTSK2   031028 300  130000-130500   00     179.17  804.0    181.37     2.00     1.64
IRKUTSK2   031028 300  130500-131000   00     180.53  804.0    182.75     2.80     2.43
IRKUTSK2   031028 300  131000-131500   00     179.28  804.0    181.50     2.10     1.72
IRKUTSK2   031028 300  131500-132000   00     179.45  804.0    181.67     2.10     1.71
IRKUTSK2   031028 300  132000-132500   00     179.53  804.0    181.77     2.20     1.80
IRKUTSK2   031028 300  132500-133000   00     180.13  804.0    182.38     2.50     2.09
IRKUTSK2   031028 300  133000-133500   00     178.33  804.1    180.57     1.50     1.08
IRKUTSK2   031028 300  133500-134000   00     178.76  804.1    181.02     1.80     1.37
IRKUTSK2   031028 300  134000-134500   00     179.07  804.1    181.35     2.00     1.56
IRKUTSK2   031028 300  134500-135000   00     179.61  804.1    181.90     2.30     1.85
IRKUTSK2   031028 300  135000-135500   00     178.83  804.1    181.12     1.80     1.34
IRKUTSK2   031028 300  135500-140000   00     179.06  804.1    181.37     2.00     1.53
IRKUTSK2   031028 300  140000-140500   00     178.24  804.1    180.54     1.50     1.02
IRKUTSK2   031028 300  140500-141000   00     178.73  804.1    181.04     1.80     1.31
IRKUTSK2   031028 300  141000-141500   00     177.88  804.1    180.18     1.30     0.80
IRKUTSK2   031028 300  141500-142000   00     178.77  804.1    181.08     1.80     1.29
IRKUTSK2   031028 300  142000-142500   00     179.74  804.1    182.06     2.40     1.88
IRKUTSK2   031028 300  142500-143000   00     178.75  804.1    181.06     1.80     1.27
IRKUTSK2   031028 300  143000-143500   00     178.07  804.1    180.37     1.40     0.86
IRKUTSK2   031028 300  143500-144000   00     178.16  804.1    180.46     1.50     0.95
IRKUTSK2   031028 300  144000-144500   00     178.00  804.1    180.30     1.40     0.84
IRKUTSK2   031028 300  144500-145000   00     177.62  804.1    179.91     1.20     0.63
IRKUTSK2   031028 300  145000-145500   00     178.62  804.1    180.93     1.70     1.12
IRKUTSK2   031028 300  145500-150000   00     178.45  804.1    180.76     1.60     1.01
IRKUTSK2   031028 300  150000-150500   00     179.32  804.1    181.62     2.10     1.50
IRKUTSK2   031028 300  150500-151000   00     178.14  804.1    180.41     1.40     0.79
IRKUTSK2   031028 300  151000-151500   00     178.32  804.1    180.57     1.50     0.88
IRKUTSK2   031028 300  151500-152000   00     178.23  804.0    180.46     1.50     0.87
IRKUTSK2   031028 300  152000-152500   00     177.95  804.0    180.16     1.30     0.66
IRKUTSK2   031028 300  152500-153000   00     177.75  804.0    179.93     1.20     0.55
IRKUTSK2   031028 300  153000-153500   00     177.61  804.0    179.78     1.10     0.44
IRKUTSK2   031028 300  153500-154000   00     177.28  804.0    179.41     0.90     0.23
IRKUTSK2   031028 300  154000-154500   00     176.58  804.0    178.69     0.50    -0.18
IRKUTSK2   031028 300  154500-155000   00     177.40  803.9    179.49     0.90     0.21
IRKUTSK2   031028 300  155000-155500   00     179.14  803.9    181.23     1.90     1.20
IRKUTSK2   031028 300  155500-160000   00     178.50  803.9    180.56     1.50     0.79
IRKUTSK2   031028 300  160000-160500   00     177.60  803.9    179.62     1.00     0.28
IRKUTSK2   031028 300  160500-161000   00     177.58  803.9    179.57     1.00     0.27
IRKUTSK2   031028 300  161000-161500   00     178.14  803.8    180.10     1.30     0.56
IRKUTSK2   031028 300  161500-162000   00     176.68  803.8    178.59     0.40    -0.35
IRKUTSK2   031028 300  162000-162500   00     177.06  803.8    178.96     0.60    -0.16
IRKUTSK2   031028 300  162500-163000   00     178.05  803.8    179.92     1.20     0.43
IRKUTSK2   031028 300  163000-163500   00     177.73  803.7    179.57     1.00     0.22
IRKUTSK2   031028 300  163500-164000   00     176.83  803.7    178.63     0.40    -0.39
IRKUTSK2   031028 300  164000-164500   00     177.59  803.7    179.37     0.90     0.10
IRKUTSK2   031028 300  164500-165000   00     178.54  803.7    180.28     1.40     0.59
IRKUTSK2   031028 300  165000-165500   00     178.08  803.6    179.79     1.10     0.28
IRKUTSK2   031028 300  165500-170000   00     178.63  803.6    180.31     1.40     0.57
IRKUTSK2   031028 300  170000-170500   00     178.16  803.6    179.81     1.10     0.26
IRKUTSK2   031028 300  170500-171000   00     178.59  803.6    180.21     1.30     0.45
IRKUTSK2   031028 300  171000-171500   00     179.01  803.5    180.60     1.50     0.64
IRKUTSK2   031028 300  171500-172000   00     178.51  803.5    180.06     1.20     0.33
IRKUTSK2   031028 300  172000-172500   00     178.37  803.5    179.89     1.10     0.22
IRKUTSK2   031028 300  172500-173000   00     178.64  803.5    180.13     1.30     0.41
IRKUTSK2   031028 300  173000-173500   00     179.20  803.4    180.66     1.60     0.70
IRKUTSK2   031028 300  173500-174000   00     178.17  803.4    179.59     1.00     0.10
IRKUTSK2   031028 300  174000-174500   00     179.45  803.4    180.85     1.70     0.79
IRKUTSK2   031028 300  174500-175000   00     180.12  803.4    181.49     2.00     1.08
IRKUTSK2   031028 300  175000-175500   00     177.82  803.3    179.14     0.70    -0.23
IRKUTSK2   031028 300  175500-180000   00     177.56  803.3    178.85     0.60    -0.34
IRKUTSK2   031028 300  180000-180500   00     179.72  803.3    180.98     1.80     0.85
IRKUTSK2   031028 300  180500-181000   00     177.78  803.2    178.94     0.60    -9999
IRKUTSK2   031028 300  181000-181500   00     179.11  803.2    180.21     1.30    -9999
IRKUTSK2   031028 300  181500-182000   00     179.63  803.1    180.66     1.60    -9999
IRKUTSK2   031028 300  182000-182500   00     178.81  803.0    179.76     1.10    -9999
IRKUTSK2   031028 300  182500-183000   00     178.64  803.0    179.52     0.90    -9999
IRKUTSK2   031028 300  183000-183500   00     179.11  802.9    179.91     1.20    -9999
IRKUTSK2   031028 300  183500-184000   00     179.57  802.9    180.29     1.40    -9999
IRKUTSK2   031028 300  184000-184500   00     179.18  802.8    179.83     1.10    -9999
IRKUTSK2   031028 300  184500-185000   00     182.21  802.8    182.80     2.80    -9999
IRKUTSK2   031028 300  185000-185500   00     179.98  802.7    180.48     1.50    -9999
IRKUTSK2   031028 300  185500-190000   00     179.06  802.6    179.49     0.90    -9999
IRKUTSK2   031028 300  190000-190500   00     178.86  802.6    179.21     0.80    -9999
IRKUTSK2   031028 300  190500-191000   00     180.26  802.5    180.53     1.50    -9999
IRKUTSK2   031028 300  191000-191500   00     178.46  802.4    178.64     0.40    -9999
IRKUTSK2   031028 300  191500-192000   00     179.64  802.4    179.73     1.10    -9999
IRKUTSK2   031028 300  192000-192500   00     179.42  802.3    179.43     0.90    -9999
IRKUTSK2   031028 300  192500-193000   00     179.30  802.2    179.23     0.80    -9999
IRKUTSK2   031028 300  193000-193500   00     179.80  802.2    179.64     1.00    -9999
IRKUTSK2   031028 300  193500-194000   00     181.44  802.1    181.19     1.90    -9999
IRKUTSK2   031028 300  194000-194500   00     179.77  802.0    179.44     0.90    -9999
IRKUTSK2   031028 300  194500-195000   00     180.99  802.0    180.57     1.50    -9999
IRKUTSK2   031028 300  195000-195500   00     180.53  801.9    180.02     1.20    -9999
IRKUTSK2   031028 300  195500-200000   00     180.99  801.8    180.40     1.40    -9999
IRKUTSK2   031028 300  200000-200500   00     179.67  801.8    179.02     0.70    -9999
IRKUTSK2   031028 300  200500-201000   00     179.74  801.8    179.04     0.70    -9999
IRKUTSK2   031028 300  201000-201500   00     181.10  801.7    180.36     1.40    -9999
IRKUTSK2   031028 300  201500-202000   00     180.15  801.7    179.36     0.80    -9999
IRKUTSK2   031028 300  202000-202500   00     179.25  801.7    178.42     0.30    -9999
IRKUTSK2   031028 300  202500-203000   00     178.78  801.6    177.91     0.00    -9999
IRKUTSK2   031028 300  203000-203500   00     180.62  801.6    179.70     1.00    -9999
IRKUTSK2   031028 300  203500-204000   00     180.21  801.6    179.26     0.80    -9999
IRKUTSK2   031028 300  204000-204500   00     180.26  801.5    179.26     0.80    -9999
IRKUTSK2   031028 300  204500-205000   00     180.87  801.5    179.82     1.10    -9999
IRKUTSK2   031028 300  205000-205500   00     182.08  801.5    180.98     1.80    -9999
IRKUTSK2   031028 300  205500-210000   00     181.47  801.4    180.34     1.40    -9999
IRKUTSK2   031028 300  210000-210500   00     181.62  801.4    180.45     1.50    -9999
IRKUTSK2   031028 300  210500-211000   00     182.28  801.4    181.10     1.80    -9999
IRKUTSK2   031028 300  211000-211500   00     182.74  801.4    181.54     2.10    -9999
IRKUTSK2   031028 300  211500-212000   00     181.24  801.4    180.05     1.20    -9999
IRKUTSK2   031028 300  212000-212500   00     181.90  801.4    180.69     1.60    -9999
IRKUTSK2   031028 300  212500-213000   00     182.26  801.4    181.04     1.80    -9999
IRKUTSK2   031028 300  213000-213500   00     182.85  801.3    181.61     2.10    -9999
IRKUTSK2   031028 300  213500-214000   00     181.80  801.3    180.56     1.50    -9999
IRKUTSK2   031028 300  214000-214500   00     181.05  801.3    179.80     1.10    -9999
IRKUTSK2   031028 300  214500-215000   00     181.28  801.3    180.02     1.20    -9999
IRKUTSK2   031028 300  215000-215500   00     182.21  801.3    180.93     1.70    -9999
IRKUTSK2   031028 300  215500-220000   00     182.10  801.3    180.82     1.70    -9999
IRKUTSK2   031028 300  220000-220500   00     181.15  801.3    179.87     1.10    -9999
IRKUTSK2   031028 300  220500-221000   00     182.45  801.3    181.14     1.80    -9999
IRKUTSK2   031028 300  221000-221500   00     181.79  801.3    180.47     1.50    -9999
IRKUTSK2   031028 300  221500-222000   00     180.43  801.3    179.10     0.70    -9999
IRKUTSK2   031028 300  222000-222500   00     181.54  801.3    180.20     1.30    -9999
IRKUTSK2   031028 300  222500-223000   00     181.36  801.3    180.02     1.20    -9999
IRKUTSK2   031028 300  223000-223500   00     182.55  801.2    181.19     1.90    -9999
IRKUTSK2   031028 300  223500-224000   00     181.37  801.2    180.00     1.20    -9999
IRKUTSK2   031028 300  224000-224500   00     181.88  801.2    180.49     1.50    -9999
IRKUTSK2   031028 300  224500-225000   00     181.38  801.2    179.99     1.20    -9999
IRKUTSK2   031028 300  225000-225500   00     180.45  801.2    179.06     0.70    -9999
IRKUTSK2   031028 300  225500-230000   00     180.89  801.2    179.48     0.90    -9999
IRKUTSK2   031028 300  230000-230500   00     180.94  801.2    179.53     0.90    -9999
IRKUTSK2   031028 300  230500-231000   00     181.38  801.2    179.97     1.20    -9999
IRKUTSK2   031028 300  231000-231500   00     181.57  801.2    180.15     1.30    -9999
IRKUTSK2   031028 300  231500-232000   00     181.14  801.2    179.72     1.10    -9999
IRKUTSK2   031028 300  232000-232500   00     181.18  801.2    179.77     1.10    -9999
IRKUTSK2   031028 300  232500-233000   00     181.65  801.2    180.24     1.30    -9999
IRKUTSK2   031028 300  233000-233500   00     182.45  801.2    181.03     1.80    -9999
IRKUTSK2   031028 300  233500-234000   00     183.35  801.2    181.91     2.30    -9999
IRKUTSK2   031028 300  234000-234500   00     180.32  801.2    178.91     0.60    -9999
IRKUTSK2   031028 300  234500-235000   00     182.62  801.2    181.20     1.90    -9999
IRKUTSK2   031028 300  235000-235500   00     181.27  801.2    179.85     1.10    -9999
IRKUTSK2   031028 300  235500-240000   00     181.75  801.2    180.33     1.40    -9999
IRKUTSK2   031029 300  000000-000500   00     182.41  801.2    180.98     1.80    -9999
IRKUTSK2   031029 300  000500-001000   00     182.43  801.2    180.98     1.80    -9999
IRKUTSK2   031029 300  001000-001500   00     180.36  801.2    178.90     0.60    -9999
IRKUTSK2   031029 300  001500-002000   00     182.60  801.1    181.09     1.80    -9999
IRKUTSK2   031029 300  002000-002500   00     182.13  801.1    180.61     1.60    -9999
IRKUTSK2   031029 300  002500-003000   00     183.36  801.1    181.82     2.20    -9999
IRKUTSK2   031029 300  003000-003500   00     184.15  801.1    182.57     2.70    -9999
IRKUTSK2   031029 300  003500-004000   00     182.71  801.1    181.12     1.80    -9999
IRKUTSK2   031029 300  004000-004500   00     182.06  801.1    180.46     1.50    -9999
IRKUTSK2   031029 300  004500-005000   00     181.96  801.0    180.33     1.40    -9999
IRKUTSK2   031029 300  005000-005500   00     181.73  801.0    180.08     1.30    -9999
IRKUTSK2   031029 300  005500-010000   00     182.06  801.0    180.39     1.40    -9999
IRKUTSK2   031029 300  010000-010500   00     183.90  801.0    182.20     2.40    -9999
IRKUTSK2   031029 300  010500-011000   00     184.15  801.0    182.44     2.60    -9999
IRKUTSK2   031029 300  011000-011500   00     183.85  801.0    182.13     2.40    -9999
IRKUTSK2   031029 300  011500-012000   00     182.84  801.0    181.12     1.80    -9999
IRKUTSK2   031029 300  012000-012500   00     183.21  801.0    181.47     2.00    -9999
IRKUTSK2   031029 300  012500-013000   00     182.12  801.0    180.38     1.40    -9999
IRKUTSK2   031029 300  013000-013500   00     182.86  800.9    181.11     1.80    -9999
IRKUTSK2   031029 300  013500-014000   00     183.65  800.9    181.87     2.30    -9999
IRKUTSK2   031029 300  014000-014500   00     181.92  800.9    180.15     1.30    -9999
IRKUTSK2   031029 300  014500-015000   00     182.74  800.9    180.95     1.70    -9999
IRKUTSK2   031029 300  015000-015500   00     183.63  800.9    181.82     2.20    -9999
IRKUTSK2   031029 300  015500-020000   00     183.24  800.9    181.43     2.00    -9999
IRKUTSK2   031029 300  020000-020500   00     183.06  800.9    181.25     1.90    -9999
IRKUTSK2   031029 300  020500-021000   00     183.15  800.9    181.37     2.00    -9999
IRKUTSK2   031029 300  021000-021500   00     183.84  800.9    182.07     2.40    -9999
IRKUTSK2   031029 300  021500-022000   00     181.43  801.0    179.70     1.00    -9999
IRKUTSK2   031029 300  022000-022500   00     182.43  801.0    180.71     1.60    -9999
IRKUTSK2   031029 300  022500-023000   00     184.70  801.0    182.99     2.90    -9999
IRKUTSK2   031029 300  023000-023500   00     182.62  801.0    180.94     1.70    -9999
IRKUTSK2   031029 300  023500-024000   00     182.39  801.0    180.74     1.60    -9999
IRKUTSK2   031029 300  024000-024500   00     183.80  801.0    182.16     2.40    -9999
IRKUTSK2   031029 300  024500-025000   00     182.67  801.1    181.06     1.80    -9999
IRKUTSK2   031029 300  025000-025500   00     183.66  801.1    182.06     2.40    -9999
IRKUTSK2   031029 300  025500-030000   00     183.10  801.1    181.53     2.10    -9999
IRKUTSK2   031029 300  030000-030500   00     183.01  801.1    181.44     2.00    -9999
IRKUTSK2   031029 300  030500-031000   00     182.02  801.1    180.44     1.50    -9999
IRKUTSK2   031029 300  031000-031500   00     181.72  801.1    180.12     1.30    -9999
IRKUTSK2   031029 300  031500-032000   00     183.07  801.0    181.44     2.00    -9999
IRKUTSK2   031029 300  032000-032500   00     183.44  801.0    181.79     2.20    -9999
IRKUTSK2   031029 300  032500-033000   00     184.01  801.0    182.33     2.50    -9999
IRKUTSK2   031029 300  033000-033500   00     181.40  801.0    179.72     1.10    -9999
IRKUTSK2   031029 300  033500-034000   00     182.08  801.0    180.37     1.40    -9999
IRKUTSK2   031029 300  034000-034500   00     182.45  801.0    180.72     1.60    -9999
IRKUTSK2   031029 300  034500-035000   00     182.46  800.9    180.71     1.60    -9999
IRKUTSK2   031029 300  035000-035500   00     182.44  800.9    180.66     1.60    -9999
IRKUTSK2   031029 300  035500-040000   00     182.60  800.9    180.80     1.70    -9999
IRKUTSK2   031029 300  040000-040500   00     182.54  800.9    180.72     1.60    -9999
IRKUTSK2   031029 300  040500-041000   00     182.87  800.9    181.04     1.80    -9999
IRKUTSK2   031029 300  041000-041500   00     183.23  800.9    181.38     2.00    -9999
IRKUTSK2   031029 300  041500-042000   00     184.08  800.9    182.22     2.50    -9999
IRKUTSK2   031029 300  042000-042500   00     183.02  800.9    181.16     1.90    -9999
IRKUTSK2   031029 300  042500-043000   00     184.01  800.9    182.12     2.40    -9999
IRKUTSK2   031029 300  043000-043500   00     183.81  800.8    181.91     2.30    -9999
IRKUTSK2   031029 300  043500-044000   00     182.58  800.8    180.69     1.60    -9999
IRKUTSK2   031029 300  044000-044500   00     184.41  800.8    182.48     2.60    -9999
IRKUTSK2   031029 300  044500-045000   00     184.06  800.8    182.13     2.40    -9999
IRKUTSK2   031029 300  045000-045500   00     184.21  800.8    182.27     2.50    -9999
IRKUTSK2   031029 300  045500-050000   00     183.60  800.8    181.65     2.10    -9999
IRKUTSK2   031029 300  050000-050500   00     183.08  800.8    181.12     1.80    -9999
IRKUTSK2   031029 300  050500-051000   00     182.97  800.8    180.99     1.80    -9999
IRKUTSK2   031029 300  051000-051500   00     184.77  800.8    182.76     2.80    -9999
IRKUTSK2   031029 300  051500-052000   00     184.42  800.7    182.39     2.60    -9999
IRKUTSK2   031029 300  052000-052500   00     184.39  800.7    182.33     2.50    -9999
IRKUTSK2   031029 300  052500-053000   00     184.04  800.7    181.96     2.30    -9999
IRKUTSK2   031029 300  053000-053500   00     184.26  800.7    182.16     2.40    -9999
IRKUTSK2   031029 300  053500-054000   00     183.44  800.7    181.33     2.00    -9999
IRKUTSK2   031029 300  054000-054500   00     184.75  800.7    182.61     2.70    -9999
IRKUTSK2   031029 300  054500-055000   00     184.35  800.6    182.18     2.40    -9999
IRKUTSK2   031029 300  055000-055500   00     184.75  800.6    182.56     2.60    -9999
IRKUTSK2   031029 300  055500-060000   00     185.58  800.6    183.36     3.10    -9999
IRKUTSK2   031029 300  060000-060500   00     183.99  800.6    181.77     2.20    -9999
IRKUTSK2   031029 300  060500-061000   00     183.39  800.6    181.16     1.90    -9999
IRKUTSK2   031029 300  061000-061500   00     183.34  800.6    181.10     1.80    -9999
IRKUTSK2   031029 300  061500-062000   00     183.91  800.6    181.66     2.10    -9999
IRKUTSK2   031029 300  062000-062500   00     184.65  800.6    182.38     2.50    -9999
IRKUTSK2   031029 300  062500-063000   00     182.41  800.6    180.15     1.30    -9999
IRKUTSK2   031029 300  063000-063500   00     178.35  800.5    176.13    -1.00    -9999
IRKUTSK2   031029 300  063500-064000   00     178.45  800.5    176.22    -0.90    -9999
IRKUTSK2   031029 300  064000-064500   00     178.56  800.5    176.33    -0.90    -9999
IRKUTSK2   031029 300  064500-065000   00     179.29  800.5    177.03    -0.50    -9999
IRKUTSK2   031029 300  065000-065500   00     180.60  800.5    178.32     0.30    -9999
IRKUTSK2   031029 300  065500-070000   00     181.87  800.5    179.55     1.00    -9999
IRKUTSK2   031029 300  070000-070500   00     181.15  800.5    178.85     0.60    -9999
IRKUTSK2   031029 300  070500-071000   00     179.66  800.5    177.42    -0.20    -9999
IRKUTSK2   031029 300  071000-071500   00     181.08  800.6    178.84     0.60    -9999
IRKUTSK2   031029 300  071500-072000   00     179.13  800.6    176.95    -0.50    -9999
IRKUTSK2   031029 300  072000-072500   00     179.35  800.6    177.21    -0.40    -9999
IRKUTSK2   031029 300  072500-073000   00     178.17  800.6    176.07    -1.00    -9999
IRKUTSK2   031029 300  073000-073500   00     180.03  800.7    177.94     0.10    -9999
IRKUTSK2   031029 300  073500-074000   00     175.62  800.7    173.61    -2.40    -9999
IRKUTSK2   031029 300  074000-074500   00     177.49  800.7    175.49    -1.30    -9999
IRKUTSK2   031029 300  074500-075000   00     177.62  800.7    175.65    -1.20    -9999
IRKUTSK2   031029 300  075000-075500   00     177.77  800.8    175.83    -1.10    -9999
IRKUTSK2   031029 300  075500-080000   00     180.27  800.8    178.34     0.30    -9999
IRKUTSK2   031029 300  080000-080500   00     178.69  800.8    176.80    -0.60    -9999
IRKUTSK2   031029 300  080500-081000   00     179.69  800.8    177.81     0.00    -9999
IRKUTSK2   031029 300  081000-081500   00     178.65  800.8    176.80    -0.60    -9999
IRKUTSK2   031029 300  081500-082000   00     178.51  800.9    176.68    -0.70    -9999
IRKUTSK2   031029 300  082000-082500   00     177.61  800.9    175.81    -1.10    -9999
IRKUTSK2   031029 300  082500-083000   00     179.15  800.9    177.35    -0.30    -9999
IRKUTSK2   031029 300  083000-083500   00     177.62  800.9    175.87    -1.10    -9999
IRKUTSK2   031029 300  083500-084000   00     177.63  800.9    175.90    -1.10    -9999
IRKUTSK2   031029 300  084000-084500   00     178.08  800.9    176.37    -0.80    -9999
IRKUTSK2   031029 300  084500-085000   00     178.07  801.0    176.38    -0.80    -9999
IRKUTSK2   031029 300  085000-085500   00     177.67  801.0    175.99    -1.00    -9999
IRKUTSK2   031029 300  085500-090000   00     174.65  801.0    173.02    -2.70    -9999
IRKUTSK2   031029 300  090000-090500   00     174.65  801.0    173.05    -2.70    -9999
IRKUTSK2   031029 300  090500-091000   00     173.73  801.0    172.17    -3.20    -9999
IRKUTSK2   031029 300  091000-091500   00     172.69  801.1    171.17    -3.80    -9999
IRKUTSK2   031029 300  091500-092000   00     171.96  801.1    170.48    -4.10    -9999
IRKUTSK2   031029 300  092000-092500   00     172.63  801.1    171.17    -3.80    -9999
IRKUTSK2   031029 300  092500-093000   00     172.32  801.1    170.89    -3.90    -9999
IRKUTSK2   031029 300  093000-093500   00     174.28  801.2    172.87    -2.80    -9999
IRKUTSK2   031029 300  093500-094000   00     173.16  801.2    171.79    -3.40    -9999
IRKUTSK2   031029 300  094000-094500   00     171.54  801.2    170.21    -4.30    -9999
IRKUTSK2   031029 300  094500-095000   00     169.78  801.2    168.49    -5.30    -9999
IRKUTSK2   031029 300  095000-095500   00     169.90  801.3    168.64    -5.20    -9999
IRKUTSK2   031029 300  095500-100000   00     170.33  801.3    169.10    -4.90    -9999
IRKUTSK2   031029 300  100000-100500   00     169.66  801.3    168.47    -5.30    -9999
IRKUTSK2   031029 300  100500-101000   00     169.41  801.4    168.27    -5.40    -9999
IRKUTSK2   031029 300  101000-101500   00     170.16  801.4    169.07    -4.90    -9999
IRKUTSK2   031029 300  101500-102000   00     171.72  801.4    170.68    -4.00    -9999
IRKUTSK2   031029 300  102000-102500   00     170.07  801.5    169.08    -4.90    -9999
IRKUTSK2   031029 300  102500-103000   00     170.20  801.5    169.27    -4.80    -9999
IRKUTSK2   031029 300  103000-103500   00     168.16  801.6    167.28    -5.90    -9999
IRKUTSK2   031029 300  103500-104000   00     167.38  801.6    166.56    -6.30    -9999
IRKUTSK2   031029 300  104000-104500   00     165.15  801.7    164.39    -7.60    -9999
IRKUTSK2   031029 300  104500-105000   00     163.91  801.7    163.20    -8.20    -9999
IRKUTSK2   031029 300  105000-105500   00     161.62  801.7    160.97    -9.50    -9999
IRKUTSK2   031029 300  105500-110000   00     162.70  801.8    162.09    -8.90    -9999
IRKUTSK2   031029 300  110000-110500   00     162.06  801.8    161.48    -9.20    -9999
IRKUTSK2   031029 300  110500-111000   00     161.64  801.8    161.06    -9.40    -9999
IRKUTSK2   031029 300  111000-111500   00     161.27  801.8    160.70    -9.60    -9999
IRKUTSK2   031029 300  111500-112000   00     161.26  801.8    160.69    -9.60    -9999
IRKUTSK2   031029 300  112000-112500   00     161.08  801.8    160.51    -9.70    -9999
IRKUTSK2   031029 300  112500-113000   00     160.90  801.8    160.33    -9.90    -9999
IRKUTSK2   031029 300  113000-113500   00     160.51  801.8    159.93   -10.10    -9999
IRKUTSK2   031029 300  113500-114000   00     159.26  801.8    158.69   -10.80    -9999
IRKUTSK2   031029 300  114000-114500   00     158.14  801.8    157.58   -11.40    -9999
IRKUTSK2   031029 300  114500-115000   00     157.30  801.8    156.74   -11.90    -9999
IRKUTSK2   031029 300  115000-115500   00     157.31  801.8    156.75   -11.90    -9999
IRKUTSK2   031029 300  115500-120000   00     155.00  801.8    154.45   -13.20    -9999
IRKUTSK2   031029 3600 120000-130000   00     148.88  802.3    148.88   -16.30    -9999
IRKUTSK2   031029 3600 130000-140000   00     139.72  802.1    139.52   -21.60    -9999
IRKUTSK2   031029 3600 140000-150000   00     142.38  802.1    142.18   -20.10    -9999
IRKUTSK2   031029 3600 150000-160000   00     146.92  801.9    146.50   -17.60    -9999
IRKUTSK2   031029 3600 160000-170000   00     145.54  801.8    145.03   -18.50    -9999
IRKUTSK2   031029 3600 170000-180000   00     140.31  801.1    139.12   -21.80    -9999
IRKUTSK2   031029 3600 180000-190000   00     147.42  800.7    145.74   -18.10    -9999
IRKUTSK2   031029 3600 190000-200000   00     148.33  800.1    146.02   -17.90    -9999
IRKUTSK2   031029 3600 200000-210000   00     146.42  799.4    143.42   -19.40    -9999
IRKUTSK2   031029 3600 210000-220000   00     148.98  798.7    145.21   -18.40    -9999
IRKUTSK2   031029 3600 220000-230000   00     151.12  798.2    146.76   -17.50    -9999
IRKUTSK2   031029 3600 230000-240000   00     155.66  797.5    150.42   -15.40    -9999
*
COMMENT    THE CLOCK OF REGISRATOR IS FAST ON+SEC (SLOW ON-SEC) IS 	
"COMMENT    SUPPORTING BY GPS OR INTERNETCLOCKSERVER;"	
COMMENT    PRE-INCREASE LEVEL VERIFIED AND CORRECTED (I.USOSKIN)	
COMMENT UNIVERISTY OF OULU: FILE GENERATED FROM DATABASE AND OBTAINED FROM
COMMENT https://gle.oulu.fi at 2023-04-03 12:51:18 +00:00
COMMENT FOR HISTORICAL/ORIGINAL TEXT FILES SEE https://gle.oulu.fi/txtarchive/
COMMENT ORIGINAL AT https://gle.oulu.fi/txtarchive/GLE65/C065IRK2_cor.DAT
COMMENT DETRENDED DATA SHOW -9999 IF EQUAL TO INC% COLUMN 