IRKUTSK3   LATITUDE    52.28     LONGITUDE     104.02    ALTITUDE    3000 M
IRKUTSK3   INSTRUMENT   6NM64    NEUTRON MONITOR     
IRKUTSK3   STANDARD PRESSURE    723.2   mb     COEFFICIENT   -0.72     % / mb
IRKUTSK3   PRE-INCREASE BASELINE TIME INTERVAL    031028    100000-110000   UT
IRKUTSK3   PRE-INCREASE AVERAGE COUNTING RATE    335.36      COUNTS PER SECOND
IRKUTSK3   TIME INTERVALS    300         3600     
IRKUTSK3   SCALE FACTORS     1           1        
STATION    YYMMDD  SEC   TIME (UT)   CODE    UNCORR. PRESS.    CORR.    % INC.	DETRENDED
                         INTERVAL    TD      C/S     (mb)      C/S
IRKUTSK3   031027 3600 000000-010000   00    -999.00 -999.0   -999.00    -9999    -9999
IRKUTSK3   031027 3600 010000-020000   00    -999.00 -999.0   -999.00    -9999    -9999
IRKUTSK3   031027 3600 020000-030000   00    -999.00 -999.0   -999.00    -9999    -9999
IRKUTSK3   031027 3600 030000-040000   00    -999.00 -999.0   -999.00    -9999    -9999
IRKUTSK3   031027 3600 040000-050000   00    -999.00 -999.0   -999.00    -9999    -9999
IRKUTSK3   031027 3600 050000-060000   00    -999.00 -999.0   -999.00    -9999    -9999
IRKUTSK3   031027 3600 060000-070000   00    -999.00 -999.0   -999.00    -9999    -9999
IRKUTSK3   031027 3600 070000-080000   00    -999.00 -999.0   -999.00    -9999    -9999
IRKUTSK3   031027 3600 080000-090000   00    -999.00 -999.0   -999.00    -9999    -9999
IRKUTSK3   031027 3600 090000-100000   00    -999.00 -999.0   -999.00    -9999    -9999
IRKUTSK3   031027 3600 100000-110000   00    -999.00 -999.0   -999.00    -9999    -9999
IRKUTSK3   031027 3600 110000-120000   00    -999.00 -999.0   -999.00    -9999    -9999
IRKUTSK3   031027 3600 120000-130000   00    -999.00 -999.0   -999.00    -9999    -9999
IRKUTSK3   031027 3600 130000-140000   00    -999.00 -999.0   -999.00    -9999    -9999
IRKUTSK3   031027 3600 140000-150000   00    -999.00 -999.0   -999.00    -9999    -9999
IRKUTSK3   031027 3600 150000-160000   00    -999.00 -999.0   -999.00    -9999    -9999
IRKUTSK3   031027 3600 160000-170000   00    -999.00 -999.0   -999.00    -9999    -9999
IRKUTSK3   031027 3600 170000-180000   00    -999.00 -999.0   -999.00    -9999    -9999
IRKUTSK3   031027 3600 180000-190000   00    -999.00 -999.0   -999.00    -9999    -9999
IRKUTSK3   031027 3600 190000-200000   00    -999.00 -999.0   -999.00    -9999    -9999
IRKUTSK3   031027 3600 200000-210000   00    -999.00 -999.0   -999.00    -9999    -9999
IRKUTSK3   031027 3600 210000-220000   00    -999.00 -999.0   -999.00    -9999    -9999
IRKUTSK3   031027 3600 220000-230000   00    -999.00 -999.0   -999.00    -9999    -9999
IRKUTSK3   031027 3600 230000-240000   00    -999.00 -999.0   -999.00    -9999    -9999
IRKUTSK3   031028 3600 000000-010000   00     353.20  719.9    344.91     2.80    -9999
IRKUTSK3   031028 3600 010000-020000   00     355.53  720.2    347.93     3.70    -9999
IRKUTSK3   031028 3600 020000-030000   00     353.20  719.9    344.91     2.80    -9999
IRKUTSK3   031028 3600 030000-040000   00     355.53  720.2    347.93     3.70    -9999
IRKUTSK3   031028 3600 040000-050000   00     352.89  720.2    345.35     3.00    -9999
IRKUTSK3   031028 3600 050000-060000   00     351.24  720.5    344.47     2.70    -9999
IRKUTSK3   031028 3600 060000-070000   00     349.31  720.6    342.83     2.20    -9999
IRKUTSK3   031028 3600 070000-080000   00     346.32  721.5    342.11     2.00    -9999
IRKUTSK3   031028 3600 080000-090000   00     344.97  722.1    342.25     2.10    -9999
IRKUTSK3   031028 300  090000-090500   00     343.33  722.6    341.90     2.00    -9999
IRKUTSK3   031028 300  090500-091000   00     344.18  722.7    342.86     2.20    -9999
IRKUTSK3   031028 300  091000-091500   00     337.78  722.7    336.61     0.40    -9999
IRKUTSK3   031028 300  091500-092000   00     340.55  722.8    339.49     1.20    -9999
IRKUTSK3   031028 300  092000-092500   00     343.94  722.8    343.00     2.30    -9999
IRKUTSK3   031028 300  092500-093000   00     340.94  722.9    340.14     1.40    -9999
IRKUTSK3   031028 300  093000-093500   00     343.62  722.9    342.92     2.30    -9999
IRKUTSK3   031028 300  093500-094000   00     337.58  723.0    337.02     0.50    -9999
IRKUTSK3   031028 300  094000-094500   00     339.10  723.0    338.66     1.00    -9999
IRKUTSK3   031028 300  094500-095000   00     340.59  723.1    340.28     1.50    -9999
IRKUTSK3   031028 300  095000-095500   00     338.90  723.1    338.70     1.00    -9999
IRKUTSK3   031028 300  095500-100000   00     338.27  723.2    338.20     0.80    -9999
IRKUTSK3   031028 300  100000-100500   00     336.76  723.2    336.79     0.40    -9999
IRKUTSK3   031028 300  100500-101000   00     331.98  723.2    332.10    -1.00    -9999
IRKUTSK3   031028 300  101000-101500   00     335.74  723.3    335.94     0.20    -9999
IRKUTSK3   031028 300  101500-102000   00     336.63  723.3    336.91     0.50    -9999
IRKUTSK3   031028 300  102000-102500   00     335.13  723.3    335.48     0.00    -9999
IRKUTSK3   031028 300  102500-103000   00     334.91  723.4    335.34     0.00    -9999
IRKUTSK3   031028 300  103000-103500   00     334.97  723.4    335.49     0.00    -9999
IRKUTSK3   031028 300  103500-104000   00     335.75  723.4    336.34     0.30    -9999
IRKUTSK3   031028 300  104000-104500   00     333.35  723.5    334.02    -0.40    -9999
IRKUTSK3   031028 300  104500-105000   00     335.22  723.5    335.97     0.20    -9999
IRKUTSK3   031028 300  105000-105500   00     335.89  723.5    336.73     0.40    -9999
IRKUTSK3   031028 300  105500-110000   00     332.33  723.6    333.24    -0.60    -9999
IRKUTSK3   031028 300  110000-110500   00     335.33  723.6    336.31     0.30     0.28
IRKUTSK3   031028 300  110500-111000   00     332.57  723.6    333.56    -0.50    -0.54
IRKUTSK3   031028 300  111000-111500   00     337.11  723.6    338.13     0.80     0.75
IRKUTSK3   031028 300  111500-112000   00     339.68  723.6    340.73     1.60     1.53
IRKUTSK3   031028 300  112000-112500   00     346.44  723.6    347.54     3.60     3.52
IRKUTSK3   031028 300  112500-113000   00     347.88  723.6    348.99     4.10     4.01
IRKUTSK3   031028 300  113000-113500   00     348.49  723.7    349.63     4.30     4.19
IRKUTSK3   031028 300  113500-114000   00     354.69  723.7    355.87     6.10     5.98
IRKUTSK3   031028 300  114000-114500   00     359.50  723.7    360.72     7.60     7.46
IRKUTSK3   031028 300  114500-115000   00     362.14  723.7    363.40     8.40     8.25
IRKUTSK3   031028 300  115000-115500   00     360.44  723.7    361.71     7.90     7.74
IRKUTSK3   031028 300  115500-120000   00     360.49  723.7    361.78     7.90     7.72
IRKUTSK3   031028 300  120000-120500   00     357.45  723.7    358.76     7.00     6.81
IRKUTSK3   031028 300  120500-121000   00     352.48  723.7    353.81     5.50     5.29
IRKUTSK3   031028 300  121000-121500   00     349.09  723.7    350.45     4.50     4.28
IRKUTSK3   031028 300  121500-122000   00     348.41  723.8    349.81     4.30     4.07
IRKUTSK3   031028 300  122000-122500   00     346.56  723.8    348.00     3.80     3.55
IRKUTSK3   031028 300  122500-123000   00     345.55  723.8    347.02     3.50     3.24
IRKUTSK3   031028 300  123000-123500   00     346.54  723.8    348.06     3.80     3.52
IRKUTSK3   031028 300  123500-124000   00     345.81  723.8    347.37     3.60     3.31
IRKUTSK3   031028 300  124000-124500   00     346.15  723.8    347.75     3.70     3.40
IRKUTSK3   031028 300  124500-125000   00     344.44  723.9    346.07     3.20     2.88
IRKUTSK3   031028 300  125000-125500   00     346.14  723.9    347.82     3.70     3.37
IRKUTSK3   031028 300  125500-130000   00     344.18  723.9    345.90     3.10     2.76
IRKUTSK3   031028 300  130000-130500   00     344.47  723.9    346.22     3.20     2.84
IRKUTSK3   031028 300  130500-131000   00     346.60  723.9    348.35     3.90     3.53
IRKUTSK3   031028 300  131000-131500   00     347.11  723.9    348.86     4.00     3.61
IRKUTSK3   031028 300  131500-132000   00     343.87  723.9    345.60     3.10     2.70
IRKUTSK3   031028 300  132000-132500   00     344.38  723.9    346.12     3.20     2.79
IRKUTSK3   031028 300  132500-133000   00     342.69  723.9    344.43     2.70     2.27
IRKUTSK3   031028 300  133000-133500   00     342.53  723.9    344.26     2.70     2.26
IRKUTSK3   031028 300  133500-134000   00     341.17  723.9    342.89     2.20     1.74
IRKUTSK3   031028 300  134000-134500   00     339.58  723.9    341.30     1.80     1.33
IRKUTSK3   031028 300  134500-135000   00     341.99  723.9    343.71     2.50     2.02
IRKUTSK3   031028 300  135000-135500   00     340.81  723.9    342.53     2.10     1.60
IRKUTSK3   031028 300  135500-140000   00     341.45  723.9    343.18     2.30     1.79
IRKUTSK3   031028 300  140000-140500   00     339.96  723.9    341.69     1.90     1.37
IRKUTSK3   031028 300  140500-141000   00     341.54  723.9    343.29     2.40     1.86
IRKUTSK3   031028 300  141000-141500   00     344.96  723.9    346.76     3.40     2.85
IRKUTSK3   031028 300  141500-142000   00     342.49  723.9    344.29     2.70     2.13
IRKUTSK3   031028 300  142000-142500   00     343.85  723.9    345.68     3.10     2.52
IRKUTSK3   031028 300  142500-143000   00     343.48  723.9    345.33     3.00     2.40
IRKUTSK3   031028 300  143000-143500   00     341.95  724.0    343.80     2.50     1.89
IRKUTSK3   031028 300  143500-144000   00     340.88  724.0    342.75     2.20     1.58
IRKUTSK3   031028 300  144000-144500   00     341.80  724.0    343.70     2.50     1.86
IRKUTSK3   031028 300  144500-145000   00     342.31  724.0    344.23     2.60     1.95
IRKUTSK3   031028 300  145000-145500   00     341.96  724.0    343.90     2.50     1.83
IRKUTSK3   031028 300  145500-150000   00     343.39  724.0    345.36     3.00     2.32
IRKUTSK3   031028 300  150000-150500   00     339.58  724.0    341.52     1.80     1.11
IRKUTSK3   031028 300  150500-151000   00     339.32  724.0    341.20     1.70     0.99
IRKUTSK3   031028 300  151000-151500   00     339.47  723.9    341.28     1.80     1.08
IRKUTSK3   031028 300  151500-152000   00     339.94  723.9    341.70     1.90     1.16
IRKUTSK3   031028 300  152000-152500   00     338.23  723.9    339.92     1.40     0.65
IRKUTSK3   031028 300  152500-153000   00     339.73  723.9    341.36     1.80     1.04
IRKUTSK3   031028 300  153000-153500   00     339.01  723.8    340.58     1.60     0.82
IRKUTSK3   031028 300  153500-154000   00     340.98  723.8    342.49     2.10     1.31
IRKUTSK3   031028 300  154000-154500   00     341.92  723.8    343.38     2.40     1.60
IRKUTSK3   031028 300  154500-155000   00     339.65  723.8    341.03     1.70     0.88
IRKUTSK3   031028 300  155000-155500   00     340.83  723.7    342.16     2.00     1.17
IRKUTSK3   031028 300  155500-160000   00     337.76  723.7    339.01     1.10     0.25
IRKUTSK3   031028 300  160000-160500   00     337.72  723.7    338.92     1.10     0.24
IRKUTSK3   031028 300  160500-161000   00     338.74  723.7    339.91     1.40     0.53
IRKUTSK3   031028 300  161000-161500   00     341.92  723.7    343.06     2.30     1.41
IRKUTSK3   031028 300  161500-162000   00     340.65  723.6    341.74     1.90     1.00
IRKUTSK3   031028 300  162000-162500   00     338.45  723.6    339.49     1.20     0.28
IRKUTSK3   031028 300  162500-163000   00     344.36  723.6    345.37     3.00     2.07
IRKUTSK3   031028 300  163000-163500   00     342.08  723.6    343.05     2.30     1.36
IRKUTSK3   031028 300  163500-164000   00     340.02  723.6    340.95     1.70     0.74
IRKUTSK3   031028 300  164000-164500   00     339.09  723.6    339.96     1.40     0.43
IRKUTSK3   031028 300  164500-165000   00     340.84  723.5    341.68     1.90     0.91
IRKUTSK3   031028 300  165000-165500   00     341.34  723.5    342.14     2.00     1.00
IRKUTSK3   031028 300  165500-170000   00     338.52  723.5    339.28     1.20     0.19
IRKUTSK3   031028 300  170000-170500   00     341.36  723.5    342.06     2.00     0.97
IRKUTSK3   031028 300  170500-171000   00     342.16  723.4    342.76     2.20     1.16
IRKUTSK3   031028 300  171000-171500   00     340.28  723.4    340.77     1.60     0.54
IRKUTSK3   031028 300  171500-172000   00     341.95  723.4    342.34     2.10     1.03
IRKUTSK3   031028 300  172000-172500   00     340.64  723.3    340.93     1.70     0.62
IRKUTSK3   031028 300  172500-173000   00     344.02  723.3    344.21     2.60     1.50
IRKUTSK3   031028 300  173000-173500   00     340.32  723.2    340.40     1.50     0.39
IRKUTSK3   031028 300  173500-174000   00     340.43  723.2    340.41     1.50     0.37
IRKUTSK3   031028 300  174000-174500   00     344.21  723.2    344.09     2.60     1.46
IRKUTSK3   031028 300  174500-175000   00     344.36  723.1    344.13     2.60     1.45
IRKUTSK3   031028 300  175000-175500   00     342.24  723.1    341.91     2.00     0.83
IRKUTSK3   031028 300  175500-180000   00     340.73  723.0    340.30     1.50     0.32
IRKUTSK3   031028 300  180000-180500   00     343.09  723.0    342.55     2.10     0.91
IRKUTSK3   031028 300  180500-181000   00     338.81  722.9    338.18     0.80    -0.41
IRKUTSK3   031028 300  181000-181500   00     343.18  722.9    342.44     2.10     0.88
IRKUTSK3   031028 300  181500-182000   00     342.51  722.9    341.67     1.90     0.66
IRKUTSK3   031028 300  182000-182500   00     343.55  722.8    342.60     2.20     0.95
IRKUTSK3   031028 300  182500-183000   00     343.17  722.8    342.12     2.00     0.74
IRKUTSK3   031028 300  183000-183500   00     342.07  722.7    340.93     1.70     0.42
IRKUTSK3   031028 300  183500-184000   00     342.65  722.7    341.39     1.80     0.51
IRKUTSK3   031028 300  184000-184500   00     343.95  722.7    342.59     2.20     0.89
IRKUTSK3   031028 300  184500-185000   00     340.89  722.6    339.44     1.20    -0.12
IRKUTSK3   031028 300  185000-185500   00     341.96  722.6    340.40     1.50     0.17
IRKUTSK3   031028 300  185500-190000   00     339.70  722.5    338.05     0.80    -0.55
IRKUTSK3   031028 300  190000-190500   00     342.98  722.5    341.22     1.70     0.34
IRKUTSK3   031028 300  190500-191000   00     339.32  722.4    337.47     0.60    -0.78
IRKUTSK3   031028 300  191000-191500   00     342.09  722.4    340.12     1.40     0.01
IRKUTSK3   031028 300  191500-192000   00     339.79  722.4    337.74     0.70    -0.70
IRKUTSK3   031028 300  192000-192500   00     339.64  722.3    337.48     0.60    -0.82
IRKUTSK3   031028 300  192500-193000   00     340.45  722.3    338.19     0.80    -0.63
IRKUTSK3   031028 300  193000-193500   00     343.98  722.2    341.59     1.90     0.45
IRKUTSK3   031028 300  193500-194000   00     342.69  722.2    340.22     1.40    -0.06
IRKUTSK3   031028 300  194000-194500   00     344.59  722.2    341.99     2.00     0.53
IRKUTSK3   031028 300  194500-195000   00     343.21  722.1    340.52     1.50     0.01
IRKUTSK3   031028 300  195000-195500   00     345.42  722.1    342.62     2.20     0.70
IRKUTSK3   031028 300  195500-200000   00     345.81  722.0    342.89     2.20     0.68
IRKUTSK3   031028 300  200000-200500   00     343.81  722.0    340.83     1.60     0.07
IRKUTSK3   031028 300  200500-201000   00     343.16  722.0    340.15     1.40    -9999
IRKUTSK3   031028 300  201000-201500   00     339.24  722.0    336.23     0.30    -9999
IRKUTSK3   031028 300  201500-202000   00     346.89  721.9    343.77     2.50    -9999
IRKUTSK3   031028 300  202000-202500   00     342.07  721.9    338.95     1.10    -9999
IRKUTSK3   031028 300  202500-203000   00     343.64  721.9    340.46     1.50    -9999
IRKUTSK3   031028 300  203000-203500   00     343.31  721.9    340.10     1.40    -9999
IRKUTSK3   031028 300  203500-204000   00     343.76  721.9    340.50     1.50    -9999
IRKUTSK3   031028 300  204000-204500   00     345.00  721.9    341.69     1.90    -9999
IRKUTSK3   031028 300  204500-205000   00     341.05  721.8    337.73     0.70    -9999
IRKUTSK3   031028 300  205000-205500   00     343.72  721.8    340.33     1.50    -9999
IRKUTSK3   031028 300  205500-210000   00     343.99  721.8    340.57     1.60    -9999
IRKUTSK3   031028 300  210000-210500   00     347.10  721.8    343.59     2.50    -9999
IRKUTSK3   031028 300  210500-211000   00     344.02  721.8    340.48     1.50    -9999
IRKUTSK3   031028 300  211000-211500   00     344.23  721.7    340.63     1.60    -9999
IRKUTSK3   031028 300  211500-212000   00     341.84  721.7    338.21     0.80    -9999
IRKUTSK3   031028 300  212000-212500   00     345.44  721.7    341.71     1.90    -9999
IRKUTSK3   031028 300  212500-213000   00     346.66  721.7    342.84     2.20    -9999
IRKUTSK3   031028 300  213000-213500   00     344.77  721.6    340.92     1.70    -9999
IRKUTSK3   031028 300  213500-214000   00     343.16  721.6    339.27     1.20    -9999
IRKUTSK3   031028 300  214000-214500   00     343.58  721.6    339.62     1.30    -9999
IRKUTSK3   031028 300  214500-215000   00     345.44  721.6    341.39     1.80    -9999
IRKUTSK3   031028 300  215000-215500   00     346.77  721.5    342.65     2.20    -9999
IRKUTSK3   031028 300  215500-220000   00     345.46  721.5    341.30     1.80    -9999
IRKUTSK3   031028 300  220000-220500   00     347.87  721.5    343.65     2.50    -9999
IRKUTSK3   031028 300  220500-221000   00     342.56  721.5    338.45     0.90    -9999
IRKUTSK3   031028 300  221000-221500   00     345.33  721.5    341.22     1.70    -9999
IRKUTSK3   031028 300  221500-222000   00     346.02  721.6    341.95     2.00    -9999
IRKUTSK3   031028 300  222000-222500   00     345.41  721.6    341.39     1.80    -9999
IRKUTSK3   031028 300  222500-223000   00     344.74  721.6    340.77     1.60    -9999
IRKUTSK3   031028 300  223000-223500   00     343.77  721.6    339.85     1.30    -9999
IRKUTSK3   031028 300  223500-224000   00     346.95  721.6    343.03     2.30    -9999
IRKUTSK3   031028 300  224000-224500   00     348.54  721.6    344.65     2.80    -9999
IRKUTSK3   031028 300  224500-225000   00     346.41  721.7    342.59     2.20    -9999
IRKUTSK3   031028 300  225000-225500   00     348.08  721.7    344.27     2.70    -9999
IRKUTSK3   031028 300  225500-230000   00     344.97  721.7    341.24     1.80    -9999
IRKUTSK3   031028 300  230000-230500   00     346.22  721.7    342.50     2.10    -9999
IRKUTSK3   031028 300  230500-231000   00     343.76  721.7    340.04     1.40    -9999
IRKUTSK3   031028 300  231000-231500   00     343.67  721.7    339.93     1.40    -9999
IRKUTSK3   031028 300  231500-232000   00     346.82  721.7    343.03     2.30    -9999
IRKUTSK3   031028 300  232000-232500   00     341.82  721.7    338.06     0.80    -9999
IRKUTSK3   031028 300  232500-233000   00     341.34  721.7    337.56     0.70    -9999
IRKUTSK3   031028 300  233000-233500   00     349.78  721.6    345.89     3.10    -9999
IRKUTSK3   031028 300  233500-234000   00     344.93  721.6    341.08     1.70    -9999
IRKUTSK3   031028 300  234000-234500   00     346.62  721.6    342.72     2.20    -9999
IRKUTSK3   031028 300  234500-235000   00     349.73  721.6    345.78     3.10    -9999
IRKUTSK3   031028 300  235000-235500   00     344.23  721.6    340.32     1.50    -9999
IRKUTSK3   031028 300  235500-240000   00     349.26  721.6    345.27     3.00    -9999
IRKUTSK3   031029 300  000000-000500   00     347.12  721.6    343.16     2.30    -9999
IRKUTSK3   031029 300  000500-001000   00     346.53  721.6    342.59     2.20    -9999
IRKUTSK3   031029 300  001000-001500   00     348.15  721.6    344.21     2.60    -9999
IRKUTSK3   031029 300  001500-002000   00     346.46  721.6    342.56     2.10    -9999
IRKUTSK3   031029 300  002000-002500   00     346.63  721.6    342.75     2.20    -9999
IRKUTSK3   031029 300  002500-003000   00     350.63  721.6    346.73     3.40    -9999
IRKUTSK3   031029 300  003000-003500   00     346.79  721.7    342.95     2.30    -9999
IRKUTSK3   031029 300  003500-004000   00     346.06  721.7    342.25     2.10    -9999
IRKUTSK3   031029 300  004000-004500   00     346.45  721.7    342.66     2.20    -9999
IRKUTSK3   031029 300  004500-005000   00     349.76  721.7    345.95     3.20    -9999
IRKUTSK3   031029 300  005000-005500   00     350.72  721.7    346.92     3.40    -9999
IRKUTSK3   031029 300  005500-010000   00     350.75  721.7    346.97     3.50    -9999
IRKUTSK3   031029 300  010000-010500   00     349.88  721.7    346.14     3.20    -9999
IRKUTSK3   031029 300  010500-011000   00     346.18  721.7    342.52     2.10    -9999
IRKUTSK3   031029 300  011000-011500   00     347.34  721.7    343.71     2.50    -9999
IRKUTSK3   031029 300  011500-012000   00     346.13  721.8    342.55     2.10    -9999
IRKUTSK3   031029 300  012000-012500   00     347.68  721.8    344.13     2.60    -9999
IRKUTSK3   031029 300  012500-013000   00     349.12  721.8    345.59     3.10    -9999
IRKUTSK3   031029 300  013000-013500   00     347.48  721.8    344.01     2.60    -9999
IRKUTSK3   031029 300  013500-014000   00     346.66  721.8    343.24     2.30    -9999
IRKUTSK3   031029 300  014000-014500   00     346.43  721.8    343.05     2.30    -9999
IRKUTSK3   031029 300  014500-015000   00     346.72  721.9    343.38     2.40    -9999
IRKUTSK3   031029 300  015000-015500   00     348.26  721.9    344.95     2.90    -9999
IRKUTSK3   031029 300  015500-020000   00     348.58  721.9    345.30     3.00    -9999
IRKUTSK3   031029 300  020000-020500   00     347.18  721.9    343.95     2.60    -9999
IRKUTSK3   031029 300  020500-021000   00     344.97  721.9    341.79     1.90    -9999
IRKUTSK3   031029 300  021000-021500   00     346.79  721.9    343.61     2.50    -9999
IRKUTSK3   031029 300  021500-022000   00     346.81  721.9    343.65     2.50    -9999
IRKUTSK3   031029 300  022000-022500   00     346.04  721.9    342.91     2.30    -9999
IRKUTSK3   031029 300  022500-023000   00     348.36  721.9    345.22     2.90    -9999
IRKUTSK3   031029 300  023000-023500   00     348.04  722.0    344.93     2.90    -9999
IRKUTSK3   031029 300  023500-024000   00     349.14  722.0    346.04     3.20    -9999
IRKUTSK3   031029 300  024000-024500   00     346.93  722.0    343.87     2.50    -9999
IRKUTSK3   031029 300  024500-025000   00     346.61  722.0    343.58     2.50    -9999
IRKUTSK3   031029 300  025000-025500   00     349.18  722.0    346.14     3.20    -9999
IRKUTSK3   031029 300  025500-030000   00     349.56  722.0    346.54     3.30    -9999
IRKUTSK3   031029 300  030000-030500   00     346.45  722.0    343.46     2.40    -9999
IRKUTSK3   031029 300  030500-031000   00     346.05  722.0    343.05     2.30    -9999
IRKUTSK3   031029 300  031000-031500   00     345.58  722.0    342.56     2.10    -9999
IRKUTSK3   031029 300  031500-032000   00     345.67  722.0    342.63     2.20    -9999
IRKUTSK3   031029 300  032000-032500   00     347.28  722.0    344.20     2.60    -9999
IRKUTSK3   031029 300  032500-033000   00     349.55  722.0    346.42     3.30    -9999
IRKUTSK3   031029 300  033000-033500   00     344.09  721.9    341.00     1.70    -9999
IRKUTSK3   031029 300  033500-034000   00     350.01  721.9    346.85     3.40    -9999
IRKUTSK3   031029 300  034000-034500   00     348.51  721.9    345.33     3.00    -9999
IRKUTSK3   031029 300  034500-035000   00     347.34  721.9    344.16     2.60    -9999
IRKUTSK3   031029 300  035000-035500   00     348.39  721.9    345.17     2.90    -9999
IRKUTSK3   031029 300  035500-040000   00     346.98  721.9    343.76     2.50    -9999
IRKUTSK3   031029 300  040000-040500   00     348.30  721.9    345.06     2.90    -9999
IRKUTSK3   031029 300  040500-041000   00     346.76  721.9    343.56     2.40    -9999
IRKUTSK3   031029 300  041000-041500   00     348.39  721.9    345.20     2.90    -9999
IRKUTSK3   031029 300  041500-042000   00     345.94  721.9    342.79     2.20    -9999
IRKUTSK3   031029 300  042000-042500   00     344.71  721.9    341.59     1.90    -9999
IRKUTSK3   031029 300  042500-043000   00     348.34  721.9    345.21     2.90    -9999
IRKUTSK3   031029 300  043000-043500   00     346.36  722.0    343.27     2.40    -9999
IRKUTSK3   031029 300  043500-044000   00     349.64  722.0    346.54     3.30    -9999
IRKUTSK3   031029 300  044000-044500   00     350.50  722.0    347.40     3.60    -9999
IRKUTSK3   031029 300  044500-045000   00     346.84  722.0    343.81     2.50    -9999
IRKUTSK3   031029 300  045000-045500   00     348.34  722.0    345.31     3.00    -9999
IRKUTSK3   031029 300  045500-050000   00     351.08  722.0    348.05     3.80    -9999
IRKUTSK3   031029 300  050000-050500   00     348.85  722.0    345.84     3.10    -9999
IRKUTSK3   031029 300  050500-051000   00     345.41  722.0    342.41     2.10    -9999
IRKUTSK3   031029 300  051000-051500   00     351.33  722.0    348.26     3.80    -9999
IRKUTSK3   031029 300  051500-052000   00     348.04  722.0    344.98     2.90    -9999
IRKUTSK3   031029 300  052000-052500   00     351.32  722.0    348.21     3.80    -9999
IRKUTSK3   031029 300  052500-053000   00     349.29  722.0    346.17     3.20    -9999
IRKUTSK3   031029 300  053000-053500   00     350.51  721.9    347.36     3.60    -9999
IRKUTSK3   031029 300  053500-054000   00     348.79  721.9    345.63     3.10    -9999
IRKUTSK3   031029 300  054000-054500   00     347.91  721.9    344.74     2.80    -9999
IRKUTSK3   031029 300  054500-055000   00     347.71  721.9    344.52     2.70    -9999
IRKUTSK3   031029 300  055000-055500   00     349.79  721.9    346.56     3.30    -9999
IRKUTSK3   031029 300  055500-060000   00     351.32  721.9    348.06     3.80    -9999
IRKUTSK3   031029 300  060000-060500   00     347.48  721.9    344.26     2.70    -9999
IRKUTSK3   031029 300  060500-061000   00     348.66  721.9    345.46     3.00    -9999
IRKUTSK3   031029 300  061000-061500   00     345.40  721.9    342.28     2.10    -9999
IRKUTSK3   031029 300  061500-062000   00     348.55  722.0    345.44     3.00    -9999
IRKUTSK3   031029 300  062000-062500   00     344.54  722.0    341.51     1.80    -9999
IRKUTSK3   031029 300  062500-063000   00     344.81  722.0    341.82     1.90    -9999
IRKUTSK3   031029 300  063000-063500   00     346.24  722.0    343.28     2.40    -9999
IRKUTSK3   031029 300  063500-064000   00     339.88  722.0    337.02     0.50    -9999
IRKUTSK3   031029 300  064000-064500   00     335.34  722.0    332.55    -0.80    -9999
IRKUTSK3   031029 300  064500-065000   00     336.56  722.1    333.80    -0.50    -9999
IRKUTSK3   031029 300  065000-065500   00     338.15  722.1    335.42     0.00    -9999
IRKUTSK3   031029 300  065500-070000   00     340.39  722.1    337.68     0.70    -9999
IRKUTSK3   031029 300  070000-070500   00     340.46  722.1    337.79     0.70    -9999
IRKUTSK3   031029 300  070500-071000   00     341.24  722.1    338.61     1.00    -9999
IRKUTSK3   031029 300  071000-071500   00     336.31  722.1    333.75    -0.50    -9999
IRKUTSK3   031029 300  071500-072000   00     336.25  722.2    333.73    -0.50    -9999
IRKUTSK3   031029 300  072000-072500   00     335.02  722.2    332.56    -0.80    -9999
IRKUTSK3   031029 300  072500-073000   00     336.28  722.2    333.84    -0.50    -9999
IRKUTSK3   031029 300  073000-073500   00     339.80  722.2    337.38     0.60    -9999
IRKUTSK3   031029 300  073500-074000   00     337.97  722.2    335.60     0.10    -9999
IRKUTSK3   031029 300  074000-074500   00     336.03  722.2    333.71    -0.50    -9999
IRKUTSK3   031029 300  074500-075000   00     331.71  722.3    329.47    -1.80    -9999
IRKUTSK3   031029 300  075000-075500   00     335.43  722.3    333.20    -0.60    -9999
IRKUTSK3   031029 300  075500-080000   00     334.07  722.3    331.88    -1.00    -9999
IRKUTSK3   031029 300  080000-080500   00     336.27  722.3    334.13    -0.40    -9999
IRKUTSK3   031029 300  080500-081000   00     336.81  722.3    334.75    -0.20    -9999
IRKUTSK3   031029 300  081000-081500   00     340.29  722.4    338.29     0.90    -9999
IRKUTSK3   031029 300  081500-082000   00     337.85  722.4    335.94     0.20    -9999
IRKUTSK3   031029 300  082000-082500   00     336.74  722.4    334.92    -0.10    -9999
IRKUTSK3   031029 300  082500-083000   00     336.31  722.5    334.57    -0.20    -9999
IRKUTSK3   031029 300  083000-083500   00     337.01  722.5    335.35     0.00    -9999
IRKUTSK3   031029 300  083500-084000   00     336.90  722.5    335.32     0.00    -9999
IRKUTSK3   031029 300  084000-084500   00     338.27  722.6    336.76     0.40    -9999
IRKUTSK3   031029 300  084500-085000   00     338.24  722.6    336.82     0.40    -9999
IRKUTSK3   031029 300  085000-085500   00     338.20  722.6    336.85     0.40    -9999
IRKUTSK3   031029 300  085500-090000   00     335.00  722.7    333.75    -0.50    -9999
IRKUTSK3   031029 300  090000-090500   00     333.40  722.7    332.20    -0.90    -9999
IRKUTSK3   031029 300  090500-091000   00     330.51  722.7    329.32    -1.80    -9999
IRKUTSK3   031029 300  091000-091500   00     327.07  722.7    325.89    -2.80    -9999
IRKUTSK3   031029 300  091500-092000   00     324.75  722.7    323.59    -3.50    -9999
IRKUTSK3   031029 300  092000-092500   00     324.59  722.7    323.43    -3.60    -9999
IRKUTSK3   031029 300  092500-093000   00     327.14  722.7    325.97    -2.80    -9999
IRKUTSK3   031029 300  093000-093500   00     326.62  722.7    325.44    -3.00    -9999
IRKUTSK3   031029 300  093500-094000   00     326.32  722.7    325.15    -3.00    -9999
IRKUTSK3   031029 300  094000-094500   00     325.57  722.7    324.40    -3.30    -9999
IRKUTSK3   031029 300  094500-095000   00     322.47  722.7    321.31    -4.20    -9999
IRKUTSK3   031029 300  095000-095500   00     320.40  722.7    319.25    -4.80    -9999
IRKUTSK3   031029 300  095500-100000   00     322.62  722.7    321.46    -4.10    -9999
IRKUTSK3   031029 300  100000-100500   00     319.47  722.7    318.32    -5.10    -9999
IRKUTSK3   031029 300  100500-101000   00     318.31  722.7    317.17    -5.40    -9999
IRKUTSK3   031029 300  101000-101500   00     319.05  722.7    317.91    -5.20    -9999
IRKUTSK3   031029 300  101500-102000   00     321.49  722.7    320.33    -4.50    -9999
IRKUTSK3   031029 300  102000-102500   00     323.47  722.7    322.30    -3.90    -9999
IRKUTSK3   031029 300  102500-103000   00     323.80  722.7    322.64    -3.80    -9999
IRKUTSK3   031029 300  103000-103500   00     323.92  722.7    322.76    -3.80    -9999
IRKUTSK3   031029 300  103500-104000   00     320.41  722.7    319.25    -4.80    -9999
IRKUTSK3   031029 300  104000-104500   00     318.28  722.7    317.14    -5.40    -9999
IRKUTSK3   031029 300  104500-105000   00     311.81  722.7    310.69    -7.40    -9999
IRKUTSK3   031029 300  105000-105500   00     313.05  722.7    311.92    -7.00    -9999
IRKUTSK3   031029 300  105500-110000   00     308.52  722.7    307.41    -8.30    -9999
IRKUTSK3   031029 300  110000-110500   00     308.34  722.7    307.23    -8.40    -9999
IRKUTSK3   031029 300  110500-111000   00     307.53  722.7    306.42    -8.60    -9999
IRKUTSK3   031029 300  111000-111500   00     306.32  722.7    305.22    -9.00    -9999
IRKUTSK3   031029 300  111500-112000   00     305.83  722.7    304.74    -9.10    -9999
IRKUTSK3   031029 300  112000-112500   00     301.50  722.7    300.42   -10.40    -9999
IRKUTSK3   031029 300  112500-113000   00     309.63  722.7    308.52    -8.00    -9999
IRKUTSK3   031029 300  113000-113500   00     303.42  722.7    302.33    -9.80    -9999
IRKUTSK3   031029 300  113500-114000   00     301.30  722.7    300.22   -10.50    -9999
IRKUTSK3   031029 300  114000-114500   00     301.26  722.7    300.18   -10.50    -9999
IRKUTSK3   031029 300  114500-115000   00     300.36  722.7    299.28   -10.80    -9999
IRKUTSK3   031029 300  115000-115500   00     298.33  722.7    297.26   -11.40    -9999
IRKUTSK3   031029 300  115500-120000   00     299.22  722.7    298.14   -11.10    -9999
IRKUTSK3   031029 3600 120000-130000   00     285.28  722.8    284.46   -15.20    -9999
IRKUTSK3   031029 3600 130000-140000   00     262.70  723.0    262.32   -21.80    -9999
IRKUTSK3   031029 3600 140000-150000   00     266.33  722.5    264.99   -21.00    -9999
IRKUTSK3   031029 3600 150000-160000   00     275.89  722.2    273.91   -18.30    -9999
IRKUTSK3   031029 3600 160000-170000   00     277.55  721.6    274.37   -18.20    -9999
IRKUTSK3   031029 3600 170000-180000   00     264.77  721.0    260.61   -22.30    -9999
IRKUTSK3   031029 3600 180000-190000   00     276.82  720.3    271.10   -19.20    -9999
IRKUTSK3   031029 3600 190000-200000   00     282.19  719.8    275.37   -17.90    -9999
IRKUTSK3   031029 3600 200000-210000   00     276.99  719.2    269.13   -19.70    -9999
IRKUTSK3   031029 3600 210000-220000   00     282.31  718.7    273.31   -18.50    -9999
IRKUTSK3   031029 3600 220000-230000   00     286.33  718.1    276.00   -17.70    -9999
IRKUTSK3   031029 3600 230000-240000   00     293.15  717.5    281.36   -16.10    -9999
*
COMMENT    THE CLOCK OF REGISRATOR IS FAST ON+SEC (SLOW ON-SEC) IS 	
"COMMENT    SUPPORTING BY GPS OR INTERNETCLOCKSERVER;"	
COMMENT    DATA INCONSISTENT WITH WDCCR	
COMMENT    PRE-INCREASE LEVEL VERIFIED AND CORRECTED (I.USOSKIN)	
COMMENT UNIVERISTY OF OULU: FILE GENERATED FROM DATABASE AND OBTAINED FROM
COMMENT https://gle.oulu.fi at 2023-04-03 12:51:18 +00:00
COMMENT FOR HISTORICAL/ORIGINAL TEXT FILES SEE https://gle.oulu.fi/txtarchive/
COMMENT ORIGINAL AT https://gle.oulu.fi/txtarchive/GLE65/C065IRK3_cor.DAT
COMMENT DETRENDED DATA SHOW -9999 IF EQUAL TO INC% COLUMN 