CALGARY    LATITUDE    51.08     LONGITUDE     -114.13   ALTITUDE    1128 M
CALGARY    INSTRUMENT   12NM64    NEUTRON MONITOR     	
CALGARY    STANDARD PRESSURE    885     mb     COEFFICIENT   -0.73     % / mb
CALGARY    PRE-INCREASE BASELINE TIME INTERVAL    031028    100000-110000   UT
CALGARY    PRE-INCREASE AVERAGE COUNTING RATE    263.82      COUNTS PER SECOND
CALGARY    TIME INTERVALS    300         3600     
CALGARY    SCALE FACTORS     1           1        
STATION    YYMMDD  SEC   TIME (UT)   CODE    UNCORR. PRESS.    CORR.    % INC.	DETRENDED
                         INTERVAL    TD      C/S     (mb)      C/S
CALGARY    031027 3600 000000-010000   00     271.43  889.0    279.47     5.90    -9999
CALGARY    031027 3600 010000-020000   00     272.22  889.0    280.29     6.20    -9999
CALGARY    031027 3600 020000-030000   00     275.37  888.0    281.47     6.70    -9999
CALGARY    031027 3600 030000-040000   00     276.91  886.0    278.94     5.70    -9999
CALGARY    031027 3600 040000-050000   00     278.22  886.0    280.26     6.20    -9999
CALGARY    031027 3600 050000-060000   00     277.22  885.0    277.22     5.10    -9999
CALGARY    031027 3600 060000-070000   00     277.32  884.0    275.30     4.40    -9999
CALGARY    031027 3600 070000-080000   00     276.57  884.0    274.56     4.10    -9999
CALGARY    031027 3600 080000-090000   00     277.63  884.0    275.61     4.50    -9999
CALGARY    031027 3600 090000-100000   00     279.30  884.0    277.27     5.10    -9999
CALGARY    031027 3600 100000-110000   00     277.17  884.0    275.15     4.30    -9999
CALGARY    031027 3600 110000-120000   00     278.35  884.0    276.33     4.70    -9999
CALGARY    031027 3600 120000-130000   00     277.99  884.0    275.97     4.60    -9999
CALGARY    031027 3600 130000-140000   00     278.71  884.0    276.68     4.90    -9999
CALGARY    031027 3600 140000-150000   00     277.07  885.0    277.07     5.00    -9999
CALGARY    031027 3600 150000-160000   00     273.51  886.0    275.51     4.40    -9999
CALGARY    031027 3600 160000-170000   00     273.67  886.0    275.68     4.50    -9999
CALGARY    031027 3600 170000-180000   00     271.40  887.0    275.39     4.40    -9999
CALGARY    031027 3600 180000-190000   00     270.62  887.0    274.60     4.10    -9999
CALGARY    031027 3600 190000-200000   00     270.36  888.0    276.35     4.70    -9999
CALGARY    031027 3600 200000-210000   00     272.98  888.0    279.02     5.80    -9999
CALGARY    031027 3600 210000-220000   00     271.44  889.0    279.48     5.90    -9999
CALGARY    031027 3600 220000-230000   00     271.80  889.0    279.85     6.10    -9999
CALGARY    031027 3600 230000-240000   00     271.21  889.0    279.25     5.80    -9999
CALGARY    031028 3600 000000-010000   00     270.94  889.0    278.97     5.70    -9999
CALGARY    031028 3600 010000-020000   00     271.06  889.0    279.09     5.80    -9999
CALGARY    031028 3600 020000-030000   00     271.17  889.0    279.20     5.80    -9999
CALGARY    031028 3600 030000-040000   00     269.16  889.0    277.14     5.00    -9999
CALGARY    031028 3600 040000-050000   00     270.00  888.0    275.98     4.60    -9999
CALGARY    031028 3600 050000-060000   00     269.26  888.0    275.22     4.30    -9999
CALGARY    031028 3600 060000-070000   00     266.92  887.0    270.85     2.70    -9999
CALGARY    031028 3600 070000-080000   00     265.74  887.0    269.65     2.20    -9999
CALGARY    031028 3600 080000-090000   00     265.12  887.0    269.02     2.00    -9999
CALGARY    031028 300  090000-090500   00     261.42  886.0    263.34    -0.20    -9999
CALGARY    031028 300  090500-091000   00     260.78  886.0    262.69    -0.40    -9999
CALGARY    031028 300  091000-091500   00     262.68  886.0    264.60     0.30    -9999
CALGARY    031028 300  091500-092000   00     260.68  886.0    262.59    -0.50    -9999
CALGARY    031028 300  092000-092500   00     266.03  886.0    267.98     1.60    -9999
CALGARY    031028 300  092500-093000   00     264.02  886.0    265.95     0.80    -9999
CALGARY    031028 300  093000-093500   00     266.27  885.0    266.27     0.90    -9999
CALGARY    031028 300  093500-094000   00     263.12  885.0    263.12    -0.30    -9999
CALGARY    031028 300  094000-094500   00     265.28  885.0    265.28     0.60    -9999
CALGARY    031028 300  094500-095000   00     263.72  885.0    263.72     0.00    -9999
CALGARY    031028 300  095000-095500   00     263.38  885.0    263.38    -0.20    -9999
CALGARY    031028 300  095500-100000   00     262.32  885.0    262.32    -0.60    -9999
CALGARY    031028 300  100000-100500   00     263.78  885.0    263.78     0.00    -9999
CALGARY    031028 300  100500-101000   00     265.73  885.0    265.73     0.70    -9999
CALGARY    031028 300  101000-101500   00     264.68  885.0    264.68     0.30    -9999
CALGARY    031028 300  101500-102000   00     264.48  884.0    262.56    -0.50    -9999
CALGARY    031028 300  102000-102500   00     267.40  884.0    265.46     0.60    -9999
CALGARY    031028 300  102500-103000   00     264.52  884.0    262.60    -0.50    -9999
CALGARY    031028 300  103000-103500   00     265.97  884.0    264.04     0.10    -9999
CALGARY    031028 300  103500-104000   00     265.70  884.0    263.77     0.00    -9999
CALGARY    031028 300  104000-104500   00     267.43  884.0    265.48     0.60    -9999
CALGARY    031028 300  104500-105000   00     265.97  883.0    262.12    -0.60    -9999
CALGARY    031028 300  105000-105500   00     267.57  883.0    263.69     0.00    -9999
CALGARY    031028 300  105500-110000   00     265.80  883.0    261.95    -0.70    -9999
CALGARY    031028 300  110000-110500   00     267.43  883.0    263.55    -0.10    -0.26
CALGARY    031028 300  110500-111000   00     269.07  883.0    265.17     0.50     0.34
CALGARY    031028 300  111000-111500   00     268.97  883.0    265.07     0.50     0.33
CALGARY    031028 300  111500-112000   00     276.00  883.0    272.00     3.10     2.93
CALGARY    031028 300  112000-112500   00     286.80  883.0    282.64     7.10     6.93
CALGARY    031028 300  112500-113000   00     291.15  883.0    286.93     8.80     8.62
CALGARY    031028 300  113000-113500   00     295.83  882.0    289.42     9.70     9.52
CALGARY    031028 300  113500-114000   00     293.88  882.0    287.51     9.00     8.81
CALGARY    031028 300  114000-114500   00     296.40  882.0    289.98     9.90     9.71
CALGARY    031028 300  114500-115000   00     302.42  882.0    295.87    12.10    11.90
CALGARY    031028 300  115000-115500   00     305.10  882.0    298.49    13.10    12.90
CALGARY    031028 300  115500-120000   00     305.17  882.0    298.56    13.20    13.00
CALGARY    031028 300  120000-120500   00     294.30  882.0    287.92     9.10     8.89
CALGARY    031028 300  120500-121000   00     295.07  882.0    288.68     9.40     9.19
CALGARY    031028 300  121000-121500   00     295.33  882.0    288.93     9.50     9.28
CALGARY    031028 300  121500-122000   00     295.27  882.0    288.87     9.50     9.28
CALGARY    031028 300  122000-122500   00     292.72  882.0    286.38     8.60     8.38
CALGARY    031028 300  122500-123000   00     292.25  882.0    285.92     8.40     8.17
CALGARY    031028 300  123000-123500   00     292.28  881.0    283.87     7.60     7.37
CALGARY    031028 300  123500-124000   00     296.80  881.0    288.26     9.30     9.06
CALGARY    031028 300  124000-124500   00     298.67  881.0    290.07     9.90     9.66
CALGARY    031028 300  124500-125000   00     298.78  881.0    290.18    10.00     9.75
CALGARY    031028 300  125000-125500   00     302.05  881.0    293.36    11.20    10.95
CALGARY    031028 300  125500-130000   00     306.97  881.0    298.14    13.00    12.75
CALGARY    031028 300  130000-130500   00     309.32  881.0    300.42    13.90    13.64
CALGARY    031028 300  130500-131000   00     307.40  881.0    298.55    13.20    12.94
CALGARY    031028 300  131000-131500   00     309.35  881.0    300.45    13.90    13.63
CALGARY    031028 300  131500-132000   00     305.03  881.0    296.25    12.30    12.03
CALGARY    031028 300  132000-132500   00     302.82  881.0    294.11    11.50    11.22
CALGARY    031028 300  132500-133000   00     303.02  881.0    294.30    11.60    11.32
CALGARY    031028 300  133000-133500   00     302.25  880.0    291.42    10.50    10.22
CALGARY    031028 300  133500-134000   00     300.82  880.0    290.04     9.90     9.61
CALGARY    031028 300  134000-134500   00     301.85  880.0    291.03    10.30    10.01
CALGARY    031028 300  134500-135000   00     303.08  880.0    292.22    10.80    10.50
CALGARY    031028 300  135000-135500   00     301.75  880.0    290.93    10.30    10.00
CALGARY    031028 300  135500-140000   00     299.12  880.0    288.40     9.30     8.99
CALGARY    031028 300  140000-140500   00     303.48  880.0    292.60    10.90    10.59
CALGARY    031028 300  140500-141000   00     303.80  880.0    292.91    11.00    10.69
CALGARY    031028 300  141000-141500   00     304.13  880.0    293.23    11.10    10.78
CALGARY    031028 300  141500-142000   00     301.78  879.0    288.85     9.50     9.18
CALGARY    031028 300  142000-142500   00     302.58  879.0    289.61     9.80     9.47
CALGARY    031028 300  142500-143000   00     306.47  879.0    293.34    11.20    10.87
CALGARY    031028 300  143000-143500   00     306.37  879.0    293.24    11.20    10.87
CALGARY    031028 300  143500-144000   00     307.00  879.0    293.84    11.40    11.06
CALGARY    031028 300  144000-144500   00     305.10  879.0    292.03    10.70    10.36
CALGARY    031028 300  144500-145000   00     305.57  878.0    290.35    10.10     9.75
CALGARY    031028 300  145000-145500   00     305.77  878.0    290.54    10.10     9.75
CALGARY    031028 300  145500-150000   00     307.03  878.0    291.73    10.60    10.24
CALGARY    031028 300  150000-150500   00     309.32  878.0    293.91    11.40    11.04
CALGARY    031028 300  150500-151000   00     307.87  878.0    292.53    10.90    10.54
CALGARY    031028 300  151000-151500   00     308.07  878.0    292.72    11.00    10.63
CALGARY    031028 300  151500-152000   00     310.78  877.0    293.15    11.10    10.73
CALGARY    031028 300  152000-152500   00     308.62  877.0    291.11    10.30     9.92
CALGARY    031028 300  152500-153000   00     309.78  877.0    292.21    10.80    10.42
CALGARY    031028 300  153000-153500   00     308.20  877.0    290.72    10.20     9.81
CALGARY    031028 300  153500-154000   00     309.48  877.0    291.92    10.70    10.31
CALGARY    031028 300  154000-154500   00     310.88  877.0    293.24    11.20    10.81
CALGARY    031028 300  154500-155000   00     313.40  876.0    293.47    11.20    10.80
CALGARY    031028 300  155000-155500   00     310.38  876.0    290.64    10.20     9.80
CALGARY    031028 300  155500-160000   00     311.22  876.0    291.43    10.50    10.09
CALGARY    031028 300  160000-160500   00     311.35  876.0    291.55    10.50    10.09
CALGARY    031028 300  160500-161000   00     311.25  876.0    291.46    10.50    10.08
CALGARY    031028 300  161000-161500   00     312.25  876.0    292.39    10.80    10.38
CALGARY    031028 300  161500-162000   00     310.08  875.0    288.25     9.30     8.88
CALGARY    031028 300  162000-162500   00     315.30  875.0    293.10    11.10    10.67
CALGARY    031028 300  162500-163000   00     314.93  875.0    292.76    11.00    10.57
CALGARY    031028 300  163000-163500   00     314.40  875.0    292.27    10.80    10.36
CALGARY    031028 300  163500-164000   00     316.00  875.0    293.75    11.30    10.86
CALGARY    031028 300  164000-164500   00     312.68  875.0    290.67    10.20     9.76
CALGARY    031028 300  164500-165000   00     314.70  874.0    290.42    10.10     9.65
CALGARY    031028 300  165000-165500   00     313.93  874.0    289.71     9.80     9.35
CALGARY    031028 300  165500-170000   00     317.47  874.0    292.97    11.00    10.54
CALGARY    031028 300  170000-170500   00     315.93  874.0    291.55    10.50    10.04
CALGARY    031028 300  170500-171000   00     316.67  874.0    292.24    10.80    10.33
CALGARY    031028 300  171000-171500   00     317.33  874.0    292.84    11.00    10.53
CALGARY    031028 300  171500-172000   00     318.62  874.0    294.04    11.50    11.03
CALGARY    031028 300  172000-172500   00     318.32  874.0    293.76    11.30    10.82
CALGARY    031028 300  172500-173000   00     317.37  874.0    292.88    11.00    10.52
CALGARY    031028 300  173000-173500   00     318.35  873.0    291.65    10.50    10.01
CALGARY    031028 300  173500-174000   00     318.65  873.0    291.92    10.70    10.21
CALGARY    031028 300  174000-174500   00     319.45  873.0    292.66    10.90    10.40
CALGARY    031028 300  174500-175000   00     319.45  873.0    292.66    10.90    10.40
CALGARY    031028 300  175000-175500   00     320.08  873.0    293.23    11.10    10.60
CALGARY    031028 300  175500-180000   00     319.68  873.0    292.87    11.00    10.49
CALGARY    031028 300  180000-180500   00     318.52  873.0    291.80    10.60    10.09
CALGARY    031028 300  180500-181000   00     320.08  873.0    293.23    11.10    10.58
CALGARY    031028 300  181000-181500   00     320.32  873.0    293.45    11.20    10.68
CALGARY    031028 300  181500-182000   00     318.72  872.0    289.86     9.90     9.38
CALGARY    031028 300  182000-182500   00     322.35  872.0    293.17    11.10    10.57
CALGARY    031028 300  182500-183000   00     320.35  872.0    291.35    10.40     9.87
CALGARY    031028 300  183000-183500   00     318.75  872.0    289.89     9.90     9.36
CALGARY    031028 300  183500-184000   00     323.90  872.0    294.58    11.70    11.16
CALGARY    031028 300  184000-184500   00     323.37  872.0    294.09    11.50    10.95
CALGARY    031028 300  184500-185000   00     323.53  871.0    292.10    10.70    10.15
CALGARY    031028 300  185000-185500   00     324.43  871.0    292.91    11.00    10.45
CALGARY    031028 300  185500-190000   00     324.63  871.0    293.09    11.10    10.54
CALGARY    031028 300  190000-190500   00     321.18  871.0    289.98     9.90     9.34
CALGARY    031028 300  190500-191000   00     326.37  871.0    294.66    11.70    11.13
CALGARY    031028 300  191000-191500   00     327.47  871.0    295.66    12.10    11.53
CALGARY    031028 300  191500-192000   00     322.58  870.0    289.12     9.60     9.02
CALGARY    031028 300  192000-192500   00     326.13  870.0    292.30    10.80    10.22
CALGARY    031028 300  192500-193000   00     325.13  870.0    291.41    10.50     9.92
CALGARY    031028 300  193000-193500   00     324.93  870.0    291.23    10.40     9.81
CALGARY    031028 300  193500-194000   00     323.73  870.0    290.15    10.00     9.41
CALGARY    031028 300  194000-194500   00     326.33  870.0    292.48    10.90    10.30
CALGARY    031028 300  194500-195000   00     323.00  869.0    287.39     8.90     8.30
CALGARY    031028 300  195000-195500   00     324.17  869.0    288.43     9.30     8.69
CALGARY    031028 300  195500-200000   00     324.93  869.0    289.11     9.60     8.99
CALGARY    031028 300  200000-200500   00     325.90  869.0    289.97     9.90     9.29
CALGARY    031028 300  200500-201000   00     326.87  869.0    290.84    10.20     9.58
CALGARY    031028 300  201000-201500   00     325.13  869.0    289.29     9.70     9.08
CALGARY    031028 300  201500-202000   00     327.95  869.0    291.80    10.60     9.97
CALGARY    031028 300  202000-202500   00     329.05  869.0    292.78    11.00    10.37
CALGARY    031028 300  202500-203000   00     328.28  869.0    292.09    10.70    10.07
CALGARY    031028 300  203000-203500   00     331.25  868.0    292.59    10.90    10.26
CALGARY    031028 300  203500-204000   00     327.63  868.0    289.39     9.70     9.06
CALGARY    031028 300  204000-204500   00     330.25  868.0    291.71    10.60     9.95
CALGARY    031028 300  204500-205000   00     331.52  868.0    292.83    11.00    10.35
CALGARY    031028 300  205000-205500   00     329.65  868.0    291.18    10.40     9.74
CALGARY    031028 300  205500-210000   00     330.12  868.0    291.59    10.50     9.84
CALGARY    031028 300  210000-210500   00     333.77  868.0    294.82    11.80    11.14
CALGARY    031028 300  210500-211000   00     328.95  868.0    290.56    10.10     9.43
CALGARY    031028 300  211000-211500   00     328.38  868.0    290.06     9.90     9.23
CALGARY    031028 300  211500-212000   00     329.05  868.0    290.65    10.20     9.52
CALGARY    031028 300  212000-212500   00     328.62  868.0    290.27    10.00     9.32
CALGARY    031028 300  212500-213000   00     332.15  868.0    293.39    11.20    10.51
CALGARY    031028 300  213000-213500   00     328.48  867.0    288.03     9.20     8.51
CALGARY    031028 300  213500-214000   00     327.17  867.0    286.88     8.70     8.01
CALGARY    031028 300  214000-214500   00     333.43  867.0    292.37    10.80    10.10
CALGARY    031028 300  214500-215000   00     331.28  867.0    290.49    10.10     9.40
CALGARY    031028 300  215000-215500   00     333.60  867.0    292.52    10.90    10.19
CALGARY    031028 300  215500-220000   00     333.17  867.0    292.15    10.70     9.99
CALGARY    031028 300  220000-220500   00     332.30  867.0    291.38    10.40     9.68
CALGARY    031028 300  220500-221000   00     332.67  867.0    291.71    10.60     9.88
CALGARY    031028 300  221000-221500   00     330.38  867.0    289.70     9.80     9.08
CALGARY    031028 300  221500-222000   00     332.57  867.0    291.62    10.50     9.77
CALGARY    031028 300  222000-222500   00     330.72  867.0    290.00     9.90     9.17
CALGARY    031028 300  222500-223000   00     334.27  867.0    293.11    11.10    10.36
CALGARY    031028 300  223000-223500   00     328.85  866.0    286.26     8.50     7.76
CALGARY    031028 300  223500-224000   00     328.65  866.0    286.09     8.40     7.66
CALGARY    031028 300  224000-224500   00     331.22  866.0    288.32     9.30     8.55
CALGARY    031028 300  224500-225000   00     329.92  866.0    287.19     8.90     8.15
CALGARY    031028 300  225000-225500   00     331.32  866.0    288.41     9.30     8.54
CALGARY    031028 300  225500-230000   00     330.68  866.0    287.85     9.10     8.34
CALGARY    031028 300  230000-230500   00     331.15  866.0    288.26     9.30     8.53
CALGARY    031028 300  230500-231000   00     331.75  866.0    288.78     9.50     8.73
CALGARY    031028 300  231000-231500   00     333.43  866.0    290.25    10.00     9.23
CALGARY    031028 300  231500-232000   00     331.75  866.0    288.78     9.50     8.72
CALGARY    031028 300  232000-232500   00     334.03  866.0    290.77    10.20     9.42
CALGARY    031028 300  232500-233000   00     331.52  866.0    288.58     9.40     8.61
CALGARY    031028 300  233000-233500   00     331.15  866.0    288.26     9.30     8.51
CALGARY    031028 300  233500-234000   00     330.42  866.0    287.63     9.00     8.20
CALGARY    031028 300  234000-234500   00     332.70  866.0    289.61     9.80     9.00
CALGARY    031028 300  234500-235000   00     334.63  866.0    291.29    10.40     9.60
CALGARY    031028 300  235000-235500   00     330.88  866.0    288.03     9.20     8.39
CALGARY    031028 300  235500-240000   00     329.85  866.0    287.13     8.80     7.99
CALGARY    031029 300  000000-000500   00     331.82  866.0    288.85     9.50     8.68
CALGARY    031029 300  000500-001000   00     331.52  866.0    288.58     9.40     8.58
CALGARY    031029 300  001000-001500   00     333.30  866.0    290.13    10.00     9.17
CALGARY    031029 300  001500-002000   00     333.87  866.0    290.63    10.20     9.37
CALGARY    031029 300  002000-002500   00     331.22  866.0    288.32     9.30     8.47
CALGARY    031029 300  002500-003000   00     333.13  866.0    289.99     9.90     9.06
CALGARY    031029 300  003000-003500   00     328.18  866.0    285.68     8.30     7.46
CALGARY    031029 300  003500-004000   00     328.38  866.0    285.85     8.40     7.55
CALGARY    031029 300  004000-004500   00     331.88  866.0    288.90     9.50     8.65
CALGARY    031029 300  004500-005000   00     334.17  866.0    290.89    10.30     9.45
CALGARY    031029 300  005000-005500   00     331.55  866.0    288.61     9.40     8.54
CALGARY    031029 300  005500-010000   00     330.15  866.0    287.39     8.90     8.04
CALGARY    031029 300  010000-010500   00     329.45  866.0    286.78     8.70     7.83
CALGARY    031029 300  010500-011000   00     329.32  866.0    286.67     8.70     7.83
CALGARY    031029 300  011000-011500   00     331.92  866.0    288.93     9.50     8.62
CALGARY    031029 300  011500-012000   00     333.50  866.0    290.31    10.00     9.12
CALGARY    031029 300  012000-012500   00     333.57  866.0    290.37    10.10     9.22
CALGARY    031029 300  012500-013000   00     331.18  866.0    288.29     9.30     8.41
CALGARY    031029 300  013000-013500   00     330.58  866.0    287.77     9.10     8.21
CALGARY    031029 300  013500-014000   00     331.95  866.0    288.96     9.50     8.60
CALGARY    031029 300  014000-014500   00     329.55  866.0    286.87     8.70     7.80
CALGARY    031029 300  014500-015000   00     326.63  866.0    284.33     7.80     6.89
CALGARY    031029 300  015000-015500   00     329.62  866.0    286.93     8.80     7.89
CALGARY    031029 300  015500-020000   00     330.28  866.0    287.51     9.00     8.09
CALGARY    031029 300  020000-020500   00     328.78  866.0    286.20     8.50     7.58
CALGARY    031029 300  020500-021000   00     323.43  866.0    281.54     6.70     5.78
CALGARY    031029 300  021000-021500   00     328.38  866.0    285.85     8.40     7.47
CALGARY    031029 300  021500-022000   00     327.75  866.0    285.30     8.10     7.17
CALGARY    031029 300  022000-022500   00     332.02  866.0    289.02     9.60     8.66
CALGARY    031029 300  022500-023000   00     327.30  866.0    284.91     8.00     7.06
CALGARY    031029 300  023000-023500   00     328.18  866.0    285.68     8.30     7.36
CALGARY    031029 300  023500-024000   00     329.48  866.0    286.81     8.70     7.75
CALGARY    031029 300  024000-024500   00     325.73  866.0    283.54     7.50     6.55
CALGARY    031029 300  024500-025000   00     326.90  866.0    284.56     7.90     6.94
CALGARY    031029 300  025000-025500   00     324.20  866.0    282.21     7.00     6.04
CALGARY    031029 300  025500-030000   00     325.63  866.0    283.46     7.40     6.44
CALGARY    031029 300  030000-030500   00     327.78  866.0    285.33     8.20     7.23
CALGARY    031029 300  030500-031000   00     323.57  866.0    281.66     6.80     5.83
CALGARY    031029 300  031000-031500   00     326.87  866.0    284.54     7.90     6.92
CALGARY    031029 300  031500-032000   00     328.45  866.0    285.91     8.40     7.42
CALGARY    031029 300  032000-032500   00     324.90  866.0    282.82     7.20     6.21
CALGARY    031029 300  032500-033000   00     327.27  866.0    284.88     8.00     7.01
CALGARY    031029 300  033000-033500   00     322.12  867.0    282.46     7.10     6.11
CALGARY    031029 300  033500-034000   00     322.58  867.0    282.86     7.20     6.20
CALGARY    031029 300  034000-034500   00     322.67  867.0    282.94     7.20     6.20
CALGARY    031029 300  034500-035000   00     322.67  867.0    282.94     7.20     6.19
CALGARY    031029 300  035000-035500   00     324.33  867.0    284.39     7.80     6.79
CALGARY    031029 300  035500-040000   00     323.77  867.0    283.90     7.60     6.58
CALGARY    031029 300  040000-040500   00     328.98  867.0    288.47     9.30     8.28
CALGARY    031029 300  040500-041000   00     327.43  867.0    287.11     8.80     7.78
CALGARY    031029 300  041000-041500   00     323.83  867.0    283.96     7.60     6.57
CALGARY    031029 300  041500-042000   00     320.88  867.0    281.37     6.70     5.67
CALGARY    031029 300  042000-042500   00     321.02  867.0    281.49     6.70     5.66
CALGARY    031029 300  042500-043000   00     321.32  867.0    281.75     6.80     5.76
CALGARY    031029 300  043000-043500   00     321.48  868.0    283.96     7.60     6.55
CALGARY    031029 300  043500-044000   00     324.57  868.0    286.69     8.70     7.65
CALGARY    031029 300  044000-044500   00     321.65  868.0    284.11     7.70     6.65
CALGARY    031029 300  044500-045000   00     321.72  868.0    284.17     7.70     6.64
CALGARY    031029 300  045000-045500   00     321.95  868.0    284.38     7.80     6.74
CALGARY    031029 300  045500-050000   00     317.80  868.0    280.71     6.40     5.33
CALGARY    031029 300  050000-050500   00     319.88  868.0    282.55     7.10     6.03
CALGARY    031029 300  050500-051000   00     318.62  868.0    281.43     6.70     5.63
CALGARY    031029 300  051000-051500   00     321.05  868.0    283.58     7.50     6.42
CALGARY    031029 300  051500-052000   00     320.02  868.0    282.67     7.10     6.02
CALGARY    031029 300  052000-052500   00     317.90  868.0    280.80     6.40     5.31
CALGARY    031029 300  052500-053000   00     321.62  868.0    284.08     7.70     6.61
CALGARY    031029 300  053000-053500   00     318.45  869.0    283.35     7.40     6.30
CALGARY    031029 300  053500-054000   00     322.15  869.0    286.64     8.60     7.50
CALGARY    031029 300  054000-054500   00     315.63  869.0    280.84     6.50     5.40
CALGARY    031029 300  054500-055000   00     317.07  869.0    282.12     6.90     5.79
CALGARY    031029 300  055000-055500   00     319.28  869.0    284.08     7.70     6.59
CALGARY    031029 300  055500-060000   00     317.43  869.0    282.44     7.10     5.98
CALGARY    031029 300  060000-060500   00     316.47  869.0    281.58     6.70     5.58
CALGARY    031029 300  060500-061000   00     315.63  869.0    280.84     6.50     5.37
CALGARY    031029 300  061000-061500   00     314.00  869.0    279.39     5.90     4.77
CALGARY    031029 300  061500-062000   00     313.12  870.0    280.64     6.40     5.27
CALGARY    031029 300  062000-062500   00     309.68  870.0    277.56     5.20     4.06
CALGARY    031029 300  062500-063000   00     310.38  870.0    278.19     5.40     4.26
CALGARY    031029 300  063000-063500   00     310.52  870.0    278.31     5.50     4.35
CALGARY    031029 300  063500-064000   00     306.00  870.0    274.26     4.00     2.85
CALGARY    031029 300  064000-064500   00     306.33  870.0    274.56     4.10     2.94
CALGARY    031029 300  064500-065000   00     298.60  871.0    269.59     2.20     1.04
CALGARY    031029 300  065000-065500   00     299.95  871.0    270.81     2.60     1.44
CALGARY    031029 300  065500-070000   00     297.33  871.0    268.44     1.80     0.63
CALGARY    031029 300  070000-070500   00     300.22  871.0    271.05     2.70     1.53
CALGARY    031029 300  070500-071000   00     296.80  871.0    267.97     1.60     0.42
CALGARY    031029 300  071000-071500   00     295.97  871.0    267.22     1.30     0.12
CALGARY    031029 300  071500-072000   00     298.03  872.0    271.05     2.70     1.52
CALGARY    031029 300  072000-072500   00     297.47  872.0    270.54     2.50     1.31
CALGARY    031029 300  072500-073000   00     294.43  872.0    267.77     1.50     0.31
CALGARY    031029 300  073000-073500   00     296.33  872.0    269.50     2.20     1.00
CALGARY    031029 300  073500-074000   00     295.00  872.0    268.29     1.70     0.50
CALGARY    031029 300  074000-074500   00     297.17  872.0    270.27     2.40     1.19
CALGARY    031029 300  074500-075000   00     297.97  873.0    272.98     3.50     2.29
CALGARY    031029 300  075000-075500   00     293.28  873.0    268.68     1.80     0.59
CALGARY    031029 300  075500-080000   00     292.38  873.0    267.86     1.50     0.28
CALGARY    031029 300  080000-080500   00     290.58  873.0    266.21     0.90    -0.32
CALGARY    031029 300  080500-081000   00     287.47  873.0    263.36    -0.20    -9999
CALGARY    031029 300  081000-081500   00     290.28  874.0    267.88     1.50    -9999
CALGARY    031029 300  081500-082000   00     292.38  874.0    269.82     2.30    -9999
CALGARY    031029 300  082000-082500   00     284.87  874.0    262.89    -0.40    -9999
CALGARY    031029 300  082500-083000   00     285.07  874.0    263.07    -0.30    -9999
CALGARY    031029 300  083000-083500   00     282.68  875.0    262.78    -0.40    -9999
CALGARY    031029 300  083500-084000   00     284.18  875.0    264.17     0.10    -9999
CALGARY    031029 300  084000-084500   00     284.05  875.0    264.05     0.10    -9999
CALGARY    031029 300  084500-085000   00     283.75  875.0    263.77     0.00    -9999
CALGARY    031029 300  085000-085500   00     284.70  876.0    266.60     1.10    -9999
CALGARY    031029 300  085500-090000   00     281.15  876.0    263.27    -0.20    -9999
CALGARY    031029 300  090000-090500   00     280.08  876.0    262.27    -0.60    -9999
CALGARY    031029 300  090500-091000   00     279.67  876.0    261.89    -0.70    -9999
CALGARY    031029 300  091000-091500   00     283.65  876.0    265.61     0.70    -9999
CALGARY    031029 300  091500-092000   00     280.62  877.0    264.70     0.30    -9999
CALGARY    031029 300  092000-092500   00     284.67  877.0    268.52     1.80    -9999
CALGARY    031029 300  092500-093000   00     280.02  877.0    264.14     0.10    -9999
CALGARY    031029 300  093000-093500   00     282.55  877.0    266.52     1.00    -9999
CALGARY    031029 300  093500-094000   00     284.32  877.0    268.19     1.70    -9999
CALGARY    031029 300  094000-094500   00     280.85  877.0    264.92     0.40    -9999
CALGARY    031029 300  094500-095000   00     281.82  878.0    267.78     1.50    -9999
CALGARY    031029 300  095000-095500   00     279.03  878.0    265.13     0.50    -9999
CALGARY    031029 300  095500-100000   00     279.60  878.0    265.67     0.70    -9999
CALGARY    031029 300  100000-100500   00     277.13  878.0    263.32    -0.20    -9999
CALGARY    031029 300  100500-101000   00     278.17  878.0    264.31     0.20    -9999
CALGARY    031029 300  101000-101500   00     278.87  878.0    264.98     0.40    -9999
CALGARY    031029 300  101500-102000   00     275.53  878.0    261.80    -0.80    -9999
CALGARY    031029 300  102000-102500   00     273.52  878.0    259.89    -1.50    -9999
CALGARY    031029 300  102500-103000   00     272.62  878.0    259.04    -1.80    -9999
CALGARY    031029 300  103000-103500   00     264.38  879.0    253.05    -4.10    -9999
CALGARY    031029 300  103500-104000   00     264.32  879.0    252.99    -4.10    -9999
CALGARY    031029 300  104000-104500   00     255.18  879.0    244.24    -7.40    -9999
CALGARY    031029 300  104500-105000   00     250.88  879.0    240.13    -9.00    -9999
CALGARY    031029 300  105000-105500   00     247.73  879.0    237.11   -10.10    -9999
CALGARY    031029 300  105500-110000   00     242.35  879.0    231.96   -12.10    -9999
CALGARY    031029 300  110000-110500   00     242.65  879.0    232.25   -12.00    -9999
CALGARY    031029 300  110500-111000   00     237.90  879.0    227.70   -13.70    -9999
CALGARY    031029 300  111000-111500   00     235.78  879.0    225.68   -14.50    -9999
CALGARY    031029 300  111500-112000   00     234.55  879.0    224.50   -14.90    -9999
CALGARY    031029 300  112000-112500   00     233.22  879.0    223.23   -15.40    -9999
CALGARY    031029 300  112500-113000   00     238.73  879.0    228.50   -13.40    -9999
CALGARY    031029 300  113000-113500   00     234.22  879.0    224.18   -15.00    -9999
CALGARY    031029 300  113500-114000   00     232.55  879.0    222.58   -15.60    -9999
CALGARY    031029 300  114000-114500   00     230.17  879.0    220.31   -16.50    -9999
CALGARY    031029 300  114500-115000   00     227.40  879.0    217.65   -17.50    -9999
CALGARY    031029 300  115000-115500   00     228.80  879.0    218.99   -17.00    -9999
CALGARY    031029 300  115500-120000   00     225.02  879.0    215.38   -18.40    -9999
CALGARY    031029 3600 120000-130000   00     222.38  881.0    215.98   -18.10    -9999
CALGARY    031029 3600 130000-140000   00     215.26  883.0    212.14   -19.60    -9999
CALGARY    031029 3600 140000-150000   00     209.88  885.0    209.88   -20.40    -9999
CALGARY    031029 3600 150000-160000   00     214.21  886.0    215.78   -18.20    -9999
CALGARY    031029 3600 160000-170000   00     211.30  887.0    214.41   -18.70    -9999
CALGARY    031029 3600 170000-180000   00     206.32  888.0    210.89   -20.10    -9999
CALGARY    031029 3600 180000-190000   00     204.40  889.0    210.46   -20.20    -9999
CALGARY    031029 3600 190000-200000   00     206.48  890.0    214.16   -18.80    -9999
CALGARY    031029 3600 200000-210000   00     207.87  891.0    217.18   -17.70    -9999
CALGARY    031029 3600 210000-220000   00     212.96  892.0    224.13   -15.00    -9999
CALGARY    031029 3600 220000-230000   00     217.60  893.0    230.69   -12.60    -9999
CALGARY    031029 3600 230000-240000   00     225.94  894.0    241.28    -8.50    -9999
*
"Comment: The Clock of Regisrator is fast on+sec (slow on-sec) is supporting by GPS or InternetClockServer;"	
COMMENT UNIVERISTY OF OULU: FILE GENERATED FROM DATABASE AND OBTAINED FROM
COMMENT https://gle.oulu.fi at 2023-04-03 12:51:18 +00:00
COMMENT FOR HISTORICAL/ORIGINAL TEXT FILES SEE https://gle.oulu.fi/txtarchive/
COMMENT ORIGINAL AT https://gle.oulu.fi/txtarchive/GLE65/C065CALG_cor.DAT
COMMENT DETRENDED DATA SHOW -9999 IF EQUAL TO INC% COLUMN 