LOMNICKY   LATITUDE    49.2      LONGITUDE     20.22     ALTITUDE    2634 M
LOMNICKY   INSTRUMENT   8-NM-64  NEUTRON MONITOR	
LOMNICKY   STANDARD PRESSURE    736     mb     COEFFICIENT   -0.72     % / mb
LOMNICKY   PRE-INCREASE BASELINE TIME INTERVAL    031028    100000-110000   UT
LOMNICKY   PRE-INCREASE AVERAGE COUNTING RATE    377.70      COUNTS PER SECOND
LOMNICKY   TIME INTERVALS    300         3600     
LOMNICKY   SCALE FACTORS     1           1        
STATION    YYMMDD  SEC   TIME (UT)   CODE    UNCORR. PRESS.    CORR.    % INC.	DETRENDED
                         INTERVAL    TD      C/S     (mb)      C/S
LOMNICKY   031027 3600 000000-010000   00     405.74  727.4    381.38     1.00    -9999
LOMNICKY   031027 3600 010000-020000   00     407.65  727.4    383.18     1.40    -9999
LOMNICKY   031027 3600 020000-030000   00     410.74  727.4    386.08     2.20    -9999
LOMNICKY   031027 3600 030000-040000   00     411.48  727.6    387.33     2.50    -9999
LOMNICKY   031027 3600 040000-050000   00     412.79  727.7    388.84     2.90    -9999
LOMNICKY   031027 3600 050000-060000   00     412.13  728.1    389.34     3.10    -9999
LOMNICKY   031027 3600 060000-070000   00     410.92  728.5    389.32     3.10    -9999
LOMNICKY   031027 3600 070000-080000   00     409.62  728.6    388.37     2.80    -9999
LOMNICKY   031027 3600 080000-090000   00     412.56  728.7    391.44     3.60    -9999
LOMNICKY   031027 3600 090000-100000   00     412.36  728.8    391.53     3.70    -9999
LOMNICKY   031027 3600 100000-110000   00     412.79  728.8    391.94     3.80    -9999
LOMNICKY   031027 3600 110000-120000   00     414.37  728.4    392.31     3.90    -9999
LOMNICKY   031027 3600 120000-130000   00     415.15  728.6    393.61     4.20    -9999
LOMNICKY   031027 3600 130000-140000   00     413.27  728.8    392.40     3.90    -9999
LOMNICKY   031027 3600 140000-150000   00     412.35  728.9    391.80     3.70    -9999
LOMNICKY   031027 3600 150000-160000   00     410.37  729.2    390.76     3.50    -9999
LOMNICKY   031027 3600 160000-170000   00     409.03  729.6    390.61     3.40    -9999
LOMNICKY   031027 3600 170000-180000   00     408.05  730.0    390.80     3.50    -9999
LOMNICKY   031027 3600 180000-190000   00     407.50  730.3    391.12     3.60    -9999
LOMNICKY   031027 3600 190000-200000   00     406.51  730.5    390.73     3.40    -9999
LOMNICKY   031027 3600 200000-210000   00     403.62  730.9    389.07     3.00    -9999
LOMNICKY   031027 3600 210000-220000   00     402.68  731.1    388.72     2.90    -9999
LOMNICKY   031027 3600 220000-230000   00     399.98  731.4    386.94     2.40    -9999
LOMNICKY   031027 3600 230000-240000   00     399.23  731.7    387.06     2.50    -9999
LOMNICKY   031028 3600 000000-010000   00     396.92  732.1    385.93     2.20    -9999
LOMNICKY   031028 3600 010000-020000   00     385.90  732.4    376.02    -0.40    -9999
LOMNICKY   031028 3600 020000-030000   00     378.49  732.8    369.87    -2.10    -9999
LOMNICKY   031028 3600 030000-040000   00     375.90  733.1    368.13    -2.50    -9999
LOMNICKY   031028 3600 040000-050000   00     376.29  733.4    369.31    -2.20    -9999
LOMNICKY   031028 3600 050000-060000   00     375.49  733.8    369.59    -2.10    -9999
LOMNICKY   031028 3600 060000-070000   00     381.04  734.5    376.95    -0.20    -9999
LOMNICKY   031028 3600 070000-080000   00     387.80  735.0    385.01     1.90    -9999
LOMNICKY   031028 3600 080000-090000   00     387.34  735.5    385.95     2.20    -9999
LOMNICKY   031028 300  090000-090500   00     387.88  735.8    387.34     2.60    -9999
LOMNICKY   031028 300  090500-091000   00     387.80  735.8    387.31     2.50    -9999
LOMNICKY   031028 300  091000-091500   00     386.62  735.8    386.17     2.20    -9999
LOMNICKY   031028 300  091500-092000   00     383.75  735.9    383.35     1.50    -9999
LOMNICKY   031028 300  092000-092500   00     388.30  735.9    387.95     2.70    -9999
LOMNICKY   031028 300  092500-093000   00     382.22  735.9    381.91     1.10    -9999
LOMNICKY   031028 300  093000-093500   00     385.20  735.9    384.94     1.90    -9999
LOMNICKY   031028 300  093500-094000   00     384.48  735.9    384.27     1.70    -9999
LOMNICKY   031028 300  094000-094500   00     379.05  735.9    378.89     0.30    -9999
LOMNICKY   031028 300  094500-095000   00     381.75  736.0    381.63     1.00    -9999
LOMNICKY   031028 300  095000-095500   00     382.48  736.0    382.41     1.20    -9999
LOMNICKY   031028 300  095500-100000   00     382.90  736.0    382.87     1.40    -9999
LOMNICKY   031028 300  100000-100500   00     381.40  736.0    381.40     1.00    -9999
LOMNICKY   031028 300  100500-101000   00     380.68  736.0    380.68     0.80    -9999
LOMNICKY   031028 300  101000-101500   00     377.42  736.0    377.42    -0.10    -9999
LOMNICKY   031028 300  101500-102000   00     378.27  736.0    378.27     0.20    -9999
LOMNICKY   031028 300  102000-102500   00     376.98  736.0    376.98    -0.20    -9999
LOMNICKY   031028 300  102500-103000   00     377.62  736.0    377.62     0.00    -9999
LOMNICKY   031028 300  103000-103500   00     376.02  736.0    376.02    -0.40    -9999
LOMNICKY   031028 300  103500-104000   00     375.93  736.0    375.93    -0.50    -9999
LOMNICKY   031028 300  104000-104500   00     377.23  736.0    377.23    -0.10    -9999
LOMNICKY   031028 300  104500-105000   00     375.43  736.0    375.43    -0.60    -9999
LOMNICKY   031028 300  105000-105500   00     378.90  736.0    378.90     0.30    -9999
LOMNICKY   031028 300  105500-110000   00     376.52  736.0    376.52    -0.30    -9999
LOMNICKY   031028 300  110000-110500   00     375.75  736.0    375.78    -0.50    -1.35
LOMNICKY   031028 300  110500-111000   00     377.12  736.0    377.21    -0.10    -0.94
LOMNICKY   031028 300  111000-111500   00     380.48  736.1    380.65     0.80    -0.04
LOMNICKY   031028 300  111500-112000   00     404.88  736.1    405.13     7.30     6.46
LOMNICKY   031028 300  112000-112500   00     404.77  736.1    405.09     7.30     6.46
LOMNICKY   031028 300  112500-113000   00     403.95  736.1    404.34     7.10     6.26
LOMNICKY   031028 300  113000-113500   00     392.63  736.2    393.09     4.10     3.26
LOMNICKY   031028 300  113500-114000   00     389.17  736.2    389.69     3.20     2.36
LOMNICKY   031028 300  114000-114500   00     383.47  736.2    384.05     1.70     0.86
LOMNICKY   031028 300  114500-115000   00     385.32  736.2    385.97     2.20     1.37
LOMNICKY   031028 300  115000-115500   00     386.90  736.3    387.62     2.60     1.77
LOMNICKY   031028 300  115500-120000   00     383.60  736.3    384.39     1.80     0.97
LOMNICKY   031028 300  120000-120500   00     384.90  736.3    385.75     2.10     1.27
LOMNICKY   031028 300  120500-121000   00     385.30  736.3    386.20     2.20     1.37
LOMNICKY   031028 300  121000-121500   00     384.02  736.3    384.96     1.90     1.07
LOMNICKY   031028 300  121500-122000   00     389.67  736.4    390.67     3.40     2.57
LOMNICKY   031028 300  122000-122500   00     385.18  736.4    386.22     2.30     1.47
LOMNICKY   031028 300  122500-123000   00     386.53  736.4    387.62     2.60     1.78
LOMNICKY   031028 300  123000-123500   00     386.52  736.4    387.65     2.60     1.78
LOMNICKY   031028 300  123500-124000   00     384.92  736.4    386.09     2.20     1.38
LOMNICKY   031028 300  124000-124500   00     379.47  736.4    380.67     0.80    -0.02
LOMNICKY   031028 300  124500-125000   00     381.00  736.5    382.25     1.20     0.38
LOMNICKY   031028 300  125000-125500   00     383.12  736.5    384.42     1.80     0.98
LOMNICKY   031028 300  125500-130000   00     383.37  736.5    384.72     1.90     1.08
LOMNICKY   031028 300  130000-130500   00     381.12  736.5    382.47     1.30     0.48
LOMNICKY   031028 300  130500-131000   00     382.90  736.5    384.22     1.70     0.89
LOMNICKY   031028 300  131000-131500   00     383.73  736.5    385.01     1.90     1.09
LOMNICKY   031028 300  131500-132000   00     385.23  736.4    386.46     2.30     1.49
LOMNICKY   031028 300  132000-132500   00     384.97  736.4    386.15     2.20     1.39
LOMNICKY   031028 300  132500-133000   00     382.27  736.4    383.40     1.50     0.69
LOMNICKY   031028 300  133000-133500   00     384.25  736.4    385.34     2.00     1.19
LOMNICKY   031028 300  133500-134000   00     382.00  736.4    383.04     1.40     0.59
LOMNICKY   031028 300  134000-134500   00     383.93  736.4    384.93     1.90     1.10
LOMNICKY   031028 300  134500-135000   00     383.42  736.3    384.37     1.80     1.00
LOMNICKY   031028 300  135000-135500   00     379.08  736.3    379.98     0.60    -0.20
LOMNICKY   031028 300  135500-140000   00     382.82  736.3    383.67     1.60     0.80
LOMNICKY   031028 300  140000-140500   00     384.10  736.3    384.94     1.90     1.10
LOMNICKY   031028 300  140500-141000   00     384.53  736.3    385.40     2.00     1.20
LOMNICKY   031028 300  141000-141500   00     385.30  736.3    386.19     2.20     1.40
LOMNICKY   031028 300  141500-142000   00     385.15  736.3    386.06     2.20     1.40
LOMNICKY   031028 300  142000-142500   00     384.95  736.3    385.88     2.20     1.41
LOMNICKY   031028 300  142500-143000   00     387.35  736.3    388.31     2.80     2.01
LOMNICKY   031028 300  143000-143500   00     382.55  736.4    383.52     1.50     0.71
LOMNICKY   031028 300  143500-144000   00     385.60  736.4    386.61     2.40     1.61
LOMNICKY   031028 300  144000-144500   00     384.35  736.4    385.38     2.00     1.21
LOMNICKY   031028 300  144500-145000   00     384.73  736.4    385.78     2.10     1.31
LOMNICKY   031028 300  145000-145500   00     381.10  736.4    382.16     1.20     0.41
LOMNICKY   031028 300  145500-150000   00     385.07  736.4    386.16     2.20     1.41
LOMNICKY   031028 300  150000-150500   00     383.12  736.4    384.22     1.70     0.92
LOMNICKY   031028 300  150500-151000   00     386.37  736.4    387.48     2.60     1.82
LOMNICKY   031028 300  151000-151500   00     385.75  736.4    386.86     2.40     1.62
LOMNICKY   031028 300  151500-152000   00     381.58  736.4    382.68     1.30     0.52
LOMNICKY   031028 300  152000-152500   00     383.17  736.4    384.27     1.70     0.92
LOMNICKY   031028 300  152500-153000   00     382.03  736.4    383.14     1.40     0.62
LOMNICKY   031028 300  153000-153500   00     383.05  736.4    384.15     1.70     0.92
LOMNICKY   031028 300  153500-154000   00     383.18  736.4    384.29     1.70     0.92
LOMNICKY   031028 300  154000-154500   00     382.80  736.4    383.90     1.60     0.83
LOMNICKY   031028 300  154500-155000   00     386.15  736.4    387.26     2.50     1.73
LOMNICKY   031028 300  155000-155500   00     385.12  736.4    386.23     2.30     1.53
LOMNICKY   031028 300  155500-160000   00     385.88  736.4    387.00     2.50     1.73
LOMNICKY   031028 300  160000-160500   00     383.12  736.4    384.22     1.70     0.93
LOMNICKY   031028 300  160500-161000   00     382.03  736.4    383.14     1.40     0.63
LOMNICKY   031028 300  161000-161500   00     383.25  736.4    384.36     1.80     1.03
LOMNICKY   031028 300  161500-162000   00     385.38  736.4    386.49     2.30     1.53
LOMNICKY   031028 300  162000-162500   00     385.20  736.4    386.31     2.30     1.54
LOMNICKY   031028 300  162500-163000   00     383.57  736.4    384.67     1.80     1.04
LOMNICKY   031028 300  163000-163500   00     386.78  736.4    387.90     2.70     1.94
LOMNICKY   031028 300  163500-164000   00     384.17  736.4    385.27     2.00     1.24
LOMNICKY   031028 300  164000-164500   00     386.15  736.4    387.26     2.50     1.74
LOMNICKY   031028 300  164500-165000   00     384.65  736.4    385.76     2.10     1.34
LOMNICKY   031028 300  165000-165500   00     384.57  736.4    385.68     2.10     1.34
LOMNICKY   031028 300  165500-170000   00     385.33  736.4    386.44     2.30     1.54
LOMNICKY   031028 300  170000-170500   00     386.97  736.4    388.08     2.70     1.95
LOMNICKY   031028 300  170500-171000   00     383.88  736.4    384.99     1.90     1.15
LOMNICKY   031028 300  171000-171500   00     380.97  736.4    382.07     1.20     0.45
LOMNICKY   031028 300  171500-172000   00     381.97  736.4    383.07     1.40     0.65
LOMNICKY   031028 300  172000-172500   00     382.95  736.4    384.05     1.70     0.95
LOMNICKY   031028 300  172500-173000   00     380.72  736.4    381.81     1.10     0.35
LOMNICKY   031028 300  173000-173500   00     382.28  736.4    383.39     1.50     0.75
LOMNICKY   031028 300  173500-174000   00     386.47  736.4    387.58     2.60     1.85
LOMNICKY   031028 300  174000-174500   00     385.65  736.4    386.76     2.40     1.66
LOMNICKY   031028 300  174500-175000   00     383.37  736.4    384.47     1.80     1.06
LOMNICKY   031028 300  175000-175500   00     384.65  736.4    385.76     2.10     1.36
LOMNICKY   031028 300  175500-180000   00     381.88  736.4    382.98     1.40     0.66
LOMNICKY   031028 300  180000-180500   00     383.63  736.4    384.75     1.90     1.16
LOMNICKY   031028 300  180500-181000   00     383.92  736.4    385.06     1.90     1.16
LOMNICKY   031028 300  181000-181500   00     386.27  736.4    387.44     2.60     1.86
LOMNICKY   031028 300  181500-182000   00     382.40  736.4    383.58     1.60     0.86
LOMNICKY   031028 300  182000-182500   00     383.12  736.4    384.32     1.80     1.07
LOMNICKY   031028 300  182500-183000   00     381.48  736.4    382.71     1.30     0.57
LOMNICKY   031028 300  183000-183500   00     382.12  736.5    383.37     1.50     0.77
LOMNICKY   031028 300  183500-184000   00     384.98  736.5    386.27     2.30     1.57
LOMNICKY   031028 300  184000-184500   00     384.73  736.5    386.04     2.20     1.47
LOMNICKY   031028 300  184500-185000   00     385.98  736.5    387.31     2.50     1.77
LOMNICKY   031028 300  185000-185500   00     382.60  736.5    383.94     1.70     0.97
LOMNICKY   031028 300  185500-190000   00     381.92  736.5    383.28     1.50     0.77
LOMNICKY   031028 300  190000-190500   00     384.45  736.5    385.81     2.10     1.38
LOMNICKY   031028 300  190500-191000   00     383.60  736.5    384.89     1.90     1.18
LOMNICKY   031028 300  191000-191500   00     382.32  736.4    383.53     1.50     0.78
LOMNICKY   031028 300  191500-192000   00     381.18  736.4    382.32     1.20     0.48
LOMNICKY   031028 300  192000-192500   00     378.27  736.4    379.33     0.40    -0.32
LOMNICKY   031028 300  192500-193000   00     383.82  736.4    384.83     1.90     1.18
LOMNICKY   031028 300  193000-193500   00     382.78  736.3    383.72     1.60     0.88
LOMNICKY   031028 300  193500-194000   00     382.87  736.3    383.74     1.60     0.88
LOMNICKY   031028 300  194000-194500   00     382.02  736.3    382.82     1.40     0.69
LOMNICKY   031028 300  194500-195000   00     383.75  736.3    384.48     1.80     1.09
LOMNICKY   031028 300  195000-195500   00     386.03  736.2    386.70     2.40     1.69
LOMNICKY   031028 300  195500-200000   00     387.30  736.2    387.90     2.70     1.99
LOMNICKY   031028 300  200000-200500   00     386.17  736.2    386.68     2.40     1.69
LOMNICKY   031028 300  200500-201000   00     381.20  736.1    381.59     1.00     0.29
LOMNICKY   031028 300  201000-201500   00     383.73  736.1    384.01     1.70     0.99
LOMNICKY   031028 300  201500-202000   00     383.15  736.1    383.31     1.50     0.79
LOMNICKY   031028 300  202000-202500   00     384.27  736.0    384.31     1.80     1.10
LOMNICKY   031028 300  202500-203000   00     380.43  736.0    380.36     0.70     0.00
LOMNICKY   031028 300  203000-203500   00     385.02  735.9    384.83     1.90     1.20
LOMNICKY   031028 300  203500-204000   00     384.60  735.9    384.30     1.70     1.00
LOMNICKY   031028 300  204000-204500   00     386.82  735.8    386.40     2.30     1.60
LOMNICKY   031028 300  204500-205000   00     385.58  735.8    385.05     1.90     1.20
LOMNICKY   031028 300  205000-205500   00     383.28  735.8    382.64     1.30     0.60
LOMNICKY   031028 300  205500-210000   00     382.55  735.7    381.79     1.10     0.40
LOMNICKY   031028 300  210000-210500   00     385.87  735.7    385.00     1.90     1.21
LOMNICKY   031028 300  210500-211000   00     384.22  735.7    383.26     1.50     0.81
LOMNICKY   031028 300  211000-211500   00     385.67  735.6    384.61     1.80     1.11
LOMNICKY   031028 300  211500-212000   00     383.78  735.6    382.64     1.30     0.61
LOMNICKY   031028 300  212000-212500   00     382.52  735.6    381.29     1.00     0.31
LOMNICKY   031028 300  212500-213000   00     381.75  735.5    380.43     0.70     0.01
LOMNICKY   031028 300  213000-213500   00     382.68  735.5    381.27     0.90     0.21
LOMNICKY   031028 300  213500-214000   00     383.80  735.5    382.29     1.20     0.52
LOMNICKY   031028 300  214000-214500   00     385.90  735.4    384.29     1.70     1.02
LOMNICKY   031028 300  214500-215000   00     385.95  735.4    384.25     1.70     1.02
LOMNICKY   031028 300  215000-215500   00     386.68  735.4    384.89     1.90     1.22
LOMNICKY   031028 300  215500-220000   00     384.28  735.3    382.41     1.20     0.52
LOMNICKY   031028 300  220000-220500   00     386.78  735.3    384.79     1.90     1.22
LOMNICKY   031028 300  220500-221000   00     386.77  735.2    384.66     1.80     1.12
LOMNICKY   031028 300  221000-221500   00     384.70  735.2    382.49     1.30     0.62
LOMNICKY   031028 300  221500-222000   00     387.80  735.2    385.46     2.10     1.43
LOMNICKY   031028 300  222000-222500   00     386.72  735.1    384.26     1.70     1.03
LOMNICKY   031028 300  222500-223000   00     386.78  735.1    384.22     1.70     1.03
LOMNICKY   031028 300  223000-223500   00     391.15  735.0    388.44     2.80     2.13
LOMNICKY   031028 300  223500-224000   00     382.80  735.0    380.03     0.60    -0.07
LOMNICKY   031028 300  224000-224500   00     385.10  735.0    382.20     1.20     0.53
LOMNICKY   031028 300  224500-225000   00     388.13  734.9    385.09     2.00     1.33
LOMNICKY   031028 300  225000-225500   00     387.03  734.9    383.89     1.60     0.93
LOMNICKY   031028 300  225500-230000   00     384.80  734.8    381.56     1.00     0.34
LOMNICKY   031028 300  230000-230500   00     383.12  734.8    379.77     0.50    -0.16
LOMNICKY   031028 300  230500-231000   00     385.30  734.7    381.79     1.10     0.44
LOMNICKY   031028 300  231000-231500   00     384.83  734.7    381.19     0.90     0.24
LOMNICKY   031028 300  231500-232000   00     387.80  734.6    383.99     1.70     1.04
LOMNICKY   031028 300  232000-232500   00     386.70  734.6    382.77     1.30     0.64
LOMNICKY   031028 300  232500-233000   00     390.42  734.5    386.31     2.30     1.64
LOMNICKY   031028 300  233000-233500   00     388.03  734.5    383.81     1.60     0.94
LOMNICKY   031028 300  233500-234000   00     384.87  734.4    380.54     0.80     0.15
LOMNICKY   031028 300  234000-234500   00     387.47  734.4    382.97     1.40     0.75
LOMNICKY   031028 300  234500-235000   00     387.60  734.3    382.97     1.40     0.75
LOMNICKY   031028 300  235000-235500   00     386.22  734.3    381.46     1.00     0.35
LOMNICKY   031028 300  235500-240000   00     389.93  734.2    385.00     1.90     1.25
LOMNICKY   031029 300  000000-000500   00     388.37  734.2    383.30     1.50     0.85
LOMNICKY   031029 300  000500-001000   00     384.90  734.1    379.72     0.50    -0.15
LOMNICKY   031029 300  001000-001500   00     386.67  734.1    381.30     1.00     0.35
LOMNICKY   031029 300  001500-002000   00     386.70  734.0    381.18     0.90     0.26
LOMNICKY   031029 300  002000-002500   00     386.75  733.9    381.07     0.90     0.26
LOMNICKY   031029 300  002500-003000   00     387.35  733.9    381.50     1.00     0.36
LOMNICKY   031029 300  003000-003500   00     389.07  733.8    383.03     1.40     0.76
LOMNICKY   031029 300  003500-004000   00     389.17  733.8    382.96     1.40     0.76
LOMNICKY   031029 300  004000-004500   00     393.03  733.7    386.61     2.40     1.76
LOMNICKY   031029 300  004500-005000   00     388.65  733.7    382.13     1.20     0.56
LOMNICKY   031029 300  005000-005500   00     393.82  733.6    387.05     2.50     1.86
LOMNICKY   031029 300  005500-010000   00     392.80  733.5    385.89     2.20     1.57
LOMNICKY   031029 300  010000-010500   00     391.93  733.5    384.89     1.90     1.27
LOMNICKY   031029 300  010500-011000   00     391.47  733.4    384.29     1.70     1.07
LOMNICKY   031029 300  011000-011500   00     392.55  733.4    385.21     2.00     1.37
LOMNICKY   031029 300  011500-012000   00     395.97  733.3    388.43     2.80     2.17
LOMNICKY   031029 300  012000-012500   00     389.82  733.3    382.26     1.20     0.57
LOMNICKY   031029 300  012500-013000   00     389.68  733.2    381.99     1.10     0.47
LOMNICKY   031029 300  013000-013500   00     393.83  733.2    385.92     2.20     1.57
LOMNICKY   031029 300  013500-014000   00     393.82  733.1    385.76     2.10     1.48
LOMNICKY   031029 300  014000-014500   00     395.48  733.1    387.26     2.50     1.88
LOMNICKY   031029 300  014500-015000   00     396.30  733.0    387.92     2.70     2.08
LOMNICKY   031029 300  015000-015500   00     396.22  733.0    387.69     2.60     1.98
LOMNICKY   031029 300  015500-020000   00     395.77  732.9    387.11     2.50     1.88
LOMNICKY   031029 300  020000-020500   00     395.37  732.9    386.60     2.40     1.78
LOMNICKY   031029 300  020500-021000   00     396.13  732.9    387.26     2.50     1.88
LOMNICKY   031029 300  021000-021500   00     397.63  732.8    388.63     2.90     2.28
LOMNICKY   031029 300  021500-022000   00     394.90  732.8    385.87     2.20     1.59
LOMNICKY   031029 300  022000-022500   00     396.23  732.8    387.08     2.50     1.89
LOMNICKY   031029 300  022500-023000   00     393.95  732.7    384.76     1.90     1.29
LOMNICKY   031029 300  023000-023500   00     389.87  732.7    380.68     0.80     0.19
LOMNICKY   031029 300  023500-024000   00     394.27  732.7    384.88     1.90     1.29
LOMNICKY   031029 300  024000-024500   00     394.07  732.6    384.59     1.80     1.19
LOMNICKY   031029 300  024500-025000   00     396.65  732.6    387.02     2.50     1.89
LOMNICKY   031029 300  025000-025500   00     396.77  732.6    387.04     2.50     1.89
LOMNICKY   031029 300  025500-030000   00     393.02  732.5    383.29     1.50     0.90
LOMNICKY   031029 300  030000-030500   00     396.30  732.5    386.38     2.30     1.70
LOMNICKY   031029 300  030500-031000   00     394.97  732.4    384.94     1.90     1.30
LOMNICKY   031029 300  031000-031500   00     395.30  732.4    385.13     2.00     1.40
LOMNICKY   031029 300  031500-032000   00     394.83  732.3    384.54     1.80     1.20
LOMNICKY   031029 300  032000-032500   00     397.65  732.3    387.14     2.50     1.90
LOMNICKY   031029 300  032500-033000   00     398.80  732.2    388.12     2.80     2.20
LOMNICKY   031029 300  033000-033500   00     395.32  732.2    384.59     1.80     1.20
LOMNICKY   031029 300  033500-034000   00     396.18  732.1    385.30     2.00     1.41
LOMNICKY   031029 300  034000-034500   00     398.70  732.1    387.60     2.60     2.01
LOMNICKY   031029 300  034500-035000   00     396.60  732.0    385.42     2.00     1.41
LOMNICKY   031029 300  035000-035500   00     397.42  732.0    386.08     2.20     1.61
LOMNICKY   031029 300  035500-040000   00     398.10  731.9    386.60     2.40     1.81
LOMNICKY   031029 300  040000-040500   00     392.02  731.9    380.54     0.80     0.21
LOMNICKY   031029 300  040500-041000   00     399.05  731.8    387.18     2.50     1.91
LOMNICKY   031029 300  041000-041500   00     398.15  731.7    386.12     2.20     1.61
LOMNICKY   031029 300  041500-042000   00     396.38  731.7    384.23     1.70     1.12
LOMNICKY   031029 300  042000-042500   00     397.77  731.6    385.38     2.00     1.42
LOMNICKY   031029 300  042500-043000   00     397.67  731.5    385.10     2.00     1.42
LOMNICKY   031029 300  043000-043500   00     399.12  731.5    386.32     2.30     1.72
LOMNICKY   031029 300  043500-044000   00     400.68  731.4    387.65     2.60     2.02
LOMNICKY   031029 300  044000-044500   00     402.50  731.3    389.22     3.00     2.42
LOMNICKY   031029 300  044500-045000   00     397.28  731.3    383.99     1.70     1.12
LOMNICKY   031029 300  045000-045500   00     398.77  731.2    385.24     2.00     1.42
LOMNICKY   031029 300  045500-050000   00     400.03  731.1    386.28     2.30     1.73
LOMNICKY   031029 300  050000-050500   00     395.95  731.1    382.21     1.20     0.63
LOMNICKY   031029 300  050500-051000   00     400.73  731.1    386.78     2.40     1.83
LOMNICKY   031029 300  051000-051500   00     399.47  731.1    385.51     2.10     1.53
LOMNICKY   031029 300  051500-052000   00     400.70  731.0    386.65     2.40     1.83
LOMNICKY   031029 300  052000-052500   00     399.63  731.0    385.58     2.10     1.53
LOMNICKY   031029 300  052500-053000   00     398.37  731.0    384.31     1.70     1.13
LOMNICKY   031029 300  053000-053500   00     402.17  731.0    387.93     2.70     2.14
LOMNICKY   031029 300  053500-054000   00     403.08  731.0    388.77     2.90     2.34
LOMNICKY   031029 300  054000-054500   00     403.63  731.0    389.25     3.10     2.54
LOMNICKY   031029 300  054500-055000   00     408.87  730.9    394.25     4.40     3.84
LOMNICKY   031029 300  055000-055500   00     407.13  730.9    392.53     3.90     3.34
LOMNICKY   031029 300  055500-060000   00     406.08  730.9    391.47     3.60     3.04
LOMNICKY   031029 300  060000-060500   00     405.92  730.9    391.27     3.60     3.04
LOMNICKY   031029 300  060500-061000   00     409.63  730.9    394.83     4.50     3.94
LOMNICKY   031029 300  061000-061500   00     406.37  730.9    391.66     3.70     3.15
LOMNICKY   031029 300  061500-062000   00     402.80  730.9    388.20     2.80     2.25
LOMNICKY   031029 300  062000-062500   00     401.93  730.9    387.34     2.60     2.05
LOMNICKY   031029 300  062500-063000   00     398.68  730.9    384.18     1.70     1.15
LOMNICKY   031029 300  063000-063500   00     398.90  730.8    384.37     1.80     1.25
LOMNICKY   031029 300  063500-064000   00     390.15  730.8    375.92    -0.50    -1.05
LOMNICKY   031029 300  064000-064500   00     383.55  730.8    369.54    -2.20    -2.75
LOMNICKY   031029 300  064500-065000   00     391.45  730.8    377.12    -0.20    -0.75
LOMNICKY   031029 300  065000-065500   00     390.33  730.8    376.03    -0.40    -0.94
LOMNICKY   031029 300  065500-070000   00     396.67  730.8    382.10     1.20     0.66
LOMNICKY   031029 300  070000-070500   00     397.05  730.8    382.45     1.30     0.76
LOMNICKY   031029 300  070500-071000   00     396.45  730.8    381.85     1.10     0.56
LOMNICKY   031029 300  071000-071500   00     397.37  730.8    382.71     1.30     0.76
LOMNICKY   031029 300  071500-072000   00     393.97  730.8    379.41     0.50    -0.04
LOMNICKY   031029 300  072000-072500   00     394.40  730.8    379.81     0.60     0.06
LOMNICKY   031029 300  072500-073000   00     394.58  730.8    379.96     0.60     0.06
LOMNICKY   031029 300  073000-073500   00     395.62  730.7    380.93     0.90     0.37
LOMNICKY   031029 300  073500-074000   00     391.55  730.7    376.99    -0.20    -0.73
LOMNICKY   031029 300  074000-074500   00     392.33  730.7    377.73     0.00    -0.53
LOMNICKY   031029 300  074500-075000   00     390.10  730.7    375.55    -0.60    -1.13
LOMNICKY   031029 300  075000-075500   00     394.25  730.7    379.53     0.50    -0.03
LOMNICKY   031029 300  075500-080000   00     394.93  730.7    380.16     0.70     0.17
LOMNICKY   031029 300  080000-080500   00     393.97  730.7    379.18     0.40    -0.13
LOMNICKY   031029 300  080500-081000   00     395.68  730.7    380.74     0.80    -9999
LOMNICKY   031029 300  081000-081500   00     394.03  730.6    379.06     0.40    -9999
LOMNICKY   031029 300  081500-082000   00     392.20  730.6    377.21    -0.10    -9999
LOMNICKY   031029 300  082000-082500   00     387.93  730.6    373.01    -1.20    -9999
LOMNICKY   031029 300  082500-083000   00     389.98  730.5    374.90    -0.70    -9999
LOMNICKY   031029 300  083000-083500   00     391.23  730.5    376.01    -0.40    -9999
LOMNICKY   031029 300  083500-084000   00     397.67  730.5    382.10     1.20    -9999
LOMNICKY   031029 300  084000-084500   00     399.70  730.4    383.96     1.70    -9999
LOMNICKY   031029 300  084500-085000   00     399.15  730.4    383.34     1.50    -9999
LOMNICKY   031029 300  085000-085500   00     401.07  730.4    385.09     2.00    -9999
LOMNICKY   031029 300  085500-090000   00     396.73  730.3    380.84     0.80    -9999
LOMNICKY   031029 300  090000-090500   00     396.58  730.3    380.59     0.80    -9999
LOMNICKY   031029 300  090500-091000   00     391.97  730.2    376.05    -0.40    -9999
LOMNICKY   031029 300  091000-091500   00     391.65  730.2    375.63    -0.50    -9999
LOMNICKY   031029 300  091500-092000   00     390.83  730.2    374.74    -0.80    -9999
LOMNICKY   031029 300  092000-092500   00     389.60  730.1    373.44    -1.10    -9999
LOMNICKY   031029 300  092500-093000   00     388.63  730.1    372.40    -1.40    -9999
LOMNICKY   031029 300  093000-093500   00     385.60  730.0    369.39    -2.20    -9999
LOMNICKY   031029 300  093500-094000   00     387.90  730.0    371.48    -1.60    -9999
LOMNICKY   031029 300  094000-094500   00     386.13  730.0    369.67    -2.10    -9999
LOMNICKY   031029 300  094500-095000   00     387.62  729.9    370.98    -1.80    -9999
LOMNICKY   031029 300  095000-095500   00     388.25  729.9    371.48    -1.60    -9999
LOMNICKY   031029 300  095500-100000   00     389.97  729.8    373.01    -1.20    -9999
LOMNICKY   031029 300  100000-100500   00     388.12  729.8    371.13    -1.70    -9999
LOMNICKY   031029 300  100500-101000   00     384.67  729.7    367.72    -2.60    -9999
LOMNICKY   031029 300  101000-101500   00     387.00  729.7    369.84    -2.10    -9999
LOMNICKY   031029 300  101500-102000   00     388.47  729.7    371.13    -1.70    -9999
LOMNICKY   031029 300  102000-102500   00     389.42  729.6    371.92    -1.50    -9999
LOMNICKY   031029 300  102500-103000   00     391.83  729.6    374.12    -0.90    -9999
LOMNICKY   031029 300  103000-103500   00     388.80  729.5    371.11    -1.70    -9999
LOMNICKY   031029 300  103500-104000   00     387.37  729.5    369.63    -2.10    -9999
LOMNICKY   031029 300  104000-104500   00     387.43  729.5    369.59    -2.10    -9999
LOMNICKY   031029 300  104500-105000   00     385.50  729.4    367.63    -2.70    -9999
LOMNICKY   031029 300  105000-105500   00     386.72  729.4    368.68    -2.40    -9999
LOMNICKY   031029 300  105500-110000   00     379.67  729.3    361.85    -4.20    -9999
LOMNICKY   031029 300  110000-110500   00     379.80  729.3    361.91    -4.20    -9999
LOMNICKY   031029 300  110500-111000   00     377.82  729.3    360.02    -4.70    -9999
LOMNICKY   031029 300  111000-111500   00     378.08  729.3    360.28    -4.60    -9999
LOMNICKY   031029 300  111500-112000   00     376.80  729.3    359.05    -4.90    -9999
LOMNICKY   031029 300  112000-112500   00     369.62  729.3    352.21    -6.70    -9999
LOMNICKY   031029 300  112500-113000   00     372.28  729.3    354.75    -6.10    -9999
LOMNICKY   031029 300  113000-113500   00     370.50  729.3    353.05    -6.50    -9999
LOMNICKY   031029 300  113500-114000   00     368.17  729.3    350.83    -7.10    -9999
LOMNICKY   031029 300  114000-114500   00     365.78  729.3    348.56    -7.70    -9999
LOMNICKY   031029 300  114500-115000   00     367.08  729.3    349.80    -7.40    -9999
LOMNICKY   031029 300  115000-115500   00     369.73  729.3    352.32    -6.70    -9999
LOMNICKY   031029 300  115500-120000   00     366.87  729.3    349.59    -7.40    -9999
LOMNICKY   031029 3600 120000-130000   00     358.03  728.8    339.94   -10.00    -9999
LOMNICKY   031029 3600 130000-140000   00     336.55  728.2    318.17   -15.80    -9999
LOMNICKY   031029 3600 140000-150000   00     326.53  727.3    306.71   -18.80    -9999
LOMNICKY   031029 3600 150000-160000   00     317.32  726.6    296.56   -21.50    -9999
LOMNICKY   031029 3600 160000-170000   00     323.38  726.9    302.87   -19.80    -9999
LOMNICKY   031029 3600 170000-180000   00     316.93  726.3    295.55   -21.80    -9999
LOMNICKY   031029 3600 180000-190000   00     333.47  726.1    310.53   -17.80    -9999
LOMNICKY   031029 3600 190000-200000   00     341.62  725.7    317.20   -16.00    -9999
LOMNICKY   031029 3600 200000-210000   00     342.28  725.6    317.59   -15.90    -9999
LOMNICKY   031029 3600 210000-220000   00     341.62  724.8    315.15   -16.60    -9999
LOMNICKY   031029 3600 220000-230000   00     340.16  724.3    312.68   -17.20    -9999
LOMNICKY   031029 3600 230000-240000   00    -999.00 -999.0   -999.00    -9999    -9999
*
COMMENT UNIVERISTY OF OULU: FILE GENERATED FROM DATABASE AND OBTAINED FROM
COMMENT https://gle.oulu.fi at 2023-04-03 12:51:18 +00:00
COMMENT FOR HISTORICAL/ORIGINAL TEXT FILES SEE https://gle.oulu.fi/txtarchive/
COMMENT ORIGINAL AT https://gle.oulu.fi/txtarchive/GLE65/C065LMKS_cor.DAT
COMMENT DETRENDED DATA SHOW -9999 IF EQUAL TO INC% COLUMN 