THULE      LATITUDE    76.6      LONGITUDE     -68.8     ALTITUDE    260 M
THULE      INSTRUMENT   9NM64    NEUTRON MONITOR     	
THULE      STANDARD PRESSURE    1002.2  mb     COEFFICIENT   -0.743    % / mb
THULE      PRE-INCREASE BASELINE TIME INTERVAL    031028    100000-110000   UT
THULE      PRE-INCREASE AVERAGE COUNTING RATE    188.56      COUNTS PER SECOND
THULE      TIME INTERVALS    300         3600     
THULE      SCALE FACTORS     1           1        
STATION    YYMMDD  SEC   TIME (UT)   CODE    UNCORR. PRESS.    CORR.    % INC.	DETRENDED
                         INTERVAL    TD      C/S     (mb)      C/S
THULE      031027 3600 000000-010000   00     222.84  980.8    190.08     0.80    -9999
THULE      031027 3600 010000-020000   00     221.77  980.9    189.31     0.40    -9999
THULE      031027 3600 020000-030000   00     221.85  980.9    189.38     0.40    -9999
THULE      031027 3600 030000-040000   00     222.57  981.2    190.41     1.00    -9999
THULE      031027 3600 040000-050000   00     223.09  981.5    191.28     1.40    -9999
THULE      031027 3600 050000-060000   00     222.86  981.7    191.38     1.50    -9999
THULE      031027 3600 060000-070000   00     221.73  982.1    190.97     1.30    -9999
THULE      031027 3600 070000-080000   00     220.28  982.4    190.14     0.80    -9999
THULE      031027 3600 080000-090000   00     218.97  982.8    189.57     0.50    -9999
THULE      031027 3600 090000-100000   00     217.83  983.3    189.29     0.40    -9999
THULE      031027 3600 100000-110000   00     217.67  983.7    189.72     0.60    -9999
THULE      031027 3600 110000-120000   00     217.57  984.2    190.34     0.90    -9999
THULE      031027 3600 120000-130000   00     217.44  984.9    191.21     1.40    -9999
THULE      031027 3600 130000-140000   00     216.33  985.6    191.23     1.40    -9999
THULE      031027 3600 140000-150000   00     214.17  986.4    190.44     1.00    -9999
THULE      031027 3600 150000-160000   00     214.13  986.9    191.12     1.40    -9999
THULE      031027 3600 160000-170000   00     213.88  987.6    191.89     1.80    -9999
THULE      031027 3600 170000-180000   00     211.72  988.6    191.37     1.50    -9999
THULE      031027 3600 180000-190000   00     210.73  989.3    191.47     1.50    -9999
THULE      031027 3600 190000-200000   00     209.16  990.4    191.60     1.60    -9999
THULE      031027 3600 200000-210000   00     207.77  991.7    192.18     1.90    -9999
THULE      031027 3600 210000-220000   00     205.61  992.6    191.46     1.50    -9999
THULE      031027 3600 220000-230000   00     204.94  993.5    192.11     1.90    -9999
THULE      031027 3600 230000-240000   00     202.90  994.4    191.48     1.50    -9999
THULE      031028 3600 000000-010000   00     201.74  995.0    191.23     1.40    -9999
THULE      031028 3600 010000-020000   00     200.63  995.8    191.32     1.50    -9999
THULE      031028 3600 020000-030000   00     199.31  996.7    191.33     1.50    -9999
THULE      031028 3600 030000-040000   00     199.29  997.6    192.60     2.10    -9999
THULE      031028 3600 040000-050000   00     197.93  998.4    192.42     2.00    -9999
THULE      031028 3600 050000-060000   00     195.17  999.3    191.01     1.30    -9999
THULE      031028 3600 060000-070000   00     192.93 1000.1    189.94     0.70    -9999
THULE      031028 3600 070000-080000   00     191.93 1000.8    189.94     0.70    -9999
THULE      031028 3600 080000-090000   00     190.13 1001.3    188.86     0.20    -9999
THULE      031028 300  090000-090500   00     192.72 1001.8    192.17     1.90    -9999
THULE      031028 300  090500-091000   00     190.14 1001.8    189.64     0.60    -9999
THULE      031028 300  091000-091500   00     190.88 1001.9    190.43     1.00    -9999
THULE      031028 300  091500-092000   00     190.20 1001.9    189.80     0.70    -9999
THULE      031028 300  092000-092500   00     192.54 1001.9    192.18     1.90    -9999
THULE      031028 300  092500-093000   00     191.02 1002.0    190.71     1.10    -9999
THULE      031028 300  093000-093500   00     190.00 1002.0    189.74     0.60    -9999
THULE      031028 300  093500-094000   00     189.54 1002.0    189.32     0.40    -9999
THULE      031028 300  094000-094500   00     189.00 1002.1    188.83     0.10    -9999
THULE      031028 300  094500-095000   00     190.64 1002.1    190.52     1.00    -9999
THULE      031028 300  095000-095500   00     189.76 1002.1    189.68     0.60    -9999
THULE      031028 300  095500-100000   00     190.44 1002.2    190.41     1.00    -9999
THULE      031028 300  100000-100500   00     190.20 1002.2    190.20     0.90    -9999
THULE      031028 300  100500-101000   00     190.20 1002.2    190.22     0.90    -9999
THULE      031028 300  101000-101500   00     189.96 1002.2    189.99     0.80    -9999
THULE      031028 300  101500-102000   00     186.56 1002.2    186.60    -1.00    -9999
THULE      031028 300  102000-102500   00     188.76 1002.2    188.81     0.10    -9999
THULE      031028 300  102500-103000   00     189.18 1002.2    189.24     0.40    -9999
THULE      031028 300  103000-103500   00     187.98 1002.3    188.05    -0.30    -9999
THULE      031028 300  103500-104000   00     187.88 1002.3    187.97    -0.30    -9999
THULE      031028 300  104000-104500   00     187.10 1002.3    187.20    -0.70    -9999
THULE      031028 300  104500-105000   00     188.34 1002.3    188.45     0.00    -9999
THULE      031028 300  105000-105500   00     186.68 1002.3    186.80    -0.90    -9999
THULE      031028 300  105500-110000   00     189.88 1002.3    190.01     0.80    -9999
THULE      031028 300  110000-110500   00     188.22 1002.3    188.37    -0.10    -0.13
THULE      031028 300  110500-111000   00     186.58 1002.3    186.77    -0.90    -0.93
THULE      031028 300  111000-111500   00     188.54 1002.4    188.76     0.10     0.08
THULE      031028 300  111500-112000   00     185.92 1002.4    186.18    -1.30    -1.32
THULE      031028 300  112000-112500   00     187.20 1002.4    187.49    -0.60    -0.61
THULE      031028 300  112500-113000   00     188.22 1002.4    188.55     0.00    -0.01
THULE      031028 300  113000-113500   00     192.20 1002.5    192.57     2.10     2.10
THULE      031028 300  113500-114000   00     196.28 1002.5    196.70     4.30     4.30
THULE      031028 300  114000-114500   00     196.56 1002.5    197.01     4.50     4.51
THULE      031028 300  114500-115000   00     197.30 1002.5    197.79     4.90     4.91
THULE      031028 300  115000-115500   00     199.66 1002.6    200.19     6.20     6.22
THULE      031028 300  115500-120000   00     199.04 1002.6    199.61     5.90     5.92
THULE      031028 300  120000-120500   00     199.34 1002.6    199.94     6.00     6.03
THULE      031028 300  120500-121000   00     201.22 1002.6    201.83     7.00     7.03
THULE      031028 300  121000-121500   00     198.64 1002.6    199.26     5.70     5.74
THULE      031028 300  121500-122000   00     200.34 1002.6    200.98     6.60     6.64
THULE      031028 300  122000-122500   00     195.04 1002.6    195.67     3.80     3.85
THULE      031028 300  122500-123000   00     194.62 1002.6    195.26     3.50     3.55
THULE      031028 300  123000-123500   00     195.88 1002.7    196.54     4.20     4.26
THULE      031028 300  123500-124000   00     196.52 1002.7    197.19     4.60     4.66
THULE      031028 300  124000-124500   00     194.28 1002.7    194.96     3.40     3.47
THULE      031028 300  124500-125000   00     197.72 1002.7    198.42     5.20     5.27
THULE      031028 300  125000-125500   00     200.82 1002.7    201.55     6.90     6.97
THULE      031028 300  125500-130000   00     198.44 1002.7    199.17     5.60     5.68
THULE      031028 300  130000-130500   00     202.04 1002.7    202.80     7.50     7.58
THULE      031028 300  130500-131000   00     200.00 1002.7    200.76     6.50     6.59
THULE      031028 300  131000-131500   00     199.40 1002.7    200.17     6.20     6.29
THULE      031028 300  131500-132000   00     197.28 1002.7    198.05     5.00     5.10
THULE      031028 300  132000-132500   00     198.32 1002.7    199.11     5.60     5.70
THULE      031028 300  132500-133000   00     199.90 1002.7    200.71     6.50     6.61
THULE      031028 300  133000-133500   00     198.14 1002.8    198.96     5.50     5.61
THULE      031028 300  133500-134000   00     201.26 1002.8    202.10     7.20     7.32
THULE      031028 300  134000-134500   00     196.34 1002.8    197.17     4.60     4.72
THULE      031028 300  134500-135000   00     198.76 1002.8    199.61     5.80     5.93
THULE      031028 300  135000-135500   00     200.14 1002.8    201.01     6.60     6.73
THULE      031028 300  135500-140000   00     199.06 1002.8    199.94     6.00     6.14
THULE      031028 300  140000-140500   00     197.68 1002.8    198.56     5.30     5.44
THULE      031028 300  140500-141000   00     198.72 1002.8    199.61     5.80     5.95
THULE      031028 300  141000-141500   00     198.20 1002.8    199.09     5.60     5.75
THULE      031028 300  141500-142000   00     120.26 1002.8    120.80     4.00     4.16
THULE      031028 300  142000-142500   00     197.18 1002.8    198.06     5.00     5.16
THULE      031028 300  142500-143000   00     197.64 1002.8    198.52     5.30     5.47
THULE      031028 300  143000-143500   00     198.20 1002.8    199.09     5.60     5.77
THULE      031028 300  143500-144000   00     197.88 1002.8    198.76     5.40     5.58
THULE      031028 300  144000-144500   00     199.32 1002.8    200.21     6.20     6.38
THULE      031028 300  144500-145000   00     198.26 1002.8    199.14     5.60     5.78
THULE      031028 300  145000-145500   00     199.96 1002.8    200.85     6.50     6.69
THULE      031028 300  145500-150000   00     198.78 1002.8    199.67     5.90     6.09
THULE      031028 300  150000-150500   00     198.56 1002.8    199.45     5.80     6.00
THULE      031028 300  150500-151000   00     197.50 1002.8    198.38     5.20     5.40
THULE      031028 300  151000-151500   00     198.78 1002.8    199.67     5.90     6.11
THULE      031028 300  151500-152000   00     198.74 1002.8    199.63     5.90     6.11
THULE      031028 300  152000-152500   00     199.12 1002.8    200.01     6.10     6.32
THULE      031028 300  152500-153000   00     198.62 1002.8    199.51     5.80     6.02
THULE      031028 300  153000-153500   00     200.22 1002.8    201.12     6.60     6.83
THULE      031028 300  153500-154000   00     199.18 1002.8    200.07     6.10     6.33
THULE      031028 300  154000-154500   00     195.80 1002.8    196.68     4.30     4.54
THULE      031028 300  154500-155000   00     198.30 1002.8    199.19     5.60     5.84
THULE      031028 300  155000-155500   00     200.02 1002.8    200.91     6.50     6.75
THULE      031028 300  155500-160000   00     198.50 1002.8    199.39     5.70     5.95
THULE      031028 300  160000-160500   00     198.14 1002.8    199.02     5.60     5.86
THULE      031028 300  160500-161000   00     197.64 1002.8    198.52     5.30     5.56
THULE      031028 300  161000-161500   00     199.98 1002.8    200.87     6.50     6.77
THULE      031028 300  161500-162000   00     199.80 1002.8    200.69     6.40     6.67
THULE      031028 300  162000-162500   00     199.58 1002.8    200.47     6.30     6.58
THULE      031028 300  162500-163000   00     199.62 1002.8    200.51     6.40     6.68
THULE      031028 300  163000-163500   00     198.12 1002.8    199.01     5.50     5.79
THULE      031028 300  163500-164000   00     196.88 1002.8    197.76     4.90     5.19
THULE      031028 300  164000-164500   00     198.50 1002.8    199.39     5.70     5.99
THULE      031028 300  164500-165000   00     199.08 1002.8    199.97     6.10     6.40
THULE      031028 300  165000-165500   00     200.26 1002.8    201.15     6.70     7.00
THULE      031028 300  165500-170000   00     197.56 1002.8    198.44     5.30     5.61
THULE      031028 300  170000-170500   00     198.38 1002.8    199.26     5.70     6.01
THULE      031028 300  170500-171000   00     197.60 1002.8    198.47     5.20     5.52
THULE      031028 300  171000-171500   00     201.48 1002.8    202.35     7.30     7.62
THULE      031028 300  171500-172000   00     198.58 1002.8    199.42     5.70     6.03
THULE      031028 300  172000-172500   00     196.40 1002.8    197.22     4.60     4.93
THULE      031028 300  172500-173000   00     197.56 1002.8    198.38     5.20     5.54
THULE      031028 300  173000-173500   00     198.22 1002.7    199.03     5.50     5.84
THULE      031028 300  173500-174000   00     197.48 1002.7    198.27     5.20     5.55
THULE      031028 300  174000-174500   00     197.42 1002.7    198.20     5.10     5.45
THULE      031028 300  174500-175000   00     198.16 1002.7    198.93     5.50     5.86
THULE      031028 300  175000-175500   00     198.88 1002.7    199.64     5.80     6.16
THULE      031028 300  175500-180000   00     198.20 1002.7    198.95     5.50     5.87
THULE      031028 300  180000-180500   00     198.76 1002.7    199.48     5.80     6.17
THULE      031028 300  180500-181000   00     198.06 1002.7    198.75     5.40     5.78
THULE      031028 300  181000-181500   00     197.86 1002.6    198.51     5.30     5.68
THULE      031028 300  181500-182000   00     199.12 1002.6    199.73     5.90     6.29
THULE      031028 300  182000-182500   00     198.22 1002.6    198.80     5.40     5.79
THULE      031028 300  182500-183000   00     197.86 1002.6    198.40     5.20     5.60
THULE      031028 300  183000-183500   00     199.06 1002.5    199.56     5.80     6.20
THULE      031028 300  183500-184000   00     197.22 1002.5    197.68     4.80     5.20
THULE      031028 300  184000-184500   00     199.36 1002.5    199.79     6.00     6.41
THULE      031028 300  184500-185000   00     200.60 1002.5    200.99     6.60     7.01
THULE      031028 300  185000-185500   00     199.18 1002.4    199.54     5.80     6.22
THULE      031028 300  185500-190000   00     197.38 1002.4    197.69     4.90     5.32
THULE      031028 300  190000-190500   00     201.06 1002.4    201.35     6.80     7.23
THULE      031028 300  190500-191000   00     200.10 1002.4    200.38     6.20     6.63
THULE      031028 300  191000-191500   00     198.94 1002.4    199.21     5.60     6.04
THULE      031028 300  191500-192000   00     199.04 1002.4    199.30     5.70     6.14
THULE      031028 300  192000-192500   00     201.18 1002.4    201.42     6.80     7.25
THULE      031028 300  192500-193000   00     199.06 1002.4    199.29     5.70     6.15
THULE      031028 300  193000-193500   00     199.94 1002.3    200.16     6.20     6.66
THULE      031028 300  193500-194000   00     197.92 1002.3    198.13     5.10     5.56
THULE      031028 300  194000-194500   00     196.88 1002.3    197.07     4.50     4.97
THULE      031028 300  194500-195000   00     199.82 1002.3    200.00     6.10     6.57
THULE      031028 300  195000-195500   00     199.26 1002.3    199.43     5.80     6.28
THULE      031028 300  195500-200000   00     199.44 1002.3    199.60     5.80     6.28
THULE      031028 300  200000-200500   00     200.38 1002.3    200.52     6.40     6.89
THULE      031028 300  200500-201000   00     198.60 1002.3    198.71     5.40     5.89
THULE      031028 300  201000-201500   00     195.66 1002.3    195.75     3.80     4.30
THULE      031028 300  201500-202000   00     198.28 1002.2    198.34     5.20     5.70
THULE      031028 300  202000-202500   00     198.80 1002.2    198.84     5.40     5.91
THULE      031028 300  202500-203000   00     199.50 1002.2    199.52     5.80     6.31
THULE      031028 300  203000-203500   00     196.86 1002.2    196.85     4.40     4.92
THULE      031028 300  203500-204000   00     198.14 1002.2    198.11     5.10     5.62
THULE      031028 300  204000-204500   00     197.80 1002.2    197.74     4.90     5.42
THULE      031028 300  204500-205000   00     199.26 1002.1    199.18     5.60     6.13
THULE      031028 300  205000-205500   00     200.02 1002.1    199.91     6.00     6.53
THULE      031028 300  205500-210000   00     197.56 1002.1    197.43     4.70     5.24
THULE      031028 300  210000-210500   00     196.66 1002.1    196.51     4.20     4.74
THULE      031028 300  210500-211000   00     198.04 1002.1    197.88     4.90     5.45
THULE      031028 300  211000-211500   00     196.32 1002.1    196.14     4.00     4.55
THULE      031028 300  211500-212000   00     198.60 1002.1    198.41     5.20     5.76
THULE      031028 300  212000-212500   00     197.26 1002.1    197.06     4.50     5.06
THULE      031028 300  212500-213000   00     196.74 1002.1    196.53     4.20     4.77
THULE      031028 300  213000-213500   00     198.70 1002.0    198.47     5.30     5.87
THULE      031028 300  213500-214000   00     198.04 1002.0    197.80     4.90     5.48
THULE      031028 300  214000-214500   00     196.62 1002.0    196.37     4.10     4.68
THULE      031028 300  214500-215000   00     197.04 1002.0    196.78     4.40     4.99
THULE      031028 300  215000-215500   00     197.06 1002.0    196.79     4.40     4.99
THULE      031028 300  215500-220000   00     197.46 1002.0    197.17     4.50     5.10
THULE      031028 300  220000-220500   00     197.92 1002.0    197.62     4.80     5.40
THULE      031028 300  220500-221000   00     197.48 1002.0    197.17     4.50     5.11
THULE      031028 300  221000-221500   00     197.56 1002.0    197.24     4.60     5.21
THULE      031028 300  221500-222000   00     196.86 1002.0    196.53     4.20     4.82
THULE      031028 300  222000-222500   00     195.14 1002.0    194.80     3.30     3.92
THULE      031028 300  222500-223000   00     196.56 1002.0    196.20     4.10     4.73
THULE      031028 300  223000-223500   00     197.46 1001.9    197.09     4.50     5.13
THULE      031028 300  223500-224000   00     198.76 1001.9    198.37     5.20     5.83
THULE      031028 300  224000-224500   00     197.48 1001.9    197.08     4.50     5.14
THULE      031028 300  224500-225000   00     197.04 1001.9    196.63     4.30     4.94
THULE      031028 300  225000-225500   00     199.24 1001.9    198.82     5.40     6.05
THULE      031028 300  225500-230000   00     195.40 1001.9    194.97     3.40     4.05
THULE      031028 300  230000-230500   00     198.42 1001.9    197.96     5.00     5.66
THULE      031028 300  230500-231000   00     196.64 1001.9    196.15     4.00     4.66
THULE      031028 300  231000-231500   00     195.66 1001.8    195.14     3.50     4.17
THULE      031028 300  231500-232000   00     194.88 1001.8    194.32     3.10     3.77
THULE      031028 300  232000-232500   00     196.74 1001.8    196.14     4.00     4.68
THULE      031028 300  232500-233000   00     198.08 1001.8    197.44     4.70     5.38
THULE      031028 300  233000-233500   00     198.68 1001.7    198.00     5.00     5.69
THULE      031028 300  233500-234000   00     197.44 1001.7    196.73     4.30     4.99
THULE      031028 300  234000-234500   00     197.04 1001.7    196.29     4.10     4.80
THULE      031028 300  234500-235000   00     195.98 1001.7    195.20     3.50     4.20
THULE      031028 300  235000-235500   00     197.98 1001.6    197.16     4.60     5.31
THULE      031028 300  235500-240000   00     197.48 1001.6    196.62     4.30     5.01
THULE      031029 300  000000-000500   00     195.92 1001.6    195.05     3.40     4.12
THULE      031029 300  000500-001000   00     197.78 1001.6    196.90     4.40     5.12
THULE      031029 300  001000-001500   00     197.28 1001.6    196.40     4.20     4.93
THULE      031029 300  001500-002000   00     194.52 1001.6    193.65     2.70     3.43
THULE      031029 300  002000-002500   00     198.62 1001.6    197.74     4.90     5.64
THULE      031029 300  002500-003000   00     199.70 1001.6    198.81     5.40     6.14
THULE      031029 300  003000-003500   00     198.62 1001.6    197.74     4.90     5.64
THULE      031029 300  003500-004000   00     196.06 1001.6    195.19     3.50     4.25
THULE      031029 300  004000-004500   00     197.52 1001.6    196.64     4.30     5.05
THULE      031029 300  004500-005000   00     195.98 1001.6    195.11     3.50     4.26
THULE      031029 300  005000-005500   00     196.00 1001.6    195.13     3.50     4.26
THULE      031029 300  005500-010000   00     195.28 1001.6    194.41     3.10     3.87
THULE      031029 300  010000-010500   00     194.70 1001.6    193.84     2.80     3.57
THULE      031029 300  010500-011000   00     197.46 1001.6    196.58     4.30     5.08
THULE      031029 300  011000-011500   00     194.82 1001.6    193.96     2.90     3.68
THULE      031029 300  011500-012000   00     197.54 1001.6    196.66     4.30     5.09
THULE      031029 300  012000-012500   00     195.08 1001.6    194.21     3.00     3.79
THULE      031029 300  012500-013000   00     196.62 1001.6    195.75     3.80     4.60
THULE      031029 300  013000-013500   00     195.94 1001.6    195.07     3.50     4.30
THULE      031029 300  013500-014000   00     198.06 1001.6    197.18     4.60     5.41
THULE      031029 300  014000-014500   00     197.34 1001.6    196.46     4.20     5.01
THULE      031029 300  014500-015000   00     197.00 1001.6    196.12     4.00     4.82
THULE      031029 300  015000-015500   00     197.46 1001.6    196.58     4.30     5.12
THULE      031029 300  015500-020000   00     195.18 1001.6    194.31     3.00     3.83
THULE      031029 300  020000-020500   00     195.48 1001.6    194.61     3.20     4.03
THULE      031029 300  020500-021000   00     197.64 1001.6    196.76     4.40     5.24
THULE      031029 300  021000-021500   00     195.06 1001.6    194.19     3.00     3.84
THULE      031029 300  021500-022000   00     193.94 1001.6    193.08     2.40     3.25
THULE      031029 300  022000-022500   00     195.32 1001.6    194.45     3.10     3.95
THULE      031029 300  022500-023000   00     195.12 1001.6    194.25     3.00     3.85
THULE      031029 300  023000-023500   00     196.28 1001.6    195.40     3.60     4.46
THULE      031029 300  023500-024000   00     196.14 1001.6    195.27     3.50     4.36
THULE      031029 300  024000-024500   00     195.16 1001.6    194.29     3.00     3.87
THULE      031029 300  024500-025000   00     193.64 1001.6    192.78     2.30     3.17
THULE      031029 300  025000-025500   00     196.68 1001.6    195.81     3.80     4.68
THULE      031029 300  025500-030000   00     195.42 1001.6    194.55     3.20     4.08
THULE      031029 300  030000-030500   00     198.00 1001.6    197.10     4.50     5.39
THULE      031029 300  030500-031000   00     195.64 1001.6    194.72     3.30     4.19
THULE      031029 300  031000-031500   00     195.44 1001.5    194.49     3.20     4.10
THULE      031029 300  031500-032000   00     195.28 1001.5    194.29     3.10     4.00
THULE      031029 300  032000-032500   00     196.48 1001.5    195.44     3.70     4.61
THULE      031029 300  032500-033000   00     195.78 1001.5    194.71     3.30     4.21
THULE      031029 300  033000-033500   00     197.72 1001.4    196.61     4.30     5.22
THULE      031029 300  033500-034000   00     195.26 1001.4    194.12     3.00     3.92
THULE      031029 300  034000-034500   00     195.36 1001.4    194.19     3.00     3.93
THULE      031029 300  034500-035000   00     196.70 1001.4    195.49     3.70     4.63
THULE      031029 300  035000-035500   00     193.92 1001.3    192.69     2.20     3.14
THULE      031029 300  035500-040000   00     193.86 1001.3    192.59     2.20     3.14
THULE      031029 300  040000-040500   00     193.46 1001.3    192.18     1.90     2.85
THULE      031029 300  040500-041000   00     196.48 1001.3    195.20     3.50     4.45
THULE      031029 300  041000-041500   00     195.10 1001.3    193.86     2.80     3.76
THULE      031029 300  041500-042000   00     197.62 1001.4    196.39     4.10     5.06
THULE      031029 300  042000-042500   00     196.12 1001.4    194.92     3.40     4.36
THULE      031029 300  042500-043000   00     194.36 1001.4    193.19     2.40     3.37
THULE      031029 300  043000-043500   00     195.62 1001.4    194.47     3.10     4.07
THULE      031029 300  043500-044000   00     195.90 1001.4    194.77     3.30     4.28
THULE      031029 300  044000-044500   00     197.20 1001.4    196.09     4.00     4.98
THULE      031029 300  044500-045000   00     196.20 1001.5    195.12     3.50     4.49
THULE      031029 300  045000-045500   00     195.94 1001.5    194.88     3.40     4.39
THULE      031029 300  045500-050000   00     195.20 1001.5    194.17     3.00     4.00
THULE      031029 300  050000-050500   00     197.58 1001.5    196.56     4.20     5.20
THULE      031029 300  050500-051000   00     194.98 1001.5    193.99     2.90     3.91
THULE      031029 300  051000-051500   00     195.22 1001.5    194.24     3.00     4.01
THULE      031029 300  051500-052000   00     196.26 1001.5    195.28     3.60     4.62
THULE      031029 300  052000-052500   00     195.54 1001.5    194.58     3.20     4.22
THULE      031029 300  052500-053000   00     195.48 1001.5    194.53     3.20     4.23
THULE      031029 300  053000-053500   00     194.64 1001.6    193.71     2.80     3.83
THULE      031029 300  053500-054000   00     195.44 1001.6    194.52     3.20     4.24
THULE      031029 300  054000-054500   00     193.62 1001.6    192.72     2.20     3.24
THULE      031029 300  054500-055000   00     192.78 1001.6    191.89     1.80     2.85
THULE      031029 300  055000-055500   00     194.44 1001.6    193.55     2.60     3.65
THULE      031029 300  055500-060000   00     197.40 1001.6    196.51     4.20     5.26
THULE      031029 300  060000-060500   00     194.58 1001.6    193.74     2.70     3.76
THULE      031029 300  060500-061000   00     194.16 1001.6    193.36     2.50     3.57
THULE      031029 300  061000-061500   00     195.76 1001.7    195.01     3.40     4.47
THULE      031029 300  061500-062000   00     198.30 1001.7    197.58     4.80     5.87
THULE      031029 300  062000-062500   00     196.04 1001.7    195.38     3.60     4.68
THULE      031029 300  062500-063000   00     195.84 1001.8    195.23     3.50     4.58
THULE      031029 300  063000-063500   00     193.72 1001.8    193.17     2.40     3.49
THULE      031029 300  063500-064000   00     194.12 1001.8    193.61     2.70     3.79
THULE      031029 300  064000-064500   00     190.16 1001.9    189.71     0.60     1.70
THULE      031029 300  064500-065000   00     183.28 1001.9    182.89    -3.00    -1.90
THULE      031029 300  065000-065500   00     185.36 1001.9    185.01    -1.90    -0.79
THULE      031029 300  065500-070000   00     185.96 1002.0    185.66    -1.50    -0.39
THULE      031029 300  070000-070500   00     187.38 1002.0    187.12    -0.80     0.32
THULE      031029 300  070500-071000   00     186.34 1002.0    186.13    -1.30    -9999
THULE      031029 300  071000-071500   00     184.88 1002.1    184.72    -2.10    -9999
THULE      031029 300  071500-072000   00     185.12 1002.1    185.00    -1.90    -9999
THULE      031029 300  072000-072500   00     183.64 1002.1    183.57    -2.60    -9999
THULE      031029 300  072500-073000   00     185.00 1002.2    184.97    -1.90    -9999
THULE      031029 300  073000-073500   00     186.76 1002.2    186.78    -0.90    -9999
THULE      031029 300  073500-074000   00     185.32 1002.2    185.38    -1.70    -9999
THULE      031029 300  074000-074500   00     188.70 1002.3    188.81     0.10    -9999
THULE      031029 300  074500-075000   00     188.46 1002.3    188.62     0.00    -9999
THULE      031029 300  075000-075500   00     188.84 1002.3    189.05     0.30    -9999
THULE      031029 300  075500-080000   00     187.08 1002.4    187.33    -0.70    -9999
THULE      031029 300  080000-080500   00     187.08 1002.4    187.38    -0.60    -9999
THULE      031029 300  080500-081000   00     187.80 1002.4    188.14    -0.20    -9999
THULE      031029 300  081000-081500   00     185.64 1002.5    186.03    -1.30    -9999
THULE      031029 300  081500-082000   00     187.34 1002.5    187.78    -0.40    -9999
THULE      031029 300  082000-082500   00     185.40 1002.5    185.88    -1.40    -9999
THULE      031029 300  082500-083000   00     185.42 1002.6    185.94    -1.40    -9999
THULE      031029 300  083000-083500   00     185.12 1002.6    185.69    -1.50    -9999
THULE      031029 300  083500-084000   00     184.30 1002.6    184.91    -1.90    -9999
THULE      031029 300  084000-084500   00     185.30 1002.7    185.96    -1.40    -9999
THULE      031029 300  084500-085000   00     185.64 1002.7    186.35    -1.20    -9999
THULE      031029 300  085000-085500   00     186.78 1002.7    187.54    -0.60    -9999
THULE      031029 300  085500-090000   00     182.56 1002.8    183.35    -2.80    -9999
THULE      031029 300  090000-090500   00     180.66 1002.8    181.48    -3.70    -9999
THULE      031029 300  090500-091000   00     180.42 1002.8    181.26    -3.90    -9999
THULE      031029 300  091000-091500   00     182.20 1002.8    183.07    -2.90    -9999
THULE      031029 300  091500-092000   00     183.24 1002.9    184.14    -2.30    -9999
THULE      031029 300  092000-092500   00     181.38 1002.9    182.29    -3.30    -9999
THULE      031029 300  092500-093000   00     182.54 1002.9    183.48    -2.70    -9999
THULE      031029 300  093000-093500   00     182.00 1002.9    182.96    -3.00    -9999
THULE      031029 300  093500-094000   00     184.16 1002.9    185.15    -1.80    -9999
THULE      031029 300  094000-094500   00     184.28 1002.9    185.30    -1.70    -9999
THULE      031029 300  094500-095000   00     181.88 1003.0    182.91    -3.00    -9999
THULE      031029 300  095000-095500   00     184.02 1003.0    185.08    -1.80    -9999
THULE      031029 300  095500-100000   00     185.88 1003.0    186.97    -0.80    -9999
THULE      031029 300  100000-100500   00     185.02 1003.0    186.14    -1.30    -9999
THULE      031029 300  100500-101000   00     185.46 1003.0    186.63    -1.00    -9999
THULE      031029 300  101000-101500   00     185.32 1003.1    186.54    -1.10    -9999
THULE      031029 300  101500-102000   00     184.52 1003.1    185.78    -1.50    -9999
THULE      031029 300  102000-102500   00     181.20 1003.1    182.48    -3.20    -9999
THULE      031029 300  102500-103000   00     181.56 1003.2    182.88    -3.00    -9999
THULE      031029 300  103000-103500   00     178.48 1003.2    179.83    -4.60    -9999
THULE      031029 300  103500-104000   00     178.34 1003.2    179.73    -4.70    -9999
THULE      031029 300  104000-104500   00     178.44 1003.3    179.88    -4.60    -9999
THULE      031029 300  104500-105000   00     181.48 1003.3    182.99    -3.00    -9999
THULE      031029 300  105000-105500   00     176.06 1003.3    177.57    -5.90    -9999
THULE      031029 300  105500-110000   00     177.82 1003.4    179.38    -4.90    -9999
THULE      031029 300  110000-110500   00     175.44 1003.4    177.01    -6.10    -9999
THULE      031029 300  110500-111000   00     168.62 1003.4    170.13    -9.80    -9999
THULE      031029 300  111000-111500   00     165.20 1003.4    166.68   -11.60    -9999
THULE      031029 300  111500-112000   00     165.70 1003.4    167.18   -11.30    -9999
THULE      031029 300  112000-112500   00     167.88 1003.4    169.38   -10.20    -9999
THULE      031029 300  112500-113000   00     166.34 1003.4    167.83   -11.00    -9999
THULE      031029 300  113000-113500   00     161.80 1003.4    163.25   -13.40    -9999
THULE      031029 300  113500-114000   00     162.46 1003.4    163.92   -13.10    -9999
THULE      031029 300  114000-114500   00     162.44 1003.4    163.90   -13.10    -9999
THULE      031029 300  114500-115000   00     157.82 1003.4    159.24   -15.50    -9999
THULE      031029 300  115000-115500   00     160.26 1003.4    161.69   -14.20    -9999
THULE      031029 300  115500-120000   00     160.98 1003.4    162.42   -13.90    -9999
THULE      031029 3600 120000-130000   00     154.71 1003.6    156.33   -17.10    -9999
THULE      031029 3600 130000-140000   00     151.71 1003.7    153.41   -18.60    -9999
THULE      031029 3600 140000-150000   00     148.80 1003.9    150.69   -20.10    -9999
THULE      031029 3600 150000-160000   00     147.41 1004.4    149.84   -20.50    -9999
THULE      031029 3600 160000-170000   00     147.20 1004.9    150.19   -20.40    -9999
THULE      031029 3600 170000-180000   00     147.17 1005.2    150.48   -20.20    -9999
THULE      031029 3600 180000-190000   00     148.81 1005.6    152.62   -19.10    -9999
THULE      031029 3600 190000-200000   00     146.43 1005.7    150.28   -20.30    -9999
THULE      031029 3600 200000-210000   00     149.12 1005.7    153.05   -18.80    -9999
THULE      031029 3600 210000-220000   00     152.14 1005.9    156.38   -17.10    -9999
THULE      031029 3600 220000-230000   00     159.30 1006.1    163.98   -13.00    -9999
THULE      031029 3600 230000-240000   00     159.11 1006.7    164.52   -12.80    -9999
*
"Comment: The Clock of Regisrator is fast on+sec (slow on-sec) is supporting by GPS or InternetClockServer;"	
COMMENT UNIVERISTY OF OULU: FILE GENERATED FROM DATABASE AND OBTAINED FROM
COMMENT https://gle.oulu.fi at 2023-04-03 12:51:18 +00:00
COMMENT FOR HISTORICAL/ORIGINAL TEXT FILES SEE https://gle.oulu.fi/txtarchive/
COMMENT ORIGINAL AT https://gle.oulu.fi/txtarchive/GLE65/C065THUL_cor.DAT
COMMENT DETRENDED DATA SHOW -9999 IF EQUAL TO INC% COLUMN 