EREVAN     LATITUDE    40.5      LONGITUDE     44.17     ALTITUDE    2000 M
EREVAN     INSTRUMENT   18NM64    NEUTRON MONITOR     
EREVAN     STANDARD PRESSURE    792.8   mb     COEFFICIENT   -0.71     % / mb
EREVAN     PRE-INCREASE BASELINE TIME INTERVAL    031028    100000-110000   UT
EREVAN     PRE-INCREASE AVERAGE COUNTING RATE     22.79      COUNTS PER SECOND
EREVAN     TIME INTERVALS    300         3600     
EREVAN     SCALE FACTORS     1           1        
STATION    YYMMDD  SEC   TIME (UT)   CODE    UNCORR. PRESS.    CORR.    % INC.	DETRENDED
                         INTERVAL    TD      C/S     (mb)      C/S
EREVAN     031027 3600 000000-010000   00      22.71  794.3     22.96     0.70    -9999
EREVAN     031027 3600 010000-020000   00      22.82  795.1     23.19     1.80    -9999
EREVAN     031027 3600 020000-030000   00      22.72  795.8     23.21     1.80    -9999
EREVAN     031027 3600 030000-040000   00      22.71  796.1     23.25     2.00    -9999
EREVAN     031027 3600 040000-050000   00      22.55  797.1     23.25     2.00    -9999
EREVAN     031027 3600 050000-060000   00      22.55  797.7     23.35     2.50    -9999
EREVAN     031027 3600 060000-070000   00      22.51  798.0     23.35     2.50    -9999
EREVAN     031027 3600 070000-080000   00      22.48  798.2     23.36     2.50    -9999
EREVAN     031027 3600 080000-090000   00      22.53  798.0     23.38     2.60    -9999
EREVAN     031027 3600 090000-100000   00      22.63  797.6     23.41     2.70    -9999
EREVAN     031027 3600 100000-110000   00      22.56  797.5     23.33     2.40    -9999
EREVAN     031027 3600 110000-120000   00      22.58  797.7     23.38     2.60    -9999
EREVAN     031027 3600 120000-130000   00      22.55  797.9     23.38     2.60    -9999
EREVAN     031027 3600 130000-140000   00      22.52  797.8     23.34     2.40    -9999
EREVAN     031027 3600 140000-150000   00      22.43  798.0     23.28     2.10    -9999
EREVAN     031027 3600 150000-160000   00      22.32  798.2     23.20     1.80    -9999
EREVAN     031027 3600 160000-170000   00      22.39  798.2     23.26     2.10    -9999
EREVAN     031027 3600 170000-180000   00      22.44  798.2     23.31     2.30    -9999
EREVAN     031027 3600 180000-190000   00      22.38  797.8     23.19     1.80    -9999
EREVAN     031027 3600 190000-200000   00      22.36  797.7     23.16     1.60    -9999
EREVAN     031027 3600 200000-210000   00      22.36  797.5     23.12     1.40    -9999
EREVAN     031027 3600 210000-220000   00      22.24  797.4     22.98     0.80    -9999
EREVAN     031027 3600 220000-230000   00      22.11  797.0     22.78     0.00    -9999
EREVAN     031027 3600 230000-240000   00      21.94  796.7     22.56    -1.00    -9999
EREVAN     031028 3600 000000-010000   00      21.84  796.5     22.42    -1.60    -9999
EREVAN     031028 3600 010000-020000   00      21.87  796.3     22.42    -1.60    -9999
EREVAN     031028 3600 020000-030000   00      21.93  795.8     22.40    -1.70    -9999
EREVAN     031028 3600 030000-040000   00      22.12  795.5     22.55    -1.10    -9999
EREVAN     031028 3600 040000-050000   00      22.12  795.8     22.59    -0.90    -9999
EREVAN     031028 3600 050000-060000   00      22.28  795.6     22.73    -0.30    -9999
EREVAN     031028 3600 060000-070000   00      22.52  795.1     22.89     0.40    -9999
EREVAN     031028 3600 070000-080000   00      22.67  794.7     22.98     0.80    -9999
EREVAN     031028 3600 080000-090000   00      22.72  794.4     22.98     0.80    -9999
EREVAN     031028 300  090000-090500   00      22.65  793.5     22.75    -0.10    -9999
EREVAN     031028 300  090500-091000   00      22.62  793.4     22.72    -0.30    -9999
EREVAN     031028 300  091000-091500   00      22.67  793.4     22.76    -0.10    -9999
EREVAN     031028 300  091500-092000   00      22.78  793.3     22.86     0.30    -9999
EREVAN     031028 300  092000-092500   00      22.69  793.2     22.76    -0.10    -9999
EREVAN     031028 300  092500-093000   00      22.80  793.2     22.86     0.30    -9999
EREVAN     031028 300  093000-093500   00      22.78  793.1     22.84     0.20    -9999
EREVAN     031028 300  093500-094000   00      22.82  793.1     22.86     0.30    -9999
EREVAN     031028 300  094000-094500   00      22.76  793.0     22.79     0.00    -9999
EREVAN     031028 300  094500-095000   00      22.80  793.0     22.83     0.20    -9999
EREVAN     031028 300  095000-095500   00      22.78  792.9     22.80     0.00    -9999
EREVAN     031028 300  095500-100000   00      22.62  792.8     22.62    -0.70    -9999
EREVAN     031028 300  100000-100500   00      22.76  792.8     22.76    -0.10    -9999
EREVAN     031028 300  100500-101000   00      22.78  792.8     22.78    -0.10    -9999
EREVAN     031028 300  101000-101500   00      22.57  792.7     22.56    -1.00    -9999
EREVAN     031028 300  101500-102000   00      22.71  792.7     22.69    -0.40    -9999
EREVAN     031028 300  102000-102500   00      23.00  792.7     22.99     0.80    -9999
EREVAN     031028 300  102500-103000   00      22.67  792.7     22.65    -0.60    -9999
EREVAN     031028 300  103000-103500   00      22.93  792.6     22.90     0.50    -9999
EREVAN     031028 300  103500-104000   00      22.82  792.6     22.79     0.00    -9999
EREVAN     031028 300  104000-104500   00      22.73  792.6     22.70    -0.40    -9999
EREVAN     031028 300  104500-105000   00      22.78  792.6     22.74    -0.20    -9999
EREVAN     031028 300  105000-105500   00      22.80  792.5     22.76    -0.10    -9999
EREVAN     031028 300  105500-110000   00      22.92  792.5     22.88     0.40    -9999
EREVAN     031028 300  110000-110500   00      22.82  792.5     22.77    -0.10     0.23
EREVAN     031028 300  110500-111000   00      22.78  792.5     22.72    -0.30     0.04
EREVAN     031028 300  111000-111500   00      22.85  792.4     22.79     0.00     0.36
EREVAN     031028 300  111500-112000   00      22.72  792.4     22.65    -0.60    -0.22
EREVAN     031028 300  112000-112500   00      22.84  792.4     22.77    -0.10     0.29
EREVAN     031028 300  112500-113000   00      22.68  792.3     22.60    -0.80    -0.39
EREVAN     031028 300  113000-113500   00      22.78  792.3     22.70    -0.40     0.02
EREVAN     031028 300  113500-114000   00      23.10  792.3     23.01     1.00     1.44
EREVAN     031028 300  114000-114500   00      23.09  792.2     22.99     0.90     1.36
EREVAN     031028 300  114500-115000   00      23.12  792.2     23.01     1.00     1.47
EREVAN     031028 300  115000-115500   00      23.10  792.2     23.00     0.90     1.39
EREVAN     031028 300  115500-120000   00      23.17  792.1     23.06     1.20     1.70
EREVAN     031028 300  120000-120500   00      23.01  792.1     22.89     0.50     1.02
EREVAN     031028 300  120500-121000   00      23.19  792.0     23.06     1.20     1.73
EREVAN     031028 300  121000-121500   00      23.18  792.0     23.05     1.10     1.64
EREVAN     031028 300  121500-122000   00      22.97  792.0     22.84     0.20     0.76
EREVAN     031028 300  122000-122500   00      23.02  791.9     22.88     0.40     0.97
EREVAN     031028 300  122500-123000   00      23.04  791.9     22.89     0.40     0.99
EREVAN     031028 300  123000-123500   00      23.00  791.8     22.84     0.20     0.80
EREVAN     031028 300  123500-124000   00      22.80  791.8     22.63    -0.70    -0.09
EREVAN     031028 300  124000-124500   00      22.82  791.8     22.65    -0.60     0.03
EREVAN     031028 300  124500-125000   00      23.00  791.7     22.82     0.10     0.74
EREVAN     031028 300  125000-125500   00      22.75  791.7     22.57    -1.00    -0.35
EREVAN     031028 300  125500-130000   00      22.72  791.6     22.53    -1.10    -0.43
EREVAN     031028 300  130000-130500   00      22.70  791.6     22.51    -1.20    -0.52
EREVAN     031028 300  130500-131000   00      22.91  791.6     22.71    -0.40    -9999
EREVAN     031028 300  131000-131500   00      22.80  791.5     22.59    -0.90    -9999
EREVAN     031028 300  131500-132000   00      22.87  791.5     22.66    -0.60    -9999
EREVAN     031028 300  132000-132500   00      22.90  791.5     22.69    -0.40    -9999
EREVAN     031028 300  132500-133000   00      22.90  791.5     22.68    -0.50    -9999
EREVAN     031028 300  133000-133500   00      22.76  791.4     22.54    -1.10    -9999
EREVAN     031028 300  133500-134000   00      22.83  791.4     22.61    -0.80    -9999
EREVAN     031028 300  134000-134500   00      22.84  791.4     22.61    -0.80    -9999
EREVAN     031028 300  134500-135000   00      22.94  791.4     22.71    -0.40    -9999
EREVAN     031028 300  135000-135500   00      22.93  791.3     22.69    -0.40    -9999
EREVAN     031028 300  135500-140000   00      22.82  791.3     22.58    -0.90    -9999
EREVAN     031028 300  140000-140500   00      22.89  791.3     22.65    -0.60    -9999
EREVAN     031028 300  140500-141000   00      22.86  791.3     22.62    -0.70    -9999
EREVAN     031028 300  141000-141500   00      22.83  791.3     22.59    -0.80    -9999
EREVAN     031028 300  141500-142000   00      22.77  791.3     22.54    -1.10    -9999
EREVAN     031028 300  142000-142500   00      22.72  791.3     22.48    -1.30    -9999
EREVAN     031028 300  142500-143000   00      22.83  791.3     22.60    -0.80    -9999
EREVAN     031028 300  143000-143500   00      22.80  791.4     22.57    -1.00    -9999
EREVAN     031028 300  143500-144000   00      22.88  791.4     22.65    -0.60    -9999
EREVAN     031028 300  144000-144500   00      22.93  791.4     22.70    -0.40    -9999
EREVAN     031028 300  144500-145000   00      22.69  791.4     22.46    -1.40    -9999
EREVAN     031028 300  145000-145500   00      22.91  791.4     22.68    -0.50    -9999
EREVAN     031028 300  145500-150000   00      22.73  791.4     22.50    -1.30    -9999
EREVAN     031028 300  150000-150500   00      22.79  791.4     22.57    -1.00    -9999
EREVAN     031028 300  150500-151000   00      22.90  791.3     22.66    -0.60    -9999
EREVAN     031028 300  151000-151500   00      22.94  791.3     22.70    -0.40    -9999
EREVAN     031028 300  151500-152000   00      22.67  791.2     22.42    -1.60    -9999
EREVAN     031028 300  152000-152500   00      22.88  791.2     22.61    -0.80    -9999
EREVAN     031028 300  152500-153000   00      22.79  791.1     22.53    -1.20    -9999
EREVAN     031028 300  153000-153500   00      22.81  791.1     22.53    -1.10    -9999
EREVAN     031028 300  153500-154000   00      22.79  791.0     22.50    -1.20    -9999
EREVAN     031028 300  154000-154500   00      22.87  791.0     22.58    -0.90    -9999
EREVAN     031028 300  154500-155000   00      22.88  790.9     22.58    -0.90    -9999
EREVAN     031028 300  155000-155500   00      22.90  790.9     22.59    -0.90    -9999
EREVAN     031028 300  155500-160000   00      22.86  790.8     22.54    -1.10    -9999
EREVAN     031028 300  160000-160500   00      22.97  790.8     22.64    -0.60    -9999
EREVAN     031028 300  160500-161000   00      22.85  790.8     22.52    -1.20    -9999
EREVAN     031028 300  161000-161500   00      22.92  790.7     22.59    -0.90    -9999
EREVAN     031028 300  161500-162000   00      22.96  790.7     22.62    -0.70    -9999
EREVAN     031028 300  162000-162500   00      22.93  790.7     22.58    -0.90    -9999
EREVAN     031028 300  162500-163000   00      22.82  790.6     22.47    -1.40    -9999
EREVAN     031028 300  163000-163500   00      22.93  790.6     22.58    -0.90    -9999
EREVAN     031028 300  163500-164000   00      22.83  790.6     22.47    -1.40    -9999
EREVAN     031028 300  164000-164500   00      22.87  790.5     22.50    -1.30    -9999
EREVAN     031028 300  164500-165000   00      22.95  790.5     22.57    -0.90    -9999
EREVAN     031028 300  165000-165500   00      23.05  790.5     22.67    -0.50    -9999
EREVAN     031028 300  165500-170000   00      22.91  790.4     22.53    -1.20    -9999
EREVAN     031028 300  170000-170500   00      23.02  790.4     22.63    -0.70    -9999
EREVAN     031028 300  170500-171000   00      23.06  790.4     22.67    -0.50    -9999
EREVAN     031028 300  171000-171500   00      23.05  790.3     22.65    -0.60    -9999
EREVAN     031028 300  171500-172000   00      23.14  790.3     22.74    -0.20    -9999
EREVAN     031028 300  172000-172500   00      23.10  790.3     22.69    -0.40    -9999
EREVAN     031028 300  172500-173000   00      23.09  790.3     22.68    -0.50    -9999
EREVAN     031028 300  173000-173500   00      23.10  790.2     22.69    -0.40    -9999
EREVAN     031028 300  173500-174000   00      23.10  790.2     22.68    -0.50    -9999
EREVAN     031028 300  174000-174500   00      22.95  790.2     22.53    -1.20    -9999
EREVAN     031028 300  174500-175000   00      23.03  790.2     22.60    -0.80    -9999
EREVAN     031028 300  175000-175500   00      23.01  790.1     22.58    -0.90    -9999
EREVAN     031028 300  175500-180000   00      23.09  790.1     22.65    -0.60    -9999
EREVAN     031028 300  180000-180500   00      23.08  790.1     22.64    -0.70    -9999
EREVAN     031028 300  180500-181000   00      23.01  790.1     22.56    -1.00    -9999
EREVAN     031028 300  181000-181500   00      23.11  790.0     22.66    -0.60    -9999
EREVAN     031028 300  181500-182000   00      23.02  790.0     22.56    -1.00    -9999
EREVAN     031028 300  182000-182500   00      23.07  790.0     22.61    -0.80    -9999
EREVAN     031028 300  182500-183000   00      22.94  789.9     22.48    -1.40    -9999
EREVAN     031028 300  183000-183500   00      23.07  789.9     22.60    -0.80    -9999
EREVAN     031028 300  183500-184000   00      23.19  789.9     22.71    -0.40    -9999
EREVAN     031028 300  184000-184500   00      23.21  789.8     22.72    -0.30    -9999
EREVAN     031028 300  184500-185000   00      23.28  789.8     22.79     0.00    -9999
EREVAN     031028 300  185000-185500   00      23.22  789.8     22.73    -0.30    -9999
EREVAN     031028 300  185500-190000   00      23.15  789.7     22.65    -0.60    -9999
EREVAN     031028 300  190000-190500   00      23.18  789.7     22.67    -0.50    -9999
EREVAN     031028 300  190500-191000   00      22.97  789.7     22.46    -1.40    -9999
EREVAN     031028 300  191000-191500   00      23.29  789.6     22.77    -0.10    -9999
EREVAN     031028 300  191500-192000   00      23.18  789.6     22.65    -0.60    -9999
EREVAN     031028 300  192000-192500   00      23.28  789.6     22.75    -0.20    -9999
EREVAN     031028 300  192500-193000   00      23.03  789.5     22.50    -1.30    -9999
EREVAN     031028 300  193000-193500   00      23.04  789.5     22.50    -1.30    -9999
EREVAN     031028 300  193500-194000   00      23.19  789.5     22.64    -0.70    -9999
EREVAN     031028 300  194000-194500   00      23.03  789.4     22.49    -1.30    -9999
EREVAN     031028 300  194500-195000   00      23.10  789.4     22.54    -1.10    -9999
EREVAN     031028 300  195000-195500   00      23.09  789.4     22.53    -1.10    -9999
EREVAN     031028 300  195500-200000   00      23.33  789.3     22.76    -0.10    -9999
EREVAN     031028 300  200000-200500   00      23.17  789.3     22.60    -0.80    -9999
EREVAN     031028 300  200500-201000   00      23.25  789.4     22.69    -0.40    -9999
EREVAN     031028 300  201000-201500   00      23.07  789.4     22.52    -1.20    -9999
EREVAN     031028 300  201500-202000   00      23.15  789.4     22.60    -0.80    -9999
EREVAN     031028 300  202000-202500   00      23.15  789.5     22.61    -0.80    -9999
EREVAN     031028 300  202500-203000   00      23.00  789.5     22.47    -1.40    -9999
EREVAN     031028 300  203000-203500   00      23.25  789.6     22.72    -0.30    -9999
EREVAN     031028 300  203500-204000   00      23.29  789.6     22.77    -0.10    -9999
EREVAN     031028 300  204000-204500   00      23.41  789.7     22.89     0.40    -9999
EREVAN     031028 300  204500-205000   00      23.15  789.7     22.64    -0.70    -9999
EREVAN     031028 300  205000-205500   00      23.14  789.7     22.65    -0.60    -9999
EREVAN     031028 300  205500-210000   00      23.20  789.8     22.71    -0.30    -9999
EREVAN     031028 300  210000-210500   00      23.22  789.8     22.73    -0.30    -9999
EREVAN     031028 300  210500-211000   00      23.16  789.8     22.67    -0.50    -9999
EREVAN     031028 300  211000-211500   00      23.20  789.8     22.71    -0.40    -9999
EREVAN     031028 300  211500-212000   00      23.23  789.8     22.74    -0.20    -9999
EREVAN     031028 300  212000-212500   00      23.21  789.8     22.72    -0.30    -9999
EREVAN     031028 300  212500-213000   00      23.29  789.8     22.79     0.00    -9999
EREVAN     031028 300  213000-213500   00      23.06  789.7     22.57    -1.00    -9999
EREVAN     031028 300  213500-214000   00      23.17  789.7     22.67    -0.50    -9999
EREVAN     031028 300  214000-214500   00      23.18  789.7     22.68    -0.50    -9999
EREVAN     031028 300  214500-215000   00      23.09  789.7     22.59    -0.90    -9999
EREVAN     031028 300  215000-215500   00      23.18  789.7     22.68    -0.50    -9999
EREVAN     031028 300  215500-220000   00      23.30  789.7     22.79     0.00    -9999
EREVAN     031028 300  220000-220500   00      23.13  789.7     22.63    -0.70    -9999
EREVAN     031028 300  220500-221000   00      23.29  789.8     22.79     0.00    -9999
EREVAN     031028 300  221000-221500   00      23.08  789.8     22.60    -0.80    -9999
EREVAN     031028 300  221500-222000   00      23.34  789.8     22.85     0.30    -9999
EREVAN     031028 300  222000-222500   00      23.24  789.9     22.76    -0.10    -9999
EREVAN     031028 300  222500-223000   00      23.12  789.9     22.65    -0.60    -9999
EREVAN     031028 300  223000-223500   00      23.10  790.0     22.64    -0.70    -9999
EREVAN     031028 300  223500-224000   00      23.08  790.0     22.62    -0.70    -9999
EREVAN     031028 300  224000-224500   00      23.09  790.0     22.65    -0.60    -9999
EREVAN     031028 300  224500-225000   00      23.13  790.1     22.69    -0.40    -9999
EREVAN     031028 300  225000-225500   00      23.14  790.1     22.70    -0.40    -9999
EREVAN     031028 300  225500-230000   00      23.11  790.2     22.68    -0.50    -9999
EREVAN     031028 300  230000-230500   00      23.21  790.2     22.79     0.00    -9999
EREVAN     031028 300  230500-231000   00      23.14  790.2     22.71    -0.30    -9999
EREVAN     031028 300  231000-231500   00      23.06  790.2     22.64    -0.70    -9999
EREVAN     031028 300  231500-232000   00      23.08  790.2     22.65    -0.60    -9999
EREVAN     031028 300  232000-232500   00      23.09  790.2     22.67    -0.50    -9999
EREVAN     031028 300  232500-233000   00      23.05  790.2     22.62    -0.70    -9999
EREVAN     031028 300  233000-233500   00      23.31  790.1     22.88     0.40    -9999
EREVAN     031028 300  233500-234000   00      23.20  790.1     22.77    -0.10    -9999
EREVAN     031028 300  234000-234500   00      23.30  790.1     22.87     0.40    -9999
EREVAN     031028 300  234500-235000   00      23.15  790.1     22.72    -0.30    -9999
EREVAN     031028 300  235000-235500   00      23.38  790.1     22.94     0.60    -9999
EREVAN     031028 300  235500-240000   00      22.95  790.1     22.52    -1.20    -9999
EREVAN     031029 300  000000-000500   00      23.16  790.1     22.72    -0.30    -9999
EREVAN     031029 300  000500-001000   00      23.22  790.1     22.78     0.00    -9999
EREVAN     031029 300  001000-001500   00      23.10  790.1     22.67    -0.50    -9999
EREVAN     031029 300  001500-002000   00      22.95  790.2     22.52    -1.20    -9999
EREVAN     031029 300  002000-002500   00      23.20  790.2     22.77    -0.10    -9999
EREVAN     031029 300  002500-003000   00      23.22  790.2     22.80     0.00    -9999
EREVAN     031029 300  003000-003500   00      23.22  790.2     22.80     0.00    -9999
EREVAN     031029 300  003500-004000   00      23.39  790.2     22.96     0.80    -9999
EREVAN     031029 300  004000-004500   00      23.18  790.2     22.76    -0.10    -9999
EREVAN     031029 300  004500-005000   00      23.24  790.3     22.82     0.10    -9999
EREVAN     031029 300  005000-005500   00      23.33  790.3     22.91     0.50    -9999
EREVAN     031029 300  005500-010000   00      23.31  790.3     22.90     0.50    -9999
EREVAN     031029 300  010000-010500   00      23.29  790.3     22.88     0.40    -9999
EREVAN     031029 300  010500-011000   00      23.20  790.4     22.80     0.10    -9999
EREVAN     031029 300  011000-011500   00      23.38  790.4     22.98     0.80    -9999
EREVAN     031029 300  011500-012000   00      23.19  790.4     22.81     0.10    -9999
EREVAN     031029 300  012000-012500   00      23.33  790.5     22.95     0.70    -9999
EREVAN     031029 300  012500-013000   00      23.43  790.5     23.06     1.20    -9999
EREVAN     031029 300  013000-013500   00      23.41  790.6     23.05     1.10    -9999
EREVAN     031029 300  013500-014000   00      23.43  790.6     23.07     1.20    -9999
EREVAN     031029 300  014000-014500   00      23.32  790.7     22.97     0.80    -9999
EREVAN     031029 300  014500-015000   00      23.41  790.7     23.07     1.20    -9999
EREVAN     031029 300  015000-015500   00      23.37  790.7     23.03     1.10    -9999
EREVAN     031029 300  015500-020000   00      23.30  790.8     22.97     0.80    -9999
EREVAN     031029 300  020000-020500   00      23.21  790.8     22.89     0.40    -9999
EREVAN     031029 300  020500-021000   00      23.39  790.9     23.08     1.20    -9999
EREVAN     031029 300  021000-021500   00      23.26  791.0     22.96     0.70    -9999
EREVAN     031029 300  021500-022000   00      23.26  791.0     22.98     0.80    -9999
EREVAN     031029 300  022000-022500   00      23.38  791.1     23.09     1.30    -9999
EREVAN     031029 300  022500-023000   00      23.23  791.2     22.96     0.80    -9999
EREVAN     031029 300  023000-023500   00      23.28  791.2     23.02     1.00    -9999
EREVAN     031029 300  023500-024000   00      23.15  791.3     22.91     0.50    -9999
EREVAN     031029 300  024000-024500   00      23.38  791.4     23.14     1.60    -9999
EREVAN     031029 300  024500-025000   00      23.19  791.4     22.96     0.80    -9999
EREVAN     031029 300  025000-025500   00      23.06  791.5     22.85     0.30    -9999
EREVAN     031029 300  025500-030000   00      23.33  791.6     23.13     1.50    -9999
EREVAN     031029 300  030000-030500   00      23.30  791.6     23.11     1.40    -9999
EREVAN     031029 300  030500-031000   00      23.13  791.7     22.95     0.70    -9999
EREVAN     031029 300  031000-031500   00      23.11  791.8     22.94     0.70    -9999
EREVAN     031029 300  031500-032000   00      23.10  791.8     22.94     0.70    -9999
EREVAN     031029 300  032000-032500   00      23.26  791.9     23.11     1.40    -9999
EREVAN     031029 300  032500-033000   00      23.11  792.0     22.97     0.80    -9999
EREVAN     031029 300  033000-033500   00      22.88  792.0     22.76    -0.10    -9999
EREVAN     031029 300  033500-034000   00      23.01  792.1     22.90     0.50    -9999
EREVAN     031029 300  034000-034500   00      23.01  792.2     22.91     0.50    -9999
EREVAN     031029 300  034500-035000   00      22.90  792.2     22.81     0.10    -9999
EREVAN     031029 300  035000-035500   00      23.19  792.3     23.11     1.40    -9999
EREVAN     031029 300  035500-040000   00      22.89  792.4     22.82     0.10    -9999
EREVAN     031029 300  040000-040500   00      23.01  792.4     22.96     0.70    -9999
EREVAN     031029 300  040500-041000   00      23.11  792.5     23.06     1.20    -9999
EREVAN     031029 300  041000-041500   00      23.10  792.6     23.07     1.20    -9999
EREVAN     031029 300  041500-042000   00      23.02  792.7     23.01     1.00    -9999
EREVAN     031029 300  042000-042500   00      23.12  792.8     23.12     1.40    -9999
EREVAN     031029 300  042500-043000   00      23.22  792.9     23.24     2.00    -9999
EREVAN     031029 300  043000-043500   00      23.22  793.0     23.25     2.00    -9999
EREVAN     031029 300  043500-044000   00      23.16  793.1     23.21     1.80    -9999
EREVAN     031029 300  044000-044500   00      23.16  793.2     23.22     1.90    -9999
EREVAN     031029 300  044500-045000   00      23.27  793.3     23.35     2.50    -9999
EREVAN     031029 300  045000-045500   00      23.39  793.4     23.48     3.00    -9999
EREVAN     031029 300  045500-050000   00      23.32  793.4     23.42     2.80    -9999
EREVAN     031029 300  050000-050500   00      23.31  793.5     23.43     2.80    -9999
EREVAN     031029 300  050500-051000   00      23.12  793.6     23.25     2.00    -9999
EREVAN     031029 300  051000-051500   00      23.21  793.6     23.35     2.50    -9999
EREVAN     031029 300  051500-052000   00      23.39  793.6     23.53     3.30    -9999
EREVAN     031029 300  052000-052500   00      23.29  793.7     23.43     2.80    -9999
EREVAN     031029 300  052500-053000   00      23.20  793.7     23.36     2.50    -9999
EREVAN     031029 300  053000-053500   00      23.18  793.8     23.34     2.40    -9999
EREVAN     031029 300  053500-054000   00      23.23  793.8     23.40     2.70    -9999
EREVAN     031029 300  054000-054500   00      23.22  793.8     23.39     2.60    -9999
EREVAN     031029 300  054500-055000   00      23.26  793.9     23.44     2.90    -9999
EREVAN     031029 300  055000-055500   00      23.11  793.9     23.30     2.20    -9999
EREVAN     031029 300  055500-060000   00      23.17  794.0     23.37     2.50    -9999
EREVAN     031029 300  060000-060500   00      23.04  794.0     23.24     2.00    -9999
EREVAN     031029 300  060500-061000   00      23.22  794.0     23.42     2.80    -9999
EREVAN     031029 300  061000-061500   00      23.08  794.0     23.29     2.20    -9999
EREVAN     031029 300  061500-062000   00      22.99  794.1     23.20     1.80    -9999
EREVAN     031029 300  062000-062500   00      22.82  794.1     23.03     1.00    -9999
EREVAN     031029 300  062500-063000   00      22.79  794.1     23.00     0.90    -9999
EREVAN     031029 300  063000-063500   00      22.78  794.1     22.99     0.90    -9999
EREVAN     031029 300  063500-064000   00      22.62  794.1     22.83     0.20    -9999
EREVAN     031029 300  064000-064500   00      22.44  794.1     22.65    -0.60    -9999
EREVAN     031029 300  064500-065000   00      22.84  794.2     23.06     1.20    -9999
EREVAN     031029 300  065000-065500   00      22.83  794.2     23.05     1.20    -9999
EREVAN     031029 300  065500-070000   00      23.01  794.2     23.24     2.00    -9999
EREVAN     031029 300  070000-070500   00      22.86  794.2     23.08     1.30    -9999
EREVAN     031029 300  070500-071000   00      22.93  794.2     23.16     1.60    -9999
EREVAN     031029 300  071000-071500   00      22.81  794.2     23.03     1.10    -9999
EREVAN     031029 300  071500-072000   00      22.87  794.1     23.09     1.30    -9999
EREVAN     031029 300  072000-072500   00      22.74  794.1     22.96     0.70    -9999
EREVAN     031029 300  072500-073000   00      22.86  794.1     23.08     1.30    -9999
EREVAN     031029 300  073000-073500   00      22.74  794.1     22.94     0.70    -9999
EREVAN     031029 300  073500-074000   00      22.74  794.1     22.94     0.70    -9999
EREVAN     031029 300  074000-074500   00      22.51  794.1     22.72    -0.30    -9999
EREVAN     031029 300  074500-075000   00      22.51  794.0     22.71    -0.30    -9999
EREVAN     031029 300  075000-075500   00      22.65  794.0     22.85     0.30    -9999
EREVAN     031029 300  075500-080000   00      22.54  794.0     22.74    -0.20    -9999
EREVAN     031029 300  080000-080500   00      22.57  794.0     22.76    -0.10    -9999
EREVAN     031029 300  080500-081000   00      22.46  794.0     22.65    -0.60    -9999
EREVAN     031029 300  081000-081500   00      22.58  794.0     22.77    -0.10    -9999
EREVAN     031029 300  081500-082000   00      22.48  793.9     22.66    -0.60    -9999
EREVAN     031029 300  082000-082500   00      22.70  793.9     22.88     0.40    -9999
EREVAN     031029 300  082500-083000   00      22.43  793.9     22.61    -0.80    -9999
EREVAN     031029 300  083000-083500   00      22.44  793.9     22.61    -0.80    -9999
EREVAN     031029 300  083500-084000   00      22.49  793.9     22.66    -0.60    -9999
EREVAN     031029 300  084000-084500   00      22.59  793.9     22.76    -0.10    -9999
EREVAN     031029 300  084500-085000   00      22.65  793.8     22.82     0.10    -9999
EREVAN     031029 300  085000-085500   00      22.56  793.8     22.72    -0.30    -9999
EREVAN     031029 300  085500-090000   00      22.41  793.8     22.58    -0.90    -9999
EREVAN     031029 300  090000-090500   00      22.30  793.8     22.45    -1.50    -9999
EREVAN     031029 300  090500-091000   00      22.26  793.8     22.41    -1.60    -9999
EREVAN     031029 300  091000-091500   00      22.28  793.8     22.43    -1.60    -9999
EREVAN     031029 300  091500-092000   00      22.06  793.7     22.21    -2.60    -9999
EREVAN     031029 300  092000-092500   00      22.21  793.7     22.36    -1.90    -9999
EREVAN     031029 300  092500-093000   00      22.05  793.7     22.19    -2.60    -9999
EREVAN     031029 300  093000-093500   00      22.21  793.7     22.36    -1.90    -9999
EREVAN     031029 300  093500-094000   00      21.95  793.7     22.09    -3.10    -9999
EREVAN     031029 300  094000-094500   00      22.22  793.7     22.35    -1.90    -9999
EREVAN     031029 300  094500-095000   00      21.98  793.6     22.12    -3.00    -9999
EREVAN     031029 300  095000-095500   00      22.04  793.6     22.17    -2.70    -9999
EREVAN     031029 300  095500-100000   00      21.98  793.6     22.10    -3.00    -9999
EREVAN     031029 300  100000-100500   00      22.01  793.6     22.14    -2.90    -9999
EREVAN     031029 300  100500-101000   00      21.87  793.6     21.99    -3.50    -9999
EREVAN     031029 300  101000-101500   00      21.91  793.6     22.03    -3.30    -9999
EREVAN     031029 300  101500-102000   00      21.96  793.5     22.07    -3.10    -9999
EREVAN     031029 300  102000-102500   00      22.27  793.5     22.38    -1.80    -9999
EREVAN     031029 300  102500-103000   00      22.18  793.5     22.30    -2.10    -9999
EREVAN     031029 300  103000-103500   00      21.98  793.5     22.08    -3.10    -9999
EREVAN     031029 300  103500-104000   00      21.90  793.5     22.00    -3.40    -9999
EREVAN     031029 300  104000-104500   00      21.90  793.5     22.00    -3.50    -9999
EREVAN     031029 300  104500-105000   00      21.56  793.4     21.66    -5.00    -9999
EREVAN     031029 300  105000-105500   00      21.46  793.4     21.55    -5.40    -9999
EREVAN     031029 300  105500-110000   00      21.37  793.4     21.46    -5.80    -9999
EREVAN     031029 300  110000-110500   00      21.31  793.4     21.40    -6.10    -9999
EREVAN     031029 300  110500-111000   00      21.36  793.4     21.45    -5.90    -9999
EREVAN     031029 300  111000-111500   00      21.41  793.4     21.50    -5.70    -9999
EREVAN     031029 300  111500-112000   00      21.25  793.4     21.34    -6.30    -9999
EREVAN     031029 300  112000-112500   00      21.24  793.4     21.33    -6.40    -9999
EREVAN     031029 300  112500-113000   00      21.36  793.4     21.45    -5.80    -9999
EREVAN     031029 300  113000-113500   00      21.29  793.4     21.38    -6.20    -9999
EREVAN     031029 300  113500-114000   00      21.32  793.4     21.41    -6.00    -9999
EREVAN     031029 300  114000-114500   00      21.23  793.4     21.32    -6.40    -9999
EREVAN     031029 300  114500-115000   00      21.16  793.4     21.25    -6.80    -9999
EREVAN     031029 300  115000-115500   00      21.09  793.4     21.18    -7.00    -9999
EREVAN     031029 300  115500-120000   00      21.07  793.4     21.16    -7.10    -9999
EREVAN     031029 3600 120000-130000   00      20.50  794.2     20.71    -9.10    -9999
EREVAN     031029 3600 130000-140000   00      19.32  794.4     19.54   -14.20    -9999
EREVAN     031029 3600 140000-150000   00      18.67  794.4     18.88   -17.10    -9999
EREVAN     031029 3600 150000-160000   00      18.88  794.4     19.10   -16.20    -9999
EREVAN     031029 3600 160000-170000   00      18.94  794.3     19.14   -16.00    -9999
EREVAN     031029 3600 170000-180000   00      18.30  794.2     18.48   -18.90    -9999
EREVAN     031029 3600 180000-190000   00      19.09  794.1     19.27   -15.40    -9999
EREVAN     031029 3600 190000-200000   00      19.42  793.9     19.57   -14.10    -9999
EREVAN     031029 3600 200000-210000   00      19.56  793.4     19.64   -13.80    -9999
EREVAN     031029 3600 210000-220000   00      19.27  793.4     19.35   -15.10    -9999
EREVAN     031029 3600 220000-230000   00      19.28  793.5     19.38   -15.00    -9999
EREVAN     031029 3600 230000-240000   00      19.38  794.2     19.57   -14.10    -9999
*
"Comment: The Clock of Regisrator is fast on+sec (slow on-sec) is supporting by GPS or InternetClockServer;"	
COMMENT UNIVERISTY OF OULU: FILE GENERATED FROM DATABASE AND OBTAINED FROM
COMMENT https://gle.oulu.fi at 2023-04-03 12:51:18 +00:00
COMMENT FOR HISTORICAL/ORIGINAL TEXT FILES SEE https://gle.oulu.fi/txtarchive/
COMMENT ORIGINAL AT https://gle.oulu.fi/txtarchive/GLE65/C065ERVN_cor.DAT
COMMENT DETRENDED DATA SHOW -9999 IF EQUAL TO INC% COLUMN 