INUVIK     LATITUDE    68.35     LONGITUDE     -133.72   ALTITUDE    21 M
INUVIK     INSTRUMENT   18NM64    NEUTRON MONITOR     	
INUVIK     STANDARD PRESSURE    1017.6  mb     COEFFICIENT   -0.74     % / mb
INUVIK     PRE-INCREASE BASELINE TIME INTERVAL    031028    100000-110000   UT
INUVIK     PRE-INCREASE AVERAGE COUNTING RATE    159.99      COUNTS PER SECOND
INUVIK     TIME INTERVALS    300         3600     
INUVIK     SCALE FACTORS     1           1        
STATION    YYMMDD  SEC   TIME (UT)   CODE    UNCORR. PRESS.    CORR.    % INC.	DETRENDED
                         INTERVAL    TD      C/S     (mb)      C/S
INUVIK     031027 3600 000000-010000   00     170.55 1012.2    163.87     2.40    -9999
INUVIK     031027 3600 010000-020000   00     171.27 1012.4    164.81     3.00    -9999
INUVIK     031027 3600 020000-030000   00     172.32 1012.7    166.18     3.90    -9999
INUVIK     031027 3600 030000-040000   00     173.17 1012.9    167.25     4.50    -9999
INUVIK     031027 3600 040000-050000   00     172.20 1013.0    166.44     4.00    -9999
INUVIK     031027 3600 050000-060000   00     172.04 1013.2    166.53     4.10    -9999
INUVIK     031027 3600 060000-070000   00     171.79 1013.3    166.41     4.00    -9999
INUVIK     031027 3600 070000-080000   00     171.34 1013.6    166.34     4.00    -9999
INUVIK     031027 3600 080000-090000   00     169.44 1013.9    164.87     3.10    -9999
INUVIK     031027 3600 090000-100000   00     167.64 1014.3    163.60     2.30    -9999
INUVIK     031027 3600 100000-110000   00     166.73 1014.5    162.95     1.90    -9999
INUVIK     031027 3600 110000-120000   00     166.42 1014.7    162.89     1.80    -9999
INUVIK     031027 3600 120000-130000   00     166.15 1014.9    162.86     1.80    -9999
INUVIK     031027 3600 130000-140000   00     166.91 1015.0    163.73     2.30    -9999
INUVIK     031027 3600 140000-150000   00     167.02 1015.2    164.08     2.60    -9999
INUVIK     031027 3600 150000-160000   00     167.35 1015.3    164.52     2.80    -9999
INUVIK     031027 3600 160000-170000   00     167.34 1015.1    164.28     2.70    -9999
INUVIK     031027 3600 170000-180000   00     167.34 1015.2    164.39     2.80    -9999
INUVIK     031027 3600 180000-190000   00     166.30 1015.2    163.38     2.10    -9999
INUVIK     031027 3600 190000-200000   00     166.07 1015.3    163.27     2.10    -9999
INUVIK     031027 3600 200000-210000   00     166.58 1015.3    163.77     2.40    -9999
INUVIK     031027 3600 210000-220000   00     167.13 1015.6    164.68     2.90    -9999
INUVIK     031027 3600 220000-230000   00     167.14 1015.6    164.68     2.90    -9999
INUVIK     031027 3600 230000-240000   00     166.09 1015.5    163.53     2.20    -9999
INUVIK     031028 3600 000000-010000   00     167.57 1015.4    164.86     3.00    -9999
INUVIK     031028 3600 010000-020000   00     168.12 1015.3    165.28     3.30    -9999
INUVIK     031028 3600 020000-030000   00     168.10 1015.4    165.39     3.40    -9999
INUVIK     031028 3600 030000-040000   00     167.47 1015.6    165.01     3.10    -9999
INUVIK     031028 3600 040000-050000   00     167.53 1015.7    165.19     3.30    -9999
INUVIK     031028 3600 050000-060000   00     166.22 1015.9    164.14     2.60    -9999
INUVIK     031028 3600 060000-070000   00     164.73 1015.9    162.67     1.70    -9999
INUVIK     031028 3600 070000-080000   00     163.18 1016.5    161.86     1.20    -9999
INUVIK     031028 3600 080000-090000   00     162.00 1016.9    161.16     0.70    -9999
INUVIK     031028 300  090000-090500   00     162.28 1017.1    161.70     1.10    -9999
INUVIK     031028 300  090500-091000   00     163.18 1017.2    162.65     1.70    -9999
INUVIK     031028 300  091000-091500   00     161.80 1017.2    161.32     0.80    -9999
INUVIK     031028 300  091500-092000   00     159.16 1017.2    158.74    -0.80    -9999
INUVIK     031028 300  092000-092500   00     161.40 1017.3    161.02     0.60    -9999
INUVIK     031028 300  092500-093000   00     161.20 1017.3    160.87     0.60    -9999
INUVIK     031028 300  093000-093500   00     161.94 1017.4    161.66     1.00    -9999
INUVIK     031028 300  093500-094000   00     159.54 1017.4    159.31    -0.40    -9999
INUVIK     031028 300  094000-094500   00     163.78 1017.5    163.60     2.30    -9999
INUVIK     031028 300  094500-095000   00     159.70 1017.5    159.57    -0.30    -9999
INUVIK     031028 300  095000-095500   00     160.42 1017.5    160.34     0.20    -9999
INUVIK     031028 300  095500-100000   00     162.06 1017.6    162.03     1.30    -9999
INUVIK     031028 300  100000-100500   00     160.40 1017.6    160.42     0.30    -9999
INUVIK     031028 300  100500-101000   00     160.12 1017.7    160.20     0.10    -9999
INUVIK     031028 300  101000-101500   00     160.72 1017.7    160.86     0.50    -9999
INUVIK     031028 300  101500-102000   00     160.10 1017.8    160.30     0.20    -9999
INUVIK     031028 300  102000-102500   00     158.94 1017.8    159.20    -0.50    -9999
INUVIK     031028 300  102500-103000   00     160.46 1017.9    160.78     0.50    -9999
INUVIK     031028 300  103000-103500   00     159.58 1017.9    159.96     0.00    -9999
INUVIK     031028 300  103500-104000   00     160.14 1018.0    160.58     0.40    -9999
INUVIK     031028 300  104000-104500   00     158.08 1018.0    158.57    -0.90    -9999
INUVIK     031028 300  104500-105000   00     159.30 1018.1    159.86    -0.10    -9999
INUVIK     031028 300  105000-105500   00     157.60 1018.1    158.21    -1.10    -9999
INUVIK     031028 300  105500-110000   00     160.20 1018.2    160.88     0.60    -9999
INUVIK     031028 300  110000-110500   00     158.48 1018.2    159.22    -0.50    -0.80
INUVIK     031028 300  110500-111000   00     155.88 1018.3    156.68    -2.10    -2.39
INUVIK     031028 300  111000-111500   00     157.24 1018.4    158.13    -1.20    -1.49
INUVIK     031028 300  111500-112000   00     158.88 1018.4    159.85    -0.10    -0.39
INUVIK     031028 300  112000-112500   00     159.38 1018.5    160.44     0.30     0.02
INUVIK     031028 300  112500-113000   00     161.78 1018.6    162.93     1.80     1.52
INUVIK     031028 300  113000-113500   00     163.58 1018.6    164.83     3.00     2.72
INUVIK     031028 300  113500-114000   00     170.18 1018.7    171.56     7.20     6.93
INUVIK     031028 300  114000-114500   00     174.84 1018.8    176.35    10.20     9.93
INUVIK     031028 300  114500-115000   00     174.28 1018.8    175.87     9.90     9.63
INUVIK     031028 300  115000-115500   00     169.14 1018.9    170.77     6.70     6.44
INUVIK     031028 300  115500-120000   00     165.36 1019.0    167.03     4.40     4.14
INUVIK     031028 300  120000-120500   00     168.56 1019.0    170.36     6.50     6.24
INUVIK     031028 300  120500-121000   00     167.48 1019.1    169.37     5.90     5.65
INUVIK     031028 300  121000-121500   00     169.70 1019.2    171.72     7.30     7.05
INUVIK     031028 300  121500-122000   00     168.60 1019.3    170.71     6.70     6.45
INUVIK     031028 300  122000-122500   00     169.48 1019.4    171.71     7.30     7.06
INUVIK     031028 300  122500-123000   00     169.20 1019.5    171.53     7.20     6.96
INUVIK     031028 300  123000-123500   00     169.46 1019.5    171.90     7.40     7.16
INUVIK     031028 300  123500-124000   00     167.30 1019.6    169.82     6.10     5.87
INUVIK     031028 300  124000-124500   00     167.74 1019.7    170.37     6.50     6.27
INUVIK     031028 300  124500-125000   00     169.68 1019.8    172.45     7.80     7.57
INUVIK     031028 300  125000-125500   00     165.50 1019.9    168.30     5.20     4.98
INUVIK     031028 300  125500-130000   00     166.32 1020.0    169.24     5.80     5.58
INUVIK     031028 300  130000-130500   00     167.04 1020.0    170.10     6.30     6.08
INUVIK     031028 300  130500-131000   00     165.30 1020.2    168.48     5.30     5.09
INUVIK     031028 300  131000-131500   00     164.80 1020.3    168.13     5.10     4.89
INUVIK     031028 300  131500-132000   00     165.82 1020.4    169.32     5.80     5.59
INUVIK     031028 300  132000-132500   00     167.46 1020.5    171.16     7.00     6.80
INUVIK     031028 300  132500-133000   00     164.90 1020.7    168.69     5.40     5.20
INUVIK     031028 300  133000-133500   00     165.14 1020.8    169.10     5.70     5.50
INUVIK     031028 300  133500-134000   00     164.76 1020.9    168.87     5.60     5.41
INUVIK     031028 300  134000-134500   00     166.26 1021.0    170.56     6.60     6.41
INUVIK     031028 300  134500-135000   00     166.58 1021.2    171.04     6.90     6.71
INUVIK     031028 300  135000-135500   00     166.52 1021.3    171.14     7.00     6.82
INUVIK     031028 300  135500-140000   00     164.24 1021.4    168.96     5.60     5.42
INUVIK     031028 300  140000-140500   00     162.46 1021.6    167.29     4.60     4.42
INUVIK     031028 300  140500-141000   00     164.04 1021.7    169.09     5.70     5.53
INUVIK     031028 300  141000-141500   00     165.40 1021.8    170.67     6.70     6.53
INUVIK     031028 300  141500-142000   00     163.28 1022.0    168.66     5.40     5.23
INUVIK     031028 300  142000-142500   00     166.28 1022.1    171.94     7.50     7.34
INUVIK     031028 300  142500-143000   00     132.08 1022.3    136.72   -14.50     7.14
INUVIK     031028 300  143000-143500   00     165.42 1022.4    171.41     7.10     6.94
INUVIK     031028 300  143500-144000   00     164.46 1022.5    170.59     6.60     6.45
INUVIK     031028 300  144000-144500   00     165.60 1022.7    171.96     7.50     7.35
INUVIK     031028 300  144500-145000   00     164.92 1022.8    171.43     7.20     7.05
INUVIK     031028 300  145000-145500   00     165.22 1023.0    171.92     7.50     7.36
INUVIK     031028 300  145500-150000   00     163.28 1023.1    170.08     6.30     6.16
INUVIK     031028 300  150000-150500   00     161.86 1023.2    168.76     5.50     5.36
INUVIK     031028 300  150500-151000   00     163.44 1023.4    170.56     6.60     6.47
INUVIK     031028 300  151000-151500   00     161.04 1023.5    168.20     5.10     4.97
INUVIK     031028 300  151500-152000   00     162.92 1023.6    170.31     6.50     6.37
INUVIK     031028 300  152000-152500   00     162.44 1023.7    169.96     6.20     6.08
INUVIK     031028 300  152500-153000   00     164.54 1023.8    172.30     7.70     7.58
INUVIK     031028 300  153000-153500   00     161.92 1023.9    169.71     6.10     5.98
INUVIK     031028 300  153500-154000   00     162.92 1024.1    170.90     6.80     6.69
INUVIK     031028 300  154000-154500   00     161.40 1024.2    169.45     5.90     5.79
INUVIK     031028 300  154500-155000   00     162.86 1024.3    171.14     7.00     6.89
INUVIK     031028 300  155000-155500   00     162.16 1024.4    170.55     6.60     6.50
INUVIK     031028 300  155500-160000   00     161.56 1024.5    170.06     6.30     6.20
INUVIK     031028 300  160000-160500   00     163.74 1024.7    172.51     7.80     7.70
INUVIK     031028 300  160500-161000   00     162.72 1024.8    171.59     7.30     7.21
INUVIK     031028 300  161000-161500   00     163.60 1024.9    172.68     7.90     7.81
INUVIK     031028 300  161500-162000   00     165.50 1025.0    174.85     9.30     9.21
INUVIK     031028 300  162000-162500   00     161.94 1025.2    171.24     7.00     6.92
INUVIK     031028 300  162500-163000   00     163.18 1025.3    172.71     8.00     7.92
INUVIK     031028 300  163000-163500   00     164.16 1025.4    173.91     8.70     8.62
INUVIK     031028 300  163500-164000   00     163.22 1025.5    173.08     8.20     8.13
INUVIK     031028 300  164000-164500   00     163.36 1025.7    173.39     8.40     8.33
INUVIK     031028 300  164500-165000   00     162.52 1025.8    172.66     7.90     7.83
INUVIK     031028 300  165000-165500   00     161.00 1025.9    171.20     7.00     6.94
INUVIK     031028 300  165500-170000   00     162.14 1026.0    172.57     7.90     7.84
INUVIK     031028 300  170000-170500   00     162.50 1026.2    173.13     8.20     8.14
INUVIK     031028 300  170500-171000   00     162.52 1026.3    173.37     8.40     8.35
INUVIK     031028 300  171000-171500   00     162.44 1026.5    173.50     8.40     8.35
INUVIK     031028 300  171500-172000   00     161.86 1026.7    173.09     8.20     8.15
INUVIK     031028 300  172000-172500   00     159.70 1026.8    170.99     6.90     6.86
INUVIK     031028 300  172500-173000   00     163.64 1027.0    175.43     9.70     9.66
INUVIK     031028 300  173000-173500   00     159.84 1027.2    171.57     7.20     7.16
INUVIK     031028 300  173500-174000   00     160.46 1027.3    172.44     7.80     7.77
INUVIK     031028 300  174000-174500   00     162.76 1027.5    175.13     9.50     9.47
INUVIK     031028 300  174500-175000   00     161.52 1027.7    174.01     8.80     8.77
INUVIK     031028 300  175000-175500   00     162.20 1027.8    174.96     9.40     9.38
INUVIK     031028 300  175500-180000   00     161.86 1028.0    174.81     9.30     9.28
INUVIK     031028 300  180000-180500   00     161.60 1028.1    174.72     9.20     9.19
INUVIK     031028 300  180500-181000   00     159.60 1028.3    172.70     7.90     7.89
INUVIK     031028 300  181000-181500   00     158.72 1028.4    171.90     7.40     7.39
INUVIK     031028 300  181500-182000   00     157.64 1028.5    170.88     6.80     6.80
INUVIK     031028 300  182000-182500   00     158.80 1028.6    172.29     7.70     7.70
INUVIK     031028 300  182500-183000   00     160.16 1028.7    173.91     8.70     8.70
INUVIK     031028 300  183000-183500   00     158.22 1028.8    171.95     7.50     7.51
INUVIK     031028 300  183500-184000   00     157.36 1029.0    171.17     7.00     7.01
INUVIK     031028 300  184000-184500   00     160.14 1029.1    174.34     9.00     9.01
INUVIK     031028 300  184500-185000   00     157.50 1029.2    171.61     7.30     7.32
INUVIK     031028 300  185000-185500   00     157.98 1029.3    172.28     7.70     7.72
INUVIK     031028 300  185500-190000   00     158.60 1029.4    173.11     8.20     8.22
INUVIK     031028 300  190000-190500   00     157.74 1029.5    172.30     7.70     7.73
INUVIK     031028 300  190500-191000   00     158.92 1029.6    173.70     8.60     8.63
INUVIK     031028 300  191000-191500   00     157.52 1029.7    172.27     7.70     7.73
INUVIK     031028 300  191500-192000   00     160.80 1029.8    175.97    10.00    10.04
INUVIK     031028 300  192000-192500   00     157.56 1029.9    172.53     7.80     7.84
INUVIK     031028 300  192500-193000   00     156.32 1029.9    171.28     7.10     7.14
INUVIK     031028 300  193000-193500   00     159.12 1030.0    174.45     9.00     9.05
INUVIK     031028 300  193500-194000   00     157.34 1030.1    172.61     7.90     7.95
INUVIK     031028 300  194000-194500   00     156.20 1030.2    171.47     7.20     7.25
INUVIK     031028 300  194500-195000   00     156.68 1030.3    172.10     7.60     7.66
INUVIK     031028 300  195000-195500   00     157.50 1030.4    173.10     8.20     8.26
INUVIK     031028 300  195500-200000   00     154.40 1030.4    169.80     6.10     6.16
INUVIK     031028 300  200000-200500   00     156.80 1030.5    172.54     7.80     7.87
INUVIK     031028 300  200500-201000   00     156.24 1030.6    172.01     7.50     7.57
INUVIK     031028 300  201000-201500   00     155.24 1030.7    170.99     6.90     6.97
INUVIK     031028 300  201500-202000   00     157.20 1030.7    173.24     8.30     8.38
INUVIK     031028 300  202000-202500   00     157.14 1030.8    173.25     8.30     8.38
INUVIK     031028 300  202500-203000   00     152.96 1030.9    168.73     5.50     5.58
INUVIK     031028 300  203000-203500   00     153.60 1030.9    169.52     6.00     6.09
INUVIK     031028 300  203500-204000   00     156.08 1031.0    172.34     7.70     7.79
INUVIK     031028 300  204000-204500   00     153.38 1031.1    169.44     5.90     5.99
INUVIK     031028 300  204500-205000   00     155.56 1031.1    171.93     7.50     7.60
INUVIK     031028 300  205000-205500   00     155.14 1031.2    171.56     7.20     7.30
INUVIK     031028 300  205500-210000   00     157.44 1031.3    174.19     8.90     9.00
INUVIK     031028 300  210000-210500   00     154.78 1031.3    171.32     7.10     7.21
INUVIK     031028 300  210500-211000   00     154.96 1031.4    171.60     7.30     7.41
INUVIK     031028 300  211000-211500   00     153.92 1031.4    170.52     6.60     6.71
INUVIK     031028 300  211500-212000   00     153.32 1031.5    169.93     6.20     6.32
INUVIK     031028 300  212000-212500   00     154.42 1031.6    171.22     7.00     7.12
INUVIK     031028 300  212500-213000   00     153.60 1031.6    170.38     6.50     6.62
INUVIK     031028 300  213000-213500   00     154.68 1031.7    171.66     7.30     7.43
INUVIK     031028 300  213500-214000   00     154.30 1031.7    171.31     7.10     7.23
INUVIK     031028 300  214000-214500   00     156.24 1031.8    173.54     8.50     8.63
INUVIK     031028 300  214500-215000   00     154.66 1031.8    171.86     7.40     7.54
INUVIK     031028 300  215000-215500   00     154.56 1031.9    171.82     7.40     7.54
INUVIK     031028 300  215500-220000   00     155.94 1032.0    173.43     8.40     8.54
INUVIK     031028 300  220000-220500   00     152.96 1032.0    170.18     6.40     6.55
INUVIK     031028 300  220500-221000   00     154.10 1032.1    171.50     7.20     7.35
INUVIK     031028 300  221000-221500   00     152.12 1032.1    169.35     5.90     6.05
INUVIK     031028 300  221500-222000   00     154.22 1032.1    171.74     7.30     7.46
INUVIK     031028 300  222000-222500   00     151.10 1032.2    168.32     5.20     5.36
INUVIK     031028 300  222500-223000   00     154.50 1032.2    172.16     7.60     7.76
INUVIK     031028 300  223000-223500   00     152.62 1032.3    170.12     6.30     6.47
INUVIK     031028 300  223500-224000   00     152.66 1032.3    170.21     6.40     6.57
INUVIK     031028 300  224000-224500   00     151.52 1032.3    169.00     5.60     5.77
INUVIK     031028 300  224500-225000   00     152.62 1032.4    170.27     6.40     6.58
INUVIK     031028 300  225000-225500   00     152.98 1032.4    170.73     6.70     6.88
INUVIK     031028 300  225500-230000   00     152.40 1032.5    170.13     6.30     6.48
INUVIK     031028 300  230000-230500   00     153.56 1032.5    171.49     7.20     7.39
INUVIK     031028 300  230500-231000   00     152.30 1032.6    170.16     6.40     6.59
INUVIK     031028 300  231000-231500   00     154.40 1032.6    172.58     7.90     8.09
INUVIK     031028 300  231500-232000   00     152.68 1032.7    170.73     6.70     6.90
INUVIK     031028 300  232000-232500   00     153.50 1032.8    171.72     7.30     7.50
INUVIK     031028 300  232500-233000   00     153.78 1032.8    172.11     7.60     7.80
INUVIK     031028 300  233000-233500   00     151.40 1032.9    169.52     6.00     6.21
INUVIK     031028 300  233500-234000   00     151.58 1032.9    169.79     6.10     6.31
INUVIK     031028 300  234000-234500   00     152.28 1033.0    170.65     6.70     6.91
INUVIK     031028 300  234500-235000   00     151.30 1033.0    169.62     6.00     6.22
INUVIK     031028 300  235000-235500   00     152.18 1033.1    170.68     6.70     6.92
INUVIK     031028 300  235500-240000   00     151.78 1033.2    170.31     6.50     6.72
INUVIK     031029 300  000000-000500   00     151.52 1033.2    170.10     6.30     6.53
INUVIK     031029 300  000500-001000   00     152.28 1033.3    171.05     6.90     7.13
INUVIK     031029 300  001000-001500   00     149.90 1033.4    168.47     5.30     5.53
INUVIK     031029 300  001500-002000   00     151.50 1033.5    170.36     6.50     6.74
INUVIK     031029 300  002000-002500   00     150.74 1033.5    169.60     6.00     6.24
INUVIK     031029 300  002500-003000   00     149.68 1033.6    168.50     5.30     5.54
INUVIK     031029 300  003000-003500   00     153.04 1033.7    172.38     7.70     7.95
INUVIK     031029 300  003500-004000   00     151.58 1033.8    170.83     6.80     7.05
INUVIK     031029 300  004000-004500   00     148.86 1033.8    167.86     4.90     5.15
INUVIK     031029 300  004500-005000   00     150.40 1033.9    169.69     6.10     6.36
INUVIK     031029 300  005000-005500   00     150.32 1034.0    169.69     6.10     6.36
INUVIK     031029 300  005500-010000   00     151.48 1034.1    171.10     6.90     7.16
INUVIK     031029 300  010000-010500   00     150.92 1034.1    170.54     6.60     6.87
INUVIK     031029 300  010500-011000   00     150.36 1034.2    169.96     6.20     6.47
INUVIK     031029 300  011000-011500   00     150.46 1034.2    170.12     6.30     6.57
INUVIK     031029 300  011500-012000   00     149.36 1034.2    168.93     5.60     5.88
INUVIK     031029 300  012000-012500   00     151.44 1034.3    171.34     7.10     7.38
INUVIK     031029 300  012500-013000   00     149.22 1034.3    168.88     5.60     5.88
INUVIK     031029 300  013000-013500   00     149.06 1034.4    168.75     5.50     5.79
INUVIK     031029 300  013500-014000   00     149.92 1034.4    169.78     6.10     6.39
INUVIK     031029 300  014000-014500   00     148.54 1034.4    168.27     5.20     5.49
INUVIK     031029 300  014500-015000   00     147.70 1034.5    167.37     4.60     4.90
INUVIK     031029 300  015000-015500   00     149.12 1034.5    169.03     5.70     6.00
INUVIK     031029 300  015500-020000   00     148.42 1034.6    168.29     5.20     5.50
INUVIK     031029 300  020000-020500   00     148.48 1034.6    168.40     5.30     5.61
INUVIK     031029 300  020500-021000   00     149.52 1034.7    169.64     6.00     6.31
INUVIK     031029 300  021000-021500   00     148.26 1034.7    168.26     5.20     5.51
INUVIK     031029 300  021500-022000   00     147.30 1034.7    167.22     4.50     4.82
INUVIK     031029 300  022000-022500   00     148.28 1034.8    168.39     5.30     5.62
INUVIK     031029 300  022500-023000   00     148.22 1034.8    168.37     5.20     5.53
INUVIK     031029 300  023000-023500   00     149.40 1034.9    169.76     6.10     6.43
INUVIK     031029 300  023500-024000   00     147.70 1034.9    167.88     4.90     5.23
INUVIK     031029 300  024000-024500   00     148.46 1034.9    168.80     5.50     5.84
INUVIK     031029 300  024500-025000   00     146.76 1035.0    166.92     4.30     4.64
INUVIK     031029 300  025000-025500   00     146.76 1035.0    166.97     4.40     4.74
INUVIK     031029 300  025500-030000   00     145.70 1035.1    165.81     3.60     3.95
INUVIK     031029 300  030000-030500   00     147.40 1035.1    167.80     4.90     5.25
INUVIK     031029 300  030500-031000   00     146.76 1035.2    167.14     4.50     4.85
INUVIK     031029 300  031000-031500   00     147.90 1035.2    168.50     5.30     5.66
INUVIK     031029 300  031500-032000   00     149.02 1035.3    169.84     6.20     6.56
INUVIK     031029 300  032000-032500   00     146.68 1035.3    167.23     4.50     4.86
INUVIK     031029 300  032500-033000   00     146.88 1035.4    167.52     4.70     5.07
INUVIK     031029 300  033000-033500   00     148.84 1035.4    169.82     6.10     6.47
INUVIK     031029 300  033500-034000   00     146.74 1035.5    167.49     4.70     5.07
INUVIK     031029 300  034000-034500   00     146.08 1035.5    166.79     4.30     4.68
INUVIK     031029 300  034500-035000   00     146.90 1035.6    167.79     4.90     5.28
INUVIK     031029 300  035000-035500   00     148.20 1035.6    169.34     5.80     6.18
INUVIK     031029 300  035500-040000   00     148.30 1035.7    169.52     6.00     6.39
INUVIK     031029 300  040000-040500   00     146.32 1035.7    167.30     4.60     4.99
INUVIK     031029 300  040500-041000   00     146.54 1035.7    167.59     4.80     5.19
INUVIK     031029 300  041000-041500   00     146.46 1035.8    167.53     4.70     5.10
INUVIK     031029 300  041500-042000   00     147.62 1035.8    168.88     5.60     6.00
INUVIK     031029 300  042000-042500   00     146.98 1035.8    168.18     5.10     5.50
INUVIK     031029 300  042500-043000   00     146.78 1035.8    167.99     5.00     5.41
INUVIK     031029 300  043000-043500   00     146.62 1035.9    167.83     4.90     5.31
INUVIK     031029 300  043500-044000   00     144.76 1035.9    165.73     3.60     4.01
INUVIK     031029 300  044000-044500   00     145.30 1035.9    166.39     4.00     4.42
INUVIK     031029 300  044500-045000   00     145.36 1035.9    166.48     4.10     4.52
INUVIK     031029 300  045000-045500   00     146.36 1036.0    167.66     4.80     5.22
INUVIK     031029 300  045500-050000   00     146.16 1036.0    167.46     4.70     5.13
INUVIK     031029 300  050000-050500   00     148.12 1036.0    169.74     6.10     6.53
INUVIK     031029 300  050500-051000   00     145.44 1036.0    166.71     4.20     4.63
INUVIK     031029 300  051000-051500   00     144.00 1036.1    165.10     3.20     3.64
INUVIK     031029 300  051500-052000   00     147.06 1036.1    168.65     5.40     5.84
INUVIK     031029 300  052000-052500   00     144.46 1036.1    165.71     3.60     4.04
INUVIK     031029 300  052500-053000   00     146.58 1036.2    168.19     5.10     5.55
INUVIK     031029 300  053000-053500   00     146.74 1036.2    168.41     5.30     5.75
INUVIK     031029 300  053500-054000   00     145.10 1036.2    166.57     4.10     4.55
INUVIK     031029 300  054000-054500   00     145.60 1036.3    167.18     4.50     4.96
INUVIK     031029 300  054500-055000   00     146.26 1036.3    167.98     5.00     5.46
INUVIK     031029 300  055000-055500   00     145.50 1036.3    167.15     4.50     4.96
INUVIK     031029 300  055500-060000   00     146.08 1036.4    167.86     4.90     5.37
INUVIK     031029 300  060000-060500   00     146.06 1036.4    167.88     4.90     5.37
INUVIK     031029 300  060500-061000   00     145.84 1036.4    167.67     4.80     5.27
INUVIK     031029 300  061000-061500   00     143.48 1036.5    164.99     3.10     3.58
INUVIK     031029 300  061500-062000   00     144.32 1036.5    166.00     3.80     4.28
INUVIK     031029 300  062000-062500   00     145.00 1036.5    166.82     4.30     4.78
INUVIK     031029 300  062500-063000   00     144.18 1036.6    165.92     3.70     4.19
INUVIK     031029 300  063000-063500   00     144.94 1036.6    166.84     4.30     4.79
INUVIK     031029 300  063500-064000   00     143.70 1036.6    165.45     3.40     3.89
INUVIK     031029 300  064000-064500   00     143.70 1036.7    165.49     3.40     3.90
INUVIK     031029 300  064500-065000   00     140.40 1036.7    161.73     1.10     1.60
INUVIK     031029 300  065000-065500   00     137.78 1036.7    158.75    -0.80    -0.30
INUVIK     031029 300  065500-070000   00     137.26 1036.8    158.19    -1.10    -0.59
INUVIK     031029 300  070000-070500   00     140.98 1036.8    162.52     1.60     2.11
INUVIK     031029 300  070500-071000   00     140.04 1036.9    161.49     0.90     1.41
INUVIK     031029 300  071000-071500   00     137.44 1036.9    158.54    -0.90    -0.38
INUVIK     031029 300  071500-072000   00     136.34 1036.9    157.32    -1.70    -1.18
INUVIK     031029 300  072000-072500   00     137.20 1037.0    158.36    -1.00    -0.48
INUVIK     031029 300  072500-073000   00     135.42 1037.0    156.36    -2.30    -1.77
INUVIK     031029 300  073000-073500   00     135.70 1037.1    156.73    -2.00    -1.47
INUVIK     031029 300  073500-074000   00     137.80 1037.1    159.20    -0.50     0.03
INUVIK     031029 300  074000-074500   00     137.62 1037.2    159.04    -0.60    -0.06
INUVIK     031029 300  074500-075000   00     137.16 1037.2    158.56    -0.90    -0.36
INUVIK     031029 300  075000-075500   00     136.66 1037.2    158.03    -1.20    -0.66
INUVIK     031029 300  075500-080000   00     136.48 1037.3    157.87    -1.30    -0.75
INUVIK     031029 300  080000-080500   00     138.52 1037.3    160.28     0.20     0.75
INUVIK     031029 300  080500-081000   00     137.80 1037.3    159.48    -0.30    -9999
INUVIK     031029 300  081000-081500   00     138.66 1037.4    160.52     0.30    -9999
INUVIK     031029 300  081500-082000   00     138.16 1037.4    159.98     0.00    -9999
INUVIK     031029 300  082000-082500   00     137.92 1037.4    159.74    -0.20    -9999
INUVIK     031029 300  082500-083000   00     137.40 1037.5    159.17    -0.50    -9999
INUVIK     031029 300  083000-083500   00     135.72 1037.5    157.27    -1.70    -9999
INUVIK     031029 300  083500-084000   00     137.34 1037.5    159.18    -0.50    -9999
INUVIK     031029 300  084000-084500   00     137.80 1037.6    159.76    -0.10    -9999
INUVIK     031029 300  084500-085000   00     139.02 1037.6    161.21     0.80    -9999
INUVIK     031029 300  085000-085500   00     136.56 1037.6    158.40    -1.00    -9999
INUVIK     031029 300  085500-090000   00     137.48 1037.7    159.50    -0.30    -9999
INUVIK     031029 300  090000-090500   00     133.28 1037.7    154.66    -3.30    -9999
INUVIK     031029 300  090500-091000   00     134.74 1037.7    156.36    -2.30    -9999
INUVIK     031029 300  091000-091500   00     134.08 1037.7    155.60    -2.70    -9999
INUVIK     031029 300  091500-092000   00     135.12 1037.7    156.82    -2.00    -9999
INUVIK     031029 300  092000-092500   00     134.74 1037.7    156.39    -2.30    -9999
INUVIK     031029 300  092500-093000   00     135.86 1037.7    157.70    -1.40    -9999
INUVIK     031029 300  093000-093500   00     133.98 1037.8    155.53    -2.80    -9999
INUVIK     031029 300  093500-094000   00     134.36 1037.8    155.98    -2.50    -9999
INUVIK     031029 300  094000-094500   00     134.40 1037.8    156.03    -2.50    -9999
INUVIK     031029 300  094500-095000   00     135.50 1037.8    157.32    -1.70    -9999
INUVIK     031029 300  095000-095500   00     135.42 1037.8    157.24    -1.70    -9999
INUVIK     031029 300  095500-100000   00     135.22 1037.8    157.02    -1.90    -9999
INUVIK     031029 300  100000-100500   00     136.74 1037.8    158.78    -0.80    -9999
INUVIK     031029 300  100500-101000   00     135.32 1037.8    157.11    -1.80    -9999
INUVIK     031029 300  101000-101500   00     136.38 1037.8    158.32    -1.00    -9999
INUVIK     031029 300  101500-102000   00     135.34 1037.7    157.09    -1.80    -9999
INUVIK     031029 300  102000-102500   00     134.40 1037.7    155.98    -2.50    -9999
INUVIK     031029 300  102500-103000   00     135.56 1037.7    157.31    -1.70    -9999
INUVIK     031029 300  103000-103500   00     132.96 1037.7    154.28    -3.60    -9999
INUVIK     031029 300  103500-104000   00     130.78 1037.7    151.73    -5.20    -9999
INUVIK     031029 300  104000-104500   00     131.60 1037.7    152.66    -4.60    -9999
INUVIK     031029 300  104500-105000   00     124.06 1037.6    143.89   -10.10    -9999
INUVIK     031029 300  105000-105500   00     120.66 1037.6    139.94   -12.50    -9999
INUVIK     031029 300  105500-110000   00     121.60 1037.6    141.01   -11.90    -9999
INUVIK     031029 300  110000-110500   00     120.98 1037.6    140.28   -12.30    -9999
INUVIK     031029 300  110500-111000   00     119.38 1037.6    138.42   -13.50    -9999
INUVIK     031029 300  111000-111500   00     117.72 1037.6    136.50   -14.70    -9999
INUVIK     031029 300  111500-112000   00     116.72 1037.6    135.34   -15.40    -9999
INUVIK     031029 300  112000-112500   00     118.24 1037.6    137.10   -14.30    -9999
INUVIK     031029 300  112500-113000   00     115.58 1037.6    134.02   -16.20    -9999
INUVIK     031029 300  113000-113500   00     116.80 1037.6    135.43   -15.40    -9999
INUVIK     031029 300  113500-114000   00     116.96 1037.6    135.62   -15.20    -9999
INUVIK     031029 300  114000-114500   00     117.66 1037.6    136.43   -14.70    -9999
INUVIK     031029 300  114500-115000   00     114.74 1037.6    133.04   -16.80    -9999
INUVIK     031029 300  115000-115500   00     116.00 1037.6    134.50   -15.90    -9999
INUVIK     031029 300  115500-120000   00     118.02 1037.6    136.85   -14.50    -9999
INUVIK     031029 3600 120000-130000   00     113.89 1037.6    132.06   -17.50    -9999
INUVIK     031029 3600 130000-140000   00     111.19 1037.5    128.83   -19.50    -9999
INUVIK     031029 3600 140000-150000   00     111.11 1037.6    128.83   -19.50    -9999
INUVIK     031029 3600 150000-160000   00     112.30 1037.8    130.41   -18.50    -9999
INUVIK     031029 3600 160000-170000   00     112.25 1037.8    130.35   -18.50    -9999
INUVIK     031029 3600 170000-180000   00     113.57 1037.6    131.68   -17.70    -9999
INUVIK     031029 3600 180000-190000   00     113.38 1037.5    131.37   -17.90    -9999
INUVIK     031029 3600 190000-200000   00     113.29 1037.2    130.97   -18.10    -9999
INUVIK     031029 3600 200000-210000   00     116.78 1036.7    134.51   -15.90    -9999
INUVIK     031029 3600 210000-220000   00     120.05 1036.2    137.76   -13.90    -9999
INUVIK     031029 3600 220000-230000   00     124.73 1036.1    143.03   -10.60    -9999
INUVIK     031029 3600 230000-240000   00     123.62 1036.0    141.66   -11.50    -9999
*
COMMENT    THE CLOCK OF REGISRATOR IS FAST ON+SEC (SLOW ON-SEC) IS 	
"COMMENT    SUPPORTING BY GPS OR INTERNETCLOCKSERVER;"	
COMMENT    PRE-INCREASE LEVEL VERIFIED AND CORRECTED (I.USOSKIN)	
COMMENT UNIVERISTY OF OULU: FILE GENERATED FROM DATABASE AND OBTAINED FROM
COMMENT https://gle.oulu.fi at 2023-04-03 12:51:18 +00:00
COMMENT FOR HISTORICAL/ORIGINAL TEXT FILES SEE https://gle.oulu.fi/txtarchive/
COMMENT ORIGINAL AT https://gle.oulu.fi/txtarchive/GLE65/C065INVK_cor.DAT
COMMENT DETRENDED DATA SHOW -9999 IF EQUAL TO INC% COLUMN 