POTCHEFSTR LATITUDE    -26.68    LONGITUDE     27.92     ALTITUDE    1351 M
POTCHEFSTR INSTRUMENT   12IGY    NEUTRON MONITOR     
POTCHEFSTR STANDARD PRESSURE    869.7   mb     COEFFICIENT   -0.743    % / mb
POTCHEFSTR PRE-INCREASE BASELINE TIME INTERVAL    031028    100000-110000   UT
POTCHEFSTR PRE-INCREASE AVERAGE COUNTING RATE     52.98      COUNTS PER SECOND
POTCHEFSTR TIME INTERVALS    300         3600     
POTCHEFSTR SCALE FACTORS     1           1        
STATION    YYMMDD  SEC   TIME (UT)   CODE    UNCORR. PRESS.    CORR.    % INC.	DETRENDED
                         INTERVAL    TD      C/S     (mb)      C/S
POTCHEFSTR 031027 3600 000000-010000   00      55.64  866.9     54.49     2.90    -9999
POTCHEFSTR 031027 3600 010000-020000   00      55.34  867.1     54.28     2.50    -9999
POTCHEFSTR 031027 3600 020000-030000   00      55.75  867.4     54.80     3.40    -9999
POTCHEFSTR 031027 3600 030000-040000   00      54.75  868.1     54.10     2.10    -9999
POTCHEFSTR 031027 3600 040000-050000   00      54.45  868.7     54.05     2.00    -9999
POTCHEFSTR 031027 3600 050000-060000   00      54.14  868.9     53.82     1.60    -9999
POTCHEFSTR 031027 3600 060000-070000   00      54.38  869.1     54.13     2.20    -9999
POTCHEFSTR 031027 3600 070000-080000   00      54.12  868.8     53.76     1.50    -9999
POTCHEFSTR 031027 3600 080000-090000   00      55.16  868.4     54.63     3.10    -9999
POTCHEFSTR 031027 3600 090000-100000   00      55.98  867.9     55.23     4.20    -9999
POTCHEFSTR 031027 3600 100000-110000   00      55.95  867.3     54.96     3.70    -9999
POTCHEFSTR 031027 3600 110000-120000   00      56.65  866.6     55.36     4.50    -9999
POTCHEFSTR 031027 3600 120000-130000   00      56.89  866.2     55.43     4.60    -9999
POTCHEFSTR 031027 3600 130000-140000   00      56.72  866.0     55.18     4.20    -9999
POTCHEFSTR 031027 3600 140000-150000   00      57.27  865.9     55.67     5.10    -9999
POTCHEFSTR 031027 3600 150000-160000   00      56.99  866.1     55.48     4.70    -9999
POTCHEFSTR 031027 3600 160000-170000   00      55.82  867.3     54.84     3.50    -9999
POTCHEFSTR 031027 3600 170000-180000   00      49.41  868.6     55.29     4.40    -9999
POTCHEFSTR 031027 3600 180000-190000   00      42.17  869.8     55.49     4.70    -9999
POTCHEFSTR 031027 3600 190000-200000   00      41.74  870.1     55.20     4.20    -9999
POTCHEFSTR 031027 3600 200000-210000   00      41.20  870.9     55.12     4.00    -9999
POTCHEFSTR 031027 3600 210000-220000   00      40.74  871.5     54.97     3.80    -9999
POTCHEFSTR 031027 3600 220000-230000   00      41.16  871.4     55.44     4.60    -9999
POTCHEFSTR 031027 3600 230000-240000   00      41.46  870.1     54.85     3.50    -9999
POTCHEFSTR 031028 3600 000000-010000   00    -999.00 -999.0   -999.00    -9999    -9999
POTCHEFSTR 031028 3600 010000-020000   00    -999.00 -999.0   -999.00    -9999    -9999
POTCHEFSTR 031028 3600 020000-030000   00    -999.00 -999.0   -999.00    -9999    -9999
POTCHEFSTR 031028 3600 030000-040000   00    -999.00 -999.0   -999.00    -9999    -9999
POTCHEFSTR 031028 3600 040000-050000   00    -999.00 -999.0   -999.00    -9999    -9999
POTCHEFSTR 031028 3600 050000-060000   00    -999.00 -999.0   -999.00    -9999    -9999
POTCHEFSTR 031028 3600 060000-070000   00    -999.00 -999.0   -999.00    -9999    -9999
POTCHEFSTR 031028 3600 070000-080000   00    -999.00 -999.0   -999.00    -9999    -9999
POTCHEFSTR 031028 3600 080000-090000   00      25.18  870.6   -999.00    -9999    -9999
POTCHEFSTR 031028 3600 090000-100000   00      52.95  870.2     53.15     0.30    -9999
POTCHEFSTR 031028 300  100000-100500   00      52.76  869.7     52.75    -0.40    -9999
POTCHEFSTR 031028 300  100500-101000   00      52.46  869.6     52.42    -1.10    -9999
POTCHEFSTR 031028 300  101000-101500   00      53.36  869.5     53.30     0.60    -9999
POTCHEFSTR 031028 300  101500-102000   00      52.91  869.5     52.82    -0.30    -9999
POTCHEFSTR 031028 300  102000-102500   00      53.51  869.4     53.39     0.80    -9999
POTCHEFSTR 031028 300  102500-103000   00      53.28  869.3     53.14     0.30    -9999
POTCHEFSTR 031028 300  103000-103500   00      53.28  869.3     53.11     0.20    -9999
POTCHEFSTR 031028 300  103500-104000   00      52.42  869.2     52.22    -1.40    -9999
POTCHEFSTR 031028 300  104000-104500   00      53.32  869.1     53.10     0.20    -9999
POTCHEFSTR 031028 300  104500-105000   00      53.51  869.1     53.26     0.50    -9999
POTCHEFSTR 031028 300  105000-105500   00      52.63  869.0     52.36    -1.20    -9999
POTCHEFSTR 031028 300  105500-110000   00      54.17  868.9     53.87     1.70    -9999
POTCHEFSTR 031028 300  110000-110500   00      52.78  868.9     52.46    -1.00    -9999
POTCHEFSTR 031028 300  110500-111000   00      53.93  868.8     53.57     1.10    -9999
POTCHEFSTR 031028 300  111000-111500   00      54.85  868.7     54.44     2.80    -9999
POTCHEFSTR 031028 300  111500-112000   00      54.04  868.6     53.60     1.20    -9999
POTCHEFSTR 031028 300  112000-112500   00      52.93  868.5     52.47    -1.00    -9999
POTCHEFSTR 031028 300  112500-113000   00      55.11  868.5     54.60     3.10    -9999
POTCHEFSTR 031028 300  113000-113500   00      54.29  868.4     53.76     1.50    -9999
POTCHEFSTR 031028 300  113500-114000   00      54.97  868.3     54.39     2.70    -9999
POTCHEFSTR 031028 300  114000-114500   00      53.14  868.2     52.56    -0.80    -9999
POTCHEFSTR 031028 300  114500-115000   00      54.86  868.1     54.22     2.30    -9999
POTCHEFSTR 031028 300  115000-115500   00      55.19  868.0     54.52     2.90    -9999
POTCHEFSTR 031028 300  115500-120000   00      54.27  868.0     53.57     1.10    -9999
POTCHEFSTR 031028 300  120000-120500   00      53.79  867.9     53.07     0.20    -9999
POTCHEFSTR 031028 300  120500-121000   00      54.39  867.9     53.65     1.30    -9999
POTCHEFSTR 031028 300  121000-121500   00      54.68  867.8     53.92     1.80    -9999
POTCHEFSTR 031028 300  121500-122000   00      54.88  867.8     54.11     2.10    -9999
POTCHEFSTR 031028 300  122000-122500   00      53.73  867.8     52.96     0.00    -9999
POTCHEFSTR 031028 300  122500-123000   00      54.56  867.7     53.76     1.50    -9999
POTCHEFSTR 031028 300  123000-123500   00      54.61  867.7     53.80     1.50    -9999
POTCHEFSTR 031028 300  123500-124000   00      53.54  867.7     52.74    -0.50    -9999
POTCHEFSTR 031028 300  124000-124500   00      55.38  867.6     54.53     2.90    -9999
POTCHEFSTR 031028 300  124500-125000   00      53.62  867.6     52.79    -0.40    -9999
POTCHEFSTR 031028 300  125000-125500   00      55.15  867.6     54.28     2.50    -9999
POTCHEFSTR 031028 300  125500-130000   00      54.06  867.5     53.19     0.40    -9999
POTCHEFSTR 031028 300  130000-130500   00      54.52  867.5     53.63     1.20    -9999
POTCHEFSTR 031028 300  130500-131000   00      53.12  867.5     52.26    -1.40    -9999
POTCHEFSTR 031028 300  131000-131500   00      55.35  867.5     54.44     2.80    -9999
POTCHEFSTR 031028 300  131500-132000   00      51.74  867.5     50.89    -3.90    -9999
POTCHEFSTR 031028 300  132000-132500   00      54.85  867.5     53.95     1.80    -9999
POTCHEFSTR 031028 300  132500-133000   00      55.16  867.5     54.25     2.40    -9999
POTCHEFSTR 031028 300  133000-133500   00      54.10  867.4     53.21     0.40    -9999
POTCHEFSTR 031028 300  133500-134000   00      54.23  867.4     53.33     0.70    -9999
POTCHEFSTR 031028 300  134000-134500   00      55.54  867.4     54.61     3.10    -9999
POTCHEFSTR 031028 300  134500-135000   00      54.91  867.4     53.99     1.90    -9999
POTCHEFSTR 031028 300  135000-135500   00      55.24  867.4     54.32     2.50    -9999
POTCHEFSTR 031028 300  135500-140000   00      53.89  867.4     52.98     0.00    -9999
POTCHEFSTR 031028 300  140000-140500   00      54.19  867.4     53.27     0.50    -9999
POTCHEFSTR 031028 300  140500-141000   00      53.99  867.5     53.10     0.20    -9999
POTCHEFSTR 031028 300  141000-141500   00      53.79  867.5     52.91    -0.10    -9999
POTCHEFSTR 031028 300  141500-142000   00      54.93  867.5     54.05     2.00    -9999
POTCHEFSTR 031028 300  142000-142500   00      53.31  867.6     52.48    -0.90    -9999
POTCHEFSTR 031028 300  142500-143000   00      52.90  867.6     52.09    -1.70    -9999
POTCHEFSTR 031028 300  143000-143500   00      53.95  867.7     53.14     0.30    -9999
POTCHEFSTR 031028 300  143500-144000   00      54.09  867.7     53.30     0.60    -9999
POTCHEFSTR 031028 300  144000-144500   00      53.89  867.8     53.12     0.30    -9999
POTCHEFSTR 031028 300  144500-145000   00      53.61  867.8     52.85    -0.20    -9999
POTCHEFSTR 031028 300  145000-145500   00      53.62  867.8     52.88    -0.20    -9999
POTCHEFSTR 031028 300  145500-150000   00      55.21  867.9     54.46     2.80    -9999
POTCHEFSTR 031028 300  150000-150500   00      54.48  867.9     53.76     1.50    -9999
POTCHEFSTR 031028 300  150500-151000   00      55.07  868.0     54.36     2.60    -9999
POTCHEFSTR 031028 300  151000-151500   00      52.39  868.0     51.74    -2.30    -9999
POTCHEFSTR 031028 300  151500-152000   00      55.17  868.1     54.51     2.90    -9999
POTCHEFSTR 031028 300  152000-152500   00      54.47  868.1     53.84     1.60    -9999
POTCHEFSTR 031028 300  152500-153000   00      54.60  868.2     53.99     1.90    -9999
POTCHEFSTR 031028 300  153000-153500   00      54.33  868.2     53.73     1.40    -9999
POTCHEFSTR 031028 300  153500-154000   00      54.19  868.3     53.62     1.20    -9999
POTCHEFSTR 031028 300  154000-154500   00      53.33  868.3     52.78    -0.40    -9999
POTCHEFSTR 031028 300  154500-155000   00      52.89  868.4     52.37    -1.20    -9999
POTCHEFSTR 031028 300  155000-155500   00      53.03  868.4     52.53    -0.80    -9999
POTCHEFSTR 031028 300  155500-160000   00      53.83  868.5     53.34     0.70    -9999
POTCHEFSTR 031028 300  160000-160500   00      53.99  868.5     53.52     1.00    -9999
POTCHEFSTR 031028 300  160500-161000   00      54.01  868.6     53.57     1.10    -9999
POTCHEFSTR 031028 300  161000-161500   00      53.76  868.7     53.34     0.70    -9999
POTCHEFSTR 031028 300  161500-162000   00      54.58  868.7     54.19     2.30    -9999
POTCHEFSTR 031028 300  162000-162500   00      54.11  868.8     53.75     1.50    -9999
POTCHEFSTR 031028 300  162500-163000   00      53.92  868.9     53.58     1.10    -9999
POTCHEFSTR 031028 300  163000-163500   00      52.75  868.9     52.45    -1.00    -9999
POTCHEFSTR 031028 300  163500-164000   00      53.55  869.0     53.27     0.50    -9999
POTCHEFSTR 031028 300  164000-164500   00      54.68  869.1     54.42     2.70    -9999
POTCHEFSTR 031028 300  164500-165000   00      52.59  869.1     52.37    -1.20    -9999
POTCHEFSTR 031028 300  165000-165500   00      53.80  869.2     53.60     1.20    -9999
POTCHEFSTR 031028 300  165500-170000   00      53.87  869.3     53.69     1.30    -9999
POTCHEFSTR 031028 300  170000-170500   00      53.37  869.3     53.22     0.50    -9999
POTCHEFSTR 031028 300  170500-171000   00      53.30  869.4     53.17     0.40    -9999
POTCHEFSTR 031028 300  171000-171500   00      53.56  869.4     53.45     0.90    -9999
POTCHEFSTR 031028 300  171500-172000   00      52.31  869.5     52.23    -1.40    -9999
POTCHEFSTR 031028 300  172000-172500   00      52.01  869.6     51.96    -1.90    -9999
POTCHEFSTR 031028 300  172500-173000   00      52.28  869.6     52.24    -1.40    -9999
POTCHEFSTR 031028 300  173000-173500   00      53.15  869.7     53.14     0.30    -9999
POTCHEFSTR 031028 300  173500-174000   00      51.81  869.7     51.82    -2.20    -9999
POTCHEFSTR 031028 300  174000-174500   00      52.55  869.8     52.58    -0.80    -9999
POTCHEFSTR 031028 300  174500-175000   00      53.47  869.8     53.53     1.00    -9999
POTCHEFSTR 031028 300  175000-175500   00      52.47  869.9     52.55    -0.80    -9999
POTCHEFSTR 031028 300  175500-180000   00      52.67  870.0     52.78    -0.40    -9999
POTCHEFSTR 031028 300  180000-180500   00      53.96  870.0     54.09     2.10    -9999
POTCHEFSTR 031028 300  180500-181000   00      53.94  870.0     54.07     2.10    -9999
POTCHEFSTR 031028 300  181000-181500   00      52.94  870.1     53.09     0.20    -9999
POTCHEFSTR 031028 300  181500-182000   00      52.68  870.1     52.84    -0.30    -9999
POTCHEFSTR 031028 300  182000-182500   00      53.42  870.1     53.60     1.20    -9999
POTCHEFSTR 031028 300  182500-183000   00      50.82  870.2     51.01    -3.70    -9999
POTCHEFSTR 031028 300  183000-183500   00      53.45  870.2     53.66     1.30    -9999
POTCHEFSTR 031028 300  183500-184000   00      51.77  870.2     51.98    -1.90    -9999
POTCHEFSTR 031028 300  184000-184500   00      51.91  870.3     52.13    -1.60    -9999
POTCHEFSTR 031028 300  184500-185000   00      50.84  870.3     51.07    -3.60    -9999
POTCHEFSTR 031028 300  185000-185500   00      53.13  870.3     53.38     0.80    -9999
POTCHEFSTR 031028 300  185500-190000   00      53.01  870.4     53.28     0.60    -9999
POTCHEFSTR 031028 300  190000-190500   00      52.18  870.4     52.45    -1.00    -9999
POTCHEFSTR 031028 300  190500-191000   00      51.79  870.4     52.07    -1.70    -9999
POTCHEFSTR 031028 300  191000-191500   00      52.35  870.5     52.65    -0.60    -9999
POTCHEFSTR 031028 300  191500-192000   00      51.75  870.5     52.06    -1.70    -9999
POTCHEFSTR 031028 300  192000-192500   00      52.46  870.5     52.77    -0.40    -9999
POTCHEFSTR 031028 300  192500-193000   00      52.63  870.5     52.95    -0.10    -9999
POTCHEFSTR 031028 300  193000-193500   00      51.77  870.6     52.10    -1.70    -9999
POTCHEFSTR 031028 300  193500-194000   00      51.37  870.6     51.71    -2.40    -9999
POTCHEFSTR 031028 300  194000-194500   00      52.53  870.6     52.89    -0.20    -9999
POTCHEFSTR 031028 300  194500-195000   00      52.89  870.6     53.26     0.50    -9999
POTCHEFSTR 031028 300  195000-195500   00      52.22  870.7     52.60    -0.70    -9999
POTCHEFSTR 031028 300  195500-200000   00      51.76  870.7     52.14    -1.60    -9999
POTCHEFSTR 031028 300  200000-200500   00      52.10  870.7     52.49    -0.90    -9999
POTCHEFSTR 031028 300  200500-201000   00      51.66  870.7     52.05    -1.80    -9999
POTCHEFSTR 031028 300  201000-201500   00      52.05  870.7     52.45    -1.00    -9999
POTCHEFSTR 031028 300  201500-202000   00      50.89  870.8     51.29    -3.20    -9999
POTCHEFSTR 031028 300  202000-202500   00      51.98  870.8     52.40    -1.10    -9999
POTCHEFSTR 031028 300  202500-203000   00      50.45  870.8     50.87    -4.00    -9999
POTCHEFSTR 031028 300  203000-203500   00      52.16  870.8     52.59    -0.70    -9999
POTCHEFSTR 031028 300  203500-204000   00      51.27  870.8     51.70    -2.40    -9999
POTCHEFSTR 031028 300  204000-204500   00      52.79  870.8     53.24     0.50    -9999
POTCHEFSTR 031028 300  204500-205000   00      51.61  870.9     52.05    -1.80    -9999
POTCHEFSTR 031028 300  205000-205500   00      51.75  870.9     52.20    -1.50    -9999
POTCHEFSTR 031028 300  205500-210000   00      52.59  870.9     53.06     0.20    -9999
POTCHEFSTR 031028 300  210000-210500   00      52.64  870.9     53.11     0.20    -9999
POTCHEFSTR 031028 300  210500-211000   00      52.27  870.9     52.74    -0.50    -9999
POTCHEFSTR 031028 300  211000-211500   00      51.72  870.9     52.18    -1.50    -9999
POTCHEFSTR 031028 300  211500-212000   00      52.18  870.9     51.64    -2.50    -9999
POTCHEFSTR 031028 300  212000-212500   00    -999.00  551.6   -999.00    -9999    -9999
POTCHEFSTR 031028 300  212500-213000   00    -999.00  479.0   -999.00    -9999    -9999
POTCHEFSTR 031028 300  213000-213500   00    -999.00  406.4   -999.00    -9999    -9999
POTCHEFSTR 031028 300  213500-214000   00    -999.00  333.8   -999.00    -9999    -9999
POTCHEFSTR 031028 300  214000-214500   00    -999.00  261.3   -999.00    -9999    -9999
POTCHEFSTR 031028 300  214500-215000   00    -999.00  188.7   -999.00    -9999    -9999
POTCHEFSTR 031028 300  215000-215500   00    -999.00  116.1   -999.00    -9999    -9999
POTCHEFSTR 031028 300  215500-220000   00    -999.00   43.5   -999.00    -9999    -9999
POTCHEFSTR 031028 300  220000-220500   00    -999.00 -999.0   -999.00    -9999    -9999
POTCHEFSTR 031028 300  220500-221000   00    -999.00 -999.0   -999.00    -9999    -9999
POTCHEFSTR 031028 300  221000-221500   00    -999.00 -999.0   -999.00    -9999    -9999
POTCHEFSTR 031028 300  221500-222000   00    -999.00 -999.0   -999.00    -9999    -9999
POTCHEFSTR 031028 300  222000-222500   00    -999.00 -999.0   -999.00    -9999    -9999
POTCHEFSTR 031028 300  222500-223000   00    -999.00 -999.0   -999.00    -9999    -9999
POTCHEFSTR 031028 300  223000-223500   00    -999.00 -999.0   -999.00    -9999    -9999
POTCHEFSTR 031028 300  223500-224000   00    -999.00 -999.0   -999.00    -9999    -9999
POTCHEFSTR 031028 300  224000-224500   00    -999.00 -999.0   -999.00    -9999    -9999
POTCHEFSTR 031028 300  224500-225000   00    -999.00 -999.0   -999.00    -9999    -9999
POTCHEFSTR 031028 300  225000-225500   00    -999.00 -999.0   -999.00    -9999    -9999
POTCHEFSTR 031028 300  225500-230000   00    -999.00 -999.0   -999.00    -9999    -9999
POTCHEFSTR 031028 300  230000-230500   00    -999.00   29.0   -999.00    -9999    -9999
POTCHEFSTR 031028 300  230500-231000   00    -999.00  101.6   -999.00    -9999    -9999
POTCHEFSTR 031028 300  231000-231500   00    -999.00  174.2   -999.00    -9999    -9999
POTCHEFSTR 031028 300  231500-232000   00    -999.00  246.8   -999.00    -9999    -9999
POTCHEFSTR 031028 300  232000-232500   00    -999.00  319.4   -999.00    -9999    -9999
POTCHEFSTR 031028 300  232500-233000   00    -999.00  392.0   -999.00    -9999    -9999
POTCHEFSTR 031028 300  233000-233500   00    -999.00  464.5   -999.00    -9999    -9999
POTCHEFSTR 031028 300  233500-234000   00    -999.00  537.1   -999.00    -9999    -9999
POTCHEFSTR 031028 300  234000-234500   00    -999.00  609.7   -999.00    -9999    -9999
POTCHEFSTR 031028 300  234500-235000   00    -999.00  682.3   -999.00    -9999    -9999
POTCHEFSTR 031028 300  235000-235500   00    -999.00  754.9   -999.00    -9999    -9999
POTCHEFSTR 031028 300  235500-240000   00    -999.00  827.5   -999.00    -9999    -9999
POTCHEFSTR 031029 300  000000-000500   00      52.40  871.0     52.91    -0.10    -9999
POTCHEFSTR 031029 300  000500-001000   00      52.10  871.0     52.60    -0.70    -9999
POTCHEFSTR 031029 300  001000-001500   00      51.84  871.0     52.34    -1.20    -9999
POTCHEFSTR 031029 300  001500-002000   00      51.60  871.0     52.09    -1.70    -9999
POTCHEFSTR 031029 300  002000-002500   00      51.68  871.0     52.17    -1.50    -9999
POTCHEFSTR 031029 300  002500-003000   00      51.96  871.0     52.45    -1.00    -9999
POTCHEFSTR 031029 300  003000-003500   00      52.91  870.9     53.40     0.80    -9999
POTCHEFSTR 031029 300  003500-004000   00      53.47  870.9     53.97     1.90    -9999
POTCHEFSTR 031029 300  004000-004500   00      51.57  870.9     52.04    -1.80    -9999
POTCHEFSTR 031029 300  004500-005000   00      51.75  870.9     52.22    -1.40    -9999
POTCHEFSTR 031029 300  005000-005500   00      52.90  870.9     53.37     0.70    -9999
POTCHEFSTR 031029 300  005500-010000   00      51.96  870.9     52.43    -1.00    -9999
POTCHEFSTR 031029 300  010000-010500   00      51.44  870.9     51.91    -2.00    -9999
POTCHEFSTR 031029 300  010500-011000   00      50.93  870.9     51.39    -3.00    -9999
POTCHEFSTR 031029 300  011000-011500   00      51.99  870.9     52.47    -1.00    -9999
POTCHEFSTR 031029 300  011500-012000   00      51.23  871.0     51.71    -2.40    -9999
POTCHEFSTR 031029 300  012000-012500   00      51.50  871.0     51.99    -1.90    -9999
POTCHEFSTR 031029 300  012500-013000   00      51.09  871.0     51.59    -2.60    -9999
POTCHEFSTR 031029 300  013000-013500   00      51.58  871.0     52.08    -1.70    -9999
POTCHEFSTR 031029 300  013500-014000   00      53.13  871.0     53.65     1.30    -9999
POTCHEFSTR 031029 300  014000-014500   00      53.42  871.0     53.95     1.80    -9999
POTCHEFSTR 031029 300  014500-015000   00      51.65  871.1     52.18    -1.50    -9999
POTCHEFSTR 031029 300  015000-015500   00      52.96  871.1     53.50     1.00    -9999
POTCHEFSTR 031029 300  015500-020000   00      52.53  871.1     53.08     0.20    -9999
POTCHEFSTR 031029 300  020000-020500   00      52.29  871.1     52.85    -0.20    -9999
POTCHEFSTR 031029 300  020500-021000   00      51.03  871.2     51.59    -2.60    -9999
POTCHEFSTR 031029 300  021000-021500   00      52.72  871.2     53.32     0.60    -9999
POTCHEFSTR 031029 300  021500-022000   00      52.51  871.3     53.13     0.30    -9999
POTCHEFSTR 031029 300  022000-022500   00      53.11  871.3     53.75     1.50    -9999
POTCHEFSTR 031029 300  022500-023000   00      52.23  871.4     52.88    -0.20    -9999
POTCHEFSTR 031029 300  023000-023500   00      52.59  871.4     53.26     0.50    -9999
POTCHEFSTR 031029 300  023500-024000   00      52.14  871.5     52.83    -0.30    -9999
POTCHEFSTR 031029 300  024000-024500   00      52.30  871.5     53.02     0.10    -9999
POTCHEFSTR 031029 300  024500-025000   00      52.02  871.6     52.75    -0.40    -9999
POTCHEFSTR 031029 300  025000-025500   00      52.12  871.6     52.87    -0.20    -9999
POTCHEFSTR 031029 300  025500-030000   00      53.87  871.7     54.66     3.20    -9999
POTCHEFSTR 031029 300  030000-030500   00      51.96  871.7     52.74    -0.50    -9999
POTCHEFSTR 031029 300  030500-031000   00      52.74  871.7     53.54     1.10    -9999
POTCHEFSTR 031029 300  031000-031500   00      53.50  871.7     54.30     2.50    -9999
POTCHEFSTR 031029 300  031500-032000   00      52.61  871.7     53.41     0.80    -9999
POTCHEFSTR 031029 300  032000-032500   00      52.30  871.7     53.09     0.20    -9999
POTCHEFSTR 031029 300  032500-033000   00      52.06  871.7     52.85    -0.20    -9999
POTCHEFSTR 031029 300  033000-033500   00      51.48  871.8     52.26    -1.40    -9999
POTCHEFSTR 031029 300  033500-034000   00      52.75  871.8     53.56     1.10    -9999
POTCHEFSTR 031029 300  034000-034500   00      51.52  871.8     52.32    -1.20    -9999
POTCHEFSTR 031029 300  034500-035000   00      50.68  871.8     51.47    -2.90    -9999
POTCHEFSTR 031029 300  035000-035500   00      52.48  871.8     53.30     0.60    -9999
POTCHEFSTR 031029 300  035500-040000   00      50.99  871.8     51.79    -2.20    -9999
POTCHEFSTR 031029 300  040000-040500   00      51.93  871.8     52.74    -0.50    -9999
POTCHEFSTR 031029 300  040500-041000   00      51.16  871.8     51.97    -1.90    -9999
POTCHEFSTR 031029 300  041000-041500   00      51.97  871.8     52.78    -0.40    -9999
POTCHEFSTR 031029 300  041500-042000   00      51.68  871.8     52.49    -0.90    -9999
POTCHEFSTR 031029 300  042000-042500   00      49.55  871.8     50.33    -5.00    -9999
POTCHEFSTR 031029 300  042500-043000   00      53.41  871.8     54.25     2.40    -9999
POTCHEFSTR 031029 300  043000-043500   00      53.15  871.8     53.99     1.90    -9999
POTCHEFSTR 031029 300  043500-044000   00      51.45  871.8     52.26    -1.40    -9999
POTCHEFSTR 031029 300  044000-044500   00      52.05  871.8     52.87    -0.20    -9999
POTCHEFSTR 031029 300  044500-045000   00      53.09  871.8     53.92     1.80    -9999
POTCHEFSTR 031029 300  045000-045500   00      51.73  871.8     52.55    -0.80    -9999
POTCHEFSTR 031029 300  045500-050000   00      53.25  871.8     54.09     2.10    -9999
POTCHEFSTR 031029 300  050000-050500   00      52.60  871.8     53.43     0.80    -9999
POTCHEFSTR 031029 300  050500-051000   00      51.84  871.8     52.66    -0.60    -9999
POTCHEFSTR 031029 300  051000-051500   00      51.41  871.8     52.21    -1.50    -9999
POTCHEFSTR 031029 300  051500-052000   00      53.13  871.8     53.96     1.80    -9999
POTCHEFSTR 031029 300  052000-052500   00      53.20  871.8     54.03     2.00    -9999
POTCHEFSTR 031029 300  052500-053000   00      52.95  871.8     53.77     1.50    -9999
POTCHEFSTR 031029 300  053000-053500   00      51.14  871.7     51.93    -2.00    -9999
POTCHEFSTR 031029 300  053500-054000   00      54.26  871.7     55.09     4.00    -9999
POTCHEFSTR 031029 300  054000-054500   00      52.09  871.7     52.88    -0.20    -9999
POTCHEFSTR 031029 300  054500-055000   00      53.48  871.7     54.29     2.50    -9999
POTCHEFSTR 031029 300  055000-055500   00      53.63  871.7     54.43     2.70    -9999
POTCHEFSTR 031029 300  055500-060000   00      52.93  871.7     53.72     1.40    -9999
POTCHEFSTR 031029 300  060000-060500   00      53.86  871.7     54.67     3.20    -9999
POTCHEFSTR 031029 300  060500-061000   00      52.05  871.7     52.84    -0.30    -9999
POTCHEFSTR 031029 300  061000-061500   00      42.70  871.7     43.35   -18.20    -9999
POTCHEFSTR 031029 300  061500-062000   00    -999.00  871.7   -999.00    -9999    -9999
POTCHEFSTR 031029 300  062000-062500   00    -999.00  871.7   -999.00    -9999    -9999
POTCHEFSTR 031029 300  062500-063000   00      51.63  871.7     52.42    -1.10    -9999
POTCHEFSTR 031029 300  063000-063500   00      52.44  871.8     53.24     0.50    -9999
POTCHEFSTR 031029 300  063500-064000   00      51.33  871.8     52.12    -1.60    -9999
POTCHEFSTR 031029 300  064000-064500   00      50.96  871.8     51.75    -2.30    -9999
POTCHEFSTR 031029 300  064500-065000   00      51.42  871.8     52.22    -1.40    -9999
POTCHEFSTR 031029 300  065000-065500   00      50.78  871.8     51.57    -2.70    -9999
POTCHEFSTR 031029 300  065500-070000   00      52.47  871.8     53.29     0.60    -9999
POTCHEFSTR 031029 300  070000-070500   00      52.33  871.8     53.14     0.30    -9999
POTCHEFSTR 031029 300  070500-071000   00      52.21  871.7     53.00     0.00    -9999
POTCHEFSTR 031029 300  071000-071500   00      52.43  871.7     53.20     0.40    -9999
POTCHEFSTR 031029 300  071500-072000   00      52.40  871.6     53.14     0.30    -9999
POTCHEFSTR 031029 300  072000-072500   00      51.95  871.5     52.66    -0.60    -9999
POTCHEFSTR 031029 300  072500-073000   00      51.82  871.5     52.52    -0.90    -9999
POTCHEFSTR 031029 300  073000-073500   00      51.91  871.4     52.58    -0.80    -9999
POTCHEFSTR 031029 300  073500-074000   00      51.70  871.4     52.34    -1.20    -9999
POTCHEFSTR 031029 300  074000-074500   00      51.02  871.3     51.64    -2.50    -9999
POTCHEFSTR 031029 300  074500-075000   00      52.47  871.3     53.07     0.20    -9999
POTCHEFSTR 031029 300  075000-075500   00      50.06  871.2     50.62    -4.50    -9999
POTCHEFSTR 031029 300  075500-080000   00      51.21  871.1     51.76    -2.30    -9999
POTCHEFSTR 031029 300  080000-080500   00      51.49  871.1     52.02    -1.80    -9999
POTCHEFSTR 031029 300  080500-081000   00      53.07  871.0     53.60     1.20    -9999
POTCHEFSTR 031029 300  081000-081500   00      51.44  871.0     51.93    -2.00    -9999
POTCHEFSTR 031029 300  081500-082000   00      51.48  870.9     51.95    -1.90    -9999
POTCHEFSTR 031029 300  082000-082500   00      51.50  870.9     51.96    -1.90    -9999
POTCHEFSTR 031029 300  082500-083000   00      50.55  870.8     50.97    -3.80    -9999
POTCHEFSTR 031029 300  083000-083500   00      51.82  870.8     52.24    -1.40    -9999
POTCHEFSTR 031029 300  083500-084000   00      52.89  870.7     53.30     0.60    -9999
POTCHEFSTR 031029 300  084000-084500   00      51.79  870.7     52.17    -1.50    -9999
POTCHEFSTR 031029 300  084500-085000   00      51.96  870.6     52.32    -1.20    -9999
POTCHEFSTR 031029 300  085000-085500   00      51.89  870.6     52.23    -1.40    -9999
POTCHEFSTR 031029 300  085500-090000   00      52.54  870.5     52.87    -0.20    -9999
POTCHEFSTR 031029 300  090000-090500   00      52.71  870.5     53.02     0.10    -9999
POTCHEFSTR 031029 300  090500-091000   00      50.84  870.4     51.11    -3.50    -9999
POTCHEFSTR 031029 300  091000-091500   00      51.39  870.4     51.64    -2.50    -9999
POTCHEFSTR 031029 300  091500-092000   00      52.84  870.3     53.08     0.20    -9999
POTCHEFSTR 031029 300  092000-092500   00      53.09  870.2     53.31     0.60    -9999
POTCHEFSTR 031029 300  092500-093000   00      52.22  870.2     52.41    -1.10    -9999
POTCHEFSTR 031029 300  093000-093500   00      51.83  870.1     52.00    -1.80    -9999
POTCHEFSTR 031029 300  093500-094000   00      50.78  870.1     50.92    -3.90    -9999
POTCHEFSTR 031029 300  094000-094500   00      51.93  870.0     52.05    -1.80    -9999
POTCHEFSTR 031029 300  094500-095000   00      50.48  870.0     50.57    -4.50    -9999
POTCHEFSTR 031029 300  095000-095500   00      51.15  869.9     51.23    -3.30    -9999
POTCHEFSTR 031029 300  095500-100000   00      51.58  869.8     51.63    -2.50    -9999
POTCHEFSTR 031029 300  100000-100500   00      51.62  869.8     51.65    -2.50    -9999
POTCHEFSTR 031029 300  100500-101000   00      51.28  869.7     51.28    -3.20    -9999
POTCHEFSTR 031029 300  101000-101500   00      51.24  869.6     51.21    -3.30    -9999
POTCHEFSTR 031029 300  101500-102000   00      50.02  869.5     49.97    -5.70    -9999
POTCHEFSTR 031029 300  102000-102500   00      51.83  869.5     51.74    -2.30    -9999
POTCHEFSTR 031029 300  102500-103000   00      51.49  869.4     51.37    -3.00    -9999
POTCHEFSTR 031029 300  103000-103500   00      52.22  869.3     52.07    -1.70    -9999
POTCHEFSTR 031029 300  103500-104000   00      50.59  869.2     50.43    -4.80    -9999
POTCHEFSTR 031029 300  104000-104500   00      49.95  869.2     49.76    -6.10    -9999
POTCHEFSTR 031029 300  104500-105000   00      52.71  869.1     52.47    -1.00    -9999
POTCHEFSTR 031029 300  105000-105500   00      50.38  869.0     50.13    -5.40    -9999
POTCHEFSTR 031029 300  105500-110000   00      49.74  868.9     49.46    -6.60    -9999
POTCHEFSTR 031029 300  110000-110500   00      50.25  868.9     49.95    -5.70    -9999
POTCHEFSTR 031029 300  110500-111000   00      50.28  868.9     49.98    -5.70    -9999
POTCHEFSTR 031029 300  111000-111500   00      49.19  868.9     48.90    -7.70    -9999
POTCHEFSTR 031029 300  111500-112000   00      49.31  868.9     49.02    -7.50    -9999
POTCHEFSTR 031029 300  112000-112500   00      50.53  868.9     50.23    -5.20    -9999
POTCHEFSTR 031029 300  112500-113000   00      49.64  868.9     49.34    -6.90    -9999
POTCHEFSTR 031029 300  113000-113500   00      51.19  868.9     50.89    -3.90    -9999
POTCHEFSTR 031029 300  113500-114000   00      51.17  868.9     50.87    -4.00    -9999
POTCHEFSTR 031029 300  114000-114500   00      50.93  868.9     50.62    -4.50    -9999
POTCHEFSTR 031029 300  114500-115000   00      51.14  868.9     50.84    -4.00    -9999
POTCHEFSTR 031029 300  115000-115500   00      50.22  868.9     49.92    -5.80    -9999
POTCHEFSTR 031029 300  115500-120000   00      49.42  868.9     49.13    -7.30    -9999
POTCHEFSTR 031029 3600 120000-130000   00      49.46  867.9     48.80    -7.90    -9999
POTCHEFSTR 031029 3600 130000-140000   00      47.94  867.4     47.13   -11.00    -9999
POTCHEFSTR 031029 3600 140000-150000   00      46.57  867.2     45.71   -13.70    -9999
POTCHEFSTR 031029 3600 150000-160000   00      46.09  867.4     45.31   -14.50    -9999
POTCHEFSTR 031029 3600 160000-170000   00      46.17  867.9     45.56   -14.00    -9999
POTCHEFSTR 031029 3600 170000-180000   00      44.75  868.4     44.32   -16.30    -9999
POTCHEFSTR 031029 3600 180000-190000   00      45.84  869.1     45.64   -13.90    -9999
POTCHEFSTR 031029 3600 190000-200000   00      46.78  869.8     46.81   -11.60    -9999
POTCHEFSTR 031029 3600 200000-210000   00      46.26  869.9     46.32   -12.60    -9999
POTCHEFSTR 031029 3600 210000-220000   00      46.32  869.7     46.32   -12.60    -9999
POTCHEFSTR 031029 3600 220000-230000   00      46.84  869.1     46.64   -12.00    -9999
POTCHEFSTR 031029 3600 230000-240000   00      47.77  868.8     47.45   -10.40    -9999
*
COMMENT    THE CLOCK OF REGISRATOR IS FAST ON+SEC (SLOW ON-SEC) IS 
COMMENT    SUPPORTING BY GPS OR INTERNETCLOCKSERVER;
COMMENT    PRE-INCREASE LEVEL VERIFIED AND CORRECTED (I.USOSKIN)
COMMENT UNIVERISTY OF OULU: FILE GENERATED FROM DATABASE AND OBTAINED FROM
COMMENT https://gle.oulu.fi at 2023-04-03 12:51:18 +00:00
COMMENT FOR HISTORICAL/ORIGINAL TEXT FILES SEE https://gle.oulu.fi/txtarchive/
COMMENT ORIGINAL AT https://gle.oulu.fi/txtarchive/GLE65/C065PTFM.DAT
COMMENT DETRENDED DATA SHOW -9999 IF EQUAL TO INC% COLUMN 