ROME       LATITUDE    41.86     LONGITUDE     12.47     ALTITUDE    0 M
ROME       INSTRUMENT   17-NM-64  NEUTRON MONITOR
ROME       STANDARD PRESSURE    1009.25 mb     COEFFICIENT   -0.698    % / mb
ROME       PRE-INCREASE BASELINE TIME INTERVAL    031028    100000-110000   UT
ROME       PRE-INCREASE AVERAGE COUNTING RATE    119.20      COUNTS PER SECOND
ROME       TIME INTERVALS    300         3600     
ROME       SCALE FACTORS     1           1        
STATION    YYMMDD  SEC   TIME (UT)   CODE    UNCORR. PRESS.    CORR.    % INC.	DETRENDED
                         INTERVAL    TD      C/S     (mb)      C/S
ROME       031027 3600 000000-010000   00     123.75 1004.6    119.76     0.50    -9999
ROME       031027 3600 010000-020000   00     124.37 1004.0    119.92     0.60    -9999
ROME       031027 3600 020000-030000   00     125.11 1003.7    120.36     1.00    -9999
ROME       031027 3600 030000-040000   00     125.07 1003.9    120.49     1.10    -9999
ROME       031027 3600 040000-050000   00     125.24 1004.3    120.95     1.50    -9999
ROME       031027 3600 050000-060000   00     124.67 1004.8    120.90     1.40    -9999
ROME       031027 3600 060000-070000   00     123.50 1006.3    120.96     1.50    -9999
ROME       031027 3600 070000-080000   00     122.19 1008.1    121.17     1.70    -9999
ROME       031027 3600 080000-090000   00     121.38 1009.5    121.56     2.00    -9999
ROME       031027 3600 090000-100000   00     120.93 1010.4    121.89     2.30    -9999
ROME       031027 3600 100000-110000   00     120.22 1010.9    121.61     2.00    -9999
ROME       031027 3600 110000-120000   00     120.13 1011.1    121.68     2.10    -9999
ROME       031027 3600 120000-130000   00     119.89 1011.3    121.57     2.00    -9999
ROME       031027 3600 130000-140000   00     120.26 1011.7    122.32     2.60    -9999
ROME       031027 3600 140000-150000   00     119.34 1012.1    121.78     2.20    -9999
ROME       031027 3600 150000-160000   00     119.28 1012.6    122.13     2.50    -9999
ROME       031027 3600 160000-170000   00     118.46 1013.4    121.96     2.30    -9999
ROME       031027 3600 170000-180000   00     117.90 1014.0    121.90     2.30    -9999
ROME       031027 3600 180000-190000   00     117.10 1015.3    122.12     2.50    -9999
ROME       031027 3600 190000-200000   00     116.19 1015.8    121.61     2.00    -9999
ROME       031027 3600 200000-210000   00     115.63 1015.8    120.99     1.50    -9999
ROME       031027 3600 210000-220000   00     115.69 1016.3    121.55     2.00    -9999
ROME       031027 3600 220000-230000   00     115.01 1016.6    121.07     1.60    -9999
ROME       031027 3600 230000-240000   00     113.89 1016.8    120.03     0.70    -9999
ROME       031028 3600 000000-010000   00     112.91 1016.8    119.03    -0.10    -9999
ROME       031028 3600 010000-020000   00     111.73 1017.0    117.94    -1.10    -9999
ROME       031028 3600 020000-030000   00     110.91 1017.1    117.14    -1.70    -9999
ROME       031028 3600 030000-040000   00     110.86 1017.3    117.24    -1.60    -9999
ROME       031028 3600 040000-050000   00     111.17 1017.4    117.70    -1.30    -9999
ROME       031028 3600 050000-060000   00     111.79 1017.6    118.48    -0.60    -9999
ROME       031028 3600 060000-070000   00     111.72 1018.1    118.87    -0.30    -9999
ROME       031028 3600 070000-080000   00     112.93 1018.3    120.30     0.90    -9999
ROME       031028 3600 080000-090000   00     113.94 1018.2    121.31     1.80    -9999
ROME       031028 3600 090000-100000   00     113.12 1018.4    120.57     1.10    -9999
ROME       031028 300  100000-100500   00     111.67 1018.3    118.94    -0.20    -9999
ROME       031028 300  100500-101000   00     111.90 1018.3    119.22     0.00    -9999
ROME       031028 300  101000-101500   00     113.73 1018.4    121.25     1.70    -9999
ROME       031028 300  101500-102000   00     110.20 1018.4    117.49    -1.40    -9999
ROME       031028 300  102000-102500   00     112.60 1018.3    119.96     0.60    -9999
ROME       031028 300  102500-103000   00     111.37 1018.3    118.59    -0.50    -9999
ROME       031028 300  103000-103500   00     111.60 1018.2    118.77    -0.40    -9999
ROME       031028 300  103500-104000   00     112.83 1018.1    120.00     0.70    -9999
ROME       031028 300  104000-104500   00     111.97 1018.0    119.00    -0.20    -9999
ROME       031028 300  104500-105000   00     111.13 1018.0    118.09    -0.90    -9999
ROME       031028 300  105000-105500   00     111.30 1018.0    118.28    -0.80    -9999
ROME       031028 300  105500-110000   00     113.90 1018.0    121.02     1.50    -9999
ROME       031028 300  110000-110500   00     114.10 1017.9    121.17     1.70    -9999
ROME       031028 300  110500-111000   00     113.90 1017.8    120.85     1.40    -9999
ROME       031028 300  111000-111500   00     113.53 1017.6    120.35     1.00    -9999
ROME       031028 300  111500-112000   00     112.43 1017.5    119.09    -0.10    -9999
ROME       031028 300  112000-112500   00     112.20 1017.5    118.83    -0.30    -9999
ROME       031028 300  112500-113000   00     111.77 1017.6    118.48    -0.60    -9999
ROME       031028 300  113000-113500   00     111.60 1017.8    118.43    -0.60    -9999
ROME       031028 300  113500-114000   00     111.23 1017.8    118.07    -0.90    -9999
ROME       031028 300  114000-114500   00     112.63 1017.8    119.54     0.30    -9999
ROME       031028 300  114500-115000   00     114.50 1017.8    121.50     1.90    -9999
ROME       031028 300  115000-115500   00     112.20 1017.7    119.02    -0.20    -9999
ROME       031028 300  115500-120000   00     114.00 1017.7    120.88     1.40    -9999
ROME       031028 300  120000-120500   00     112.77 1017.5    119.46     0.20    -9999
ROME       031028 300  120500-121000   00     113.07 1017.4    119.66     0.40    -9999
ROME       031028 300  121000-121500   00     111.80 1017.3    118.29    -0.80    -9999
ROME       031028 300  121500-122000   00     112.77 1017.4    119.33     0.10    -9999
ROME       031028 300  122000-122500   00     114.27 1017.4    120.91     1.40    -9999
ROME       031028 300  122500-123000   00     112.77 1017.4    119.32     0.10    -9999
ROME       031028 300  123000-123500   00     114.87 1017.4    121.58     2.00    -9999
ROME       031028 300  123500-124000   00     111.27 1017.4    117.80    -1.20    -9999
ROME       031028 300  124000-124500   00     113.40 1017.4    120.07     0.70    -9999
ROME       031028 300  124500-125000   00     112.33 1017.4    118.91    -0.20    -9999
ROME       031028 300  125000-125500   00     112.73 1017.4    119.35     0.10    -9999
ROME       031028 300  125500-130000   00     112.07 1017.5    118.71    -0.40    -9999
ROME       031028 300  130000-130500   00     112.27 1017.6    119.01    -0.20    -9999
ROME       031028 300  130500-131000   00     111.83 1017.7    118.65    -0.50    -9999
ROME       031028 300  131000-131500   00     112.77 1017.8    119.70     0.40    -9999
ROME       031028 300  131500-132000   00     111.70 1017.8    118.56    -0.50    -9999
ROME       031028 300  132000-132500   00     111.37 1017.8    118.17    -0.90    -9999
ROME       031028 300  132500-133000   00     112.33 1017.7    119.13    -0.10    -9999
ROME       031028 300  133000-133500   00     111.70 1017.6    118.38    -0.70    -9999
ROME       031028 300  133500-134000   00     111.30 1017.5    117.86    -1.10    -9999
ROME       031028 300  134000-134500   00     112.20 1017.4    118.72    -0.40    -9999
ROME       031028 300  134500-135000   00     113.63 1017.3    120.16     0.80    -9999
ROME       031028 300  135000-135500   00     113.17 1017.2    119.63     0.40    -9999
ROME       031028 300  135500-140000   00     113.80 1017.2    120.28     0.90    -9999
ROME       031028 300  140000-140500   00     113.77 1017.1    120.19     0.80    -9999
ROME       031028 300  140500-141000   00     111.07 1017.1    117.33    -1.60    -9999
ROME       031028 300  141000-141500   00     112.17 1017.2    118.53    -0.60    -9999
ROME       031028 300  141500-142000   00     112.63 1017.2    119.03    -0.10    -9999
ROME       031028 300  142000-142500   00     111.30 1017.2    117.60    -1.30    -9999
ROME       031028 300  142500-143000   00     112.37 1017.2    118.74    -0.40    -9999
ROME       031028 300  143000-143500   00     113.93 1017.1    120.34     1.00    -9999
ROME       031028 300  143500-144000   00     112.63 1016.9    118.84    -0.30    -9999
ROME       031028 300  144000-144500   00     111.60 1016.8    117.63    -1.30    -9999
ROME       031028 300  144500-145000   00     111.33 1016.6    117.19    -1.70    -9999
ROME       031028 300  145000-145500   00     111.60 1016.5    117.38    -1.50    -9999
ROME       031028 300  145500-150000   00     111.20 1016.5    116.97    -1.90    -9999
ROME       031028 300  150000-150500   00     114.50 1016.4    120.38     1.00    -9999
ROME       031028 300  150500-151000   00     113.47 1016.3    119.21     0.00    -9999
ROME       031028 300  151000-151500   00     114.47 1016.3    120.24     0.90    -9999
ROME       031028 300  151500-152000   00     114.87 1016.3    120.69     1.30    -9999
ROME       031028 300  152000-152500   00     112.87 1016.3    118.54    -0.60    -9999
ROME       031028 300  152500-153000   00     112.87 1016.2    118.46    -0.60    -9999
ROME       031028 300  153000-153500   00     113.00 1016.1    118.56    -0.50    -9999
ROME       031028 300  153500-154000   00     112.97 1016.0    118.45    -0.60    -9999
ROME       031028 300  154000-154500   00     113.57 1015.9    118.97    -0.20    -9999
ROME       031028 300  154500-155000   00     114.50 1015.8    119.83     0.50    -9999
ROME       031028 300  155000-155500   00     112.60 1015.7    117.79    -1.20    -9999
ROME       031028 300  155500-160000   00     115.13 1015.7    120.41     1.00    -9999
ROME       031028 300  160000-160500   00     112.73 1015.6    117.85    -1.10    -9999
ROME       031028 300  160500-161000   00     114.37 1015.6    119.53     0.30    -9999
ROME       031028 300  161000-161500   00     112.83 1015.6    117.91    -1.10    -9999
ROME       031028 300  161500-162000   00     114.37 1015.6    119.52     0.30    -9999
ROME       031028 300  162000-162500   00     113.40 1015.6    118.54    -0.60    -9999
ROME       031028 300  162500-163000   00     113.97 1015.6    119.12    -0.10    -9999
ROME       031028 300  163000-163500   00     111.90 1015.5    116.90    -1.90    -9999
ROME       031028 300  163500-164000   00     115.33 1015.5    120.43     1.00    -9999
ROME       031028 300  164000-164500   00     114.10 1015.5    119.16     0.00    -9999
ROME       031028 300  164500-165000   00     114.90 1015.6    120.11     0.80    -9999
ROME       031028 300  165000-165500   00     112.67 1015.7    117.85    -1.10    -9999
ROME       031028 300  165500-170000   00     113.47 1015.7    118.71    -0.40    -9999
ROME       031028 300  170000-170500   00     113.93 1015.7    119.21     0.00    -9999
ROME       031028 300  170500-171000   00     113.37 1015.8    118.69    -0.40    -9999
ROME       031028 300  171000-171500   00     113.03 1015.9    118.37    -0.70    -9999
ROME       031028 300  171500-172000   00     113.63 1015.9    119.02    -0.10    -9999
ROME       031028 300  172000-172500   00     114.90 1016.0    120.43     1.00    -9999
ROME       031028 300  172500-173000   00     114.03 1016.0    119.56     0.30    -9999
ROME       031028 300  173000-173500   00     114.03 1016.1    119.60     0.30    -9999
ROME       031028 300  173500-174000   00     114.00 1016.2    119.62     0.30    -9999
ROME       031028 300  174000-174500   00     113.07 1016.1    118.63    -0.50    -9999
ROME       031028 300  174500-175000   00     114.77 1016.1    120.40     1.00    -9999
ROME       031028 300  175000-175500   00     113.93 1016.2    119.55     0.30    -9999
ROME       031028 300  175500-180000   00     113.77 1016.1    119.36     0.10    -9999
ROME       031028 300  180000-180500   00     114.30 1016.1    119.91     0.60    -9999
ROME       031028 300  180500-181000   00     114.23 1016.0    119.77     0.50    -9999
ROME       031028 300  181000-181500   00     114.10 1015.9    119.49     0.20    -9999
ROME       031028 300  181500-182000   00     113.47 1015.7    118.68    -0.40    -9999
ROME       031028 300  182000-182500   00     112.90 1015.6    118.03    -1.00    -9999
ROME       031028 300  182500-183000   00     113.83 1015.6    119.00    -0.20    -9999
ROME       031028 300  183000-183500   00     115.70 1015.6    120.92     1.40    -9999
ROME       031028 300  183500-184000   00     114.07 1015.6    119.20     0.00    -9999
ROME       031028 300  184000-184500   00     115.63 1015.6    120.86     1.40    -9999
ROME       031028 300  184500-185000   00     113.63 1015.6    118.76    -0.40    -9999
ROME       031028 300  185000-185500   00     114.63 1015.6    119.80     0.50    -9999
ROME       031028 300  185500-190000   00     113.13 1015.6    118.26    -0.80    -9999
ROME       031028 300  190000-190500   00     114.90 1015.6    120.07     0.70    -9999
ROME       031028 300  190500-191000   00     114.57 1015.4    119.62     0.40    -9999
ROME       031028 300  191000-191500   00     115.10 1015.3    120.04     0.70    -9999
ROME       031028 300  191500-192000   00     115.23 1015.2    120.10     0.80    -9999
ROME       031028 300  192000-192500   00     113.93 1015.1    118.69    -0.40    -9999
ROME       031028 300  192500-193000   00     115.77 1015.1    120.59     1.20    -9999
ROME       031028 300  193000-193500   00     114.47 1015.3    119.37     0.10    -9999
ROME       031028 300  193500-194000   00     114.70 1015.4    119.73     0.40    -9999
ROME       031028 300  194000-194500   00     114.07 1015.4    119.08    -0.10    -9999
ROME       031028 300  194500-195000   00     113.93 1015.4    118.95    -0.20    -9999
ROME       031028 300  195000-195500   00     114.43 1015.5    119.53     0.30    -9999
ROME       031028 300  195500-200000   00     114.13 1015.6    119.27     0.10    -9999
ROME       031028 300  200000-200500   00     116.00 1015.5    121.20     1.70    -9999
ROME       031028 300  200500-201000   00     114.37 1015.5    119.44     0.20    -9999
ROME       031028 300  201000-201500   00     114.57 1015.4    119.62     0.30    -9999
ROME       031028 300  201500-202000   00     114.37 1015.5    119.42     0.20    -9999
ROME       031028 300  202000-202500   00     115.03 1015.4    120.10     0.80    -9999
ROME       031028 300  202500-203000   00     115.17 1015.4    120.24     0.90    -9999
ROME       031028 300  203000-203500   00     113.20 1015.5    118.22    -0.80    -9999
ROME       031028 300  203500-204000   00     114.07 1015.5    119.18     0.00    -9999
ROME       031028 300  204000-204500   00     115.80 1015.6    121.01     1.50    -9999
ROME       031028 300  204500-205000   00     115.47 1015.5    120.62     1.20    -9999
ROME       031028 300  205000-205500   00     114.03 1015.5    119.08    -0.10    -9999
ROME       031028 300  205500-210000   00     112.63 1015.5    117.62    -1.30    -9999
ROME       031028 300  210000-210500   00     114.20 1015.4    119.23     0.00    -9999
ROME       031028 300  210500-211000   00     113.30 1015.4    118.25    -0.80    -9999
ROME       031028 300  211000-212100   00     113.77 1015.3    118.68    -0.40    -9999
ROME       031028 300  212000-212500   00     115.37 1015.1    120.16     0.80    -9999
ROME       031028 300  212100-212000   00     114.30 1015.2    119.15     0.00    -9999
ROME       031028 300  212500-213000   00     113.30 1015.0    117.93    -1.10    -9999
ROME       031028 300  213000-213500   00     115.03 1014.9    119.69     0.40    -9999
ROME       031028 300  213500-214000   00     116.70 1014.9    121.39     1.80    -9999
ROME       031028 300  214000-214500   00     114.97 1014.9    119.55     0.30    -9999
ROME       031028 300  214500-215000   00     114.27 1014.8    118.79    -0.30    -9999
ROME       031028 300  215000-215500   00     115.60 1014.8    120.13     0.80    -9999
ROME       031028 300  215500-220000   00     115.20 1014.7    119.68     0.40    -9999
ROME       031028 300  220000-220500   00     115.80 1014.7    120.28     0.90    -9999
ROME       031028 300  220500-221000   00     115.07 1014.6    119.47     0.20    -9999
ROME       031028 300  221000-221500   00     115.57 1014.6    119.94     0.60    -9999
ROME       031028 300  221500-222000   00     114.83 1014.5    119.11    -0.10    -9999
ROME       031028 300  222000-222500   00     115.93 1014.4    120.20     0.80    -9999
ROME       031028 300  222500-223000   00     112.57 1014.4    116.71    -2.10    -9999
ROME       031028 300  223000-223500   00     115.10 1014.4    119.29     0.10    -9999
ROME       031028 300  223500-224000   00     113.67 1014.3    117.77    -1.20    -9999
ROME       031028 300  224000-224500   00     115.80 1014.3    119.98     0.70    -9999
ROME       031028 300  224500-225000   00     115.93 1014.3    120.05     0.70    -9999
ROME       031028 300  225000-225500   00     113.63 1014.3    117.67    -1.30    -9999
ROME       031028 300  225500-230000   00     117.13 1014.3    121.33     1.80    -9999
ROME       031028 300  230000-230500   00     115.63 1014.3    119.81     0.50    -9999
ROME       031028 300  230500-231000   00     114.57 1014.4    118.72    -0.40    -9999
ROME       031028 300  231000-231500   00     115.57 1014.3    119.74     0.50    -9999
ROME       031028 300  231500-232000   00     115.37 1014.3    119.54     0.30    -9999
ROME       031028 300  232000-232500   00     115.43 1014.3    119.58     0.30    -9999
ROME       031028 300  232500-233000   00     115.43 1014.3    119.57     0.30    -9999
ROME       031028 300  233000-233500   00     114.47 1014.3    118.59    -0.50    -9999
ROME       031028 300  233500-234000   00     114.07 1014.3    118.16    -0.90    -9999
ROME       031028 300  234000-234500   00     116.80 1014.3    120.95     1.50    -9999
ROME       031028 300  234500-235000   00     116.17 1014.3    120.31     0.90    -9999
ROME       031028 300  235000-235500   00     116.10 1014.3    120.24     0.90    -9999
ROME       031028 300  235500-240000   00     115.47 1014.2    119.51     0.30    -9999
ROME       031029 3600 000000-010000   00     116.49 1013.8    120.23     0.90    -9999
ROME       031029 3600 010000-020000   00     117.60 1013.1    120.79     1.30    -9999
ROME       031029 3600 020000-030000   00     117.51 1012.6    120.26     0.90    -9999
ROME       031029 3600 030000-040000   00     117.54 1012.2    119.96     0.60    -9999
ROME       031029 3600 040000-050000   00     119.19 1011.5    121.09     1.60    -9999
ROME       031029 3600 050000-060000   00     120.24 1011.2    121.92     2.30    -9999
ROME       031029 3600 060000-070000   00     119.85 1011.2    121.49     1.90    -9999
ROME       031029 3600 070000-080000   00     119.07 1011.1    120.59     1.20    -9999
ROME       031029 3600 080000-090000   00     119.06 1010.8    120.37     1.00    -9999
ROME       031029 3600 090000-100000   00     117.50 1010.5    118.50    -0.60    -9999
ROME       031029 3600 100000-110000   00     116.90 1009.8    117.31    -1.60    -9999
ROME       031029 3600 110000-120000   00     114.66 1008.5    114.05    -4.30    -9999
ROME       031029 3600 120000-130000   00     112.19 1007.8    111.02    -6.90    -9999
ROME       031029 3600 130000-140000   00     106.87 1007.0    105.19   -11.80    -9999
ROME       031029 3600 140000-150000   00     104.25 1005.9    101.86   -14.60    -9999
ROME       031029 3600 150000-160000   00     103.54 1005.2    100.64   -15.60    -9999
ROME       031029 3600 160000-170000   00     104.85 1005.1    101.82   -14.60    -9999
ROME       031029 3600 170000-180000   00     102.98 1004.7     99.79   -16.30    -9999
ROME       031029 3600 180000-190000   00     107.01 1004.5    103.48   -13.20    -9999
ROME       031029 3600 190000-200000   00     109.71 1004.0    105.76   -11.30    -9999
ROME       031029 3600 200000-210000   00     109.99 1003.7    105.80   -11.20    -9999
ROME       031029 3600 210000-220000   00     108.91 1003.6    104.66   -12.20    -9999
ROME       031029 3600 220000-230000   00     108.95 1002.9    104.24   -12.60    -9999
ROME       031029 3600 230000-240000   00     110.05 1002.6    105.09   -11.80    -9999
*
COMMENT    ALERT FROM M. STORINI (head IFSI-R.U.: SVIRCO OBSERVATORY & LTP)
COMMENT    PRELIMINARY DATA PREPARED BY P.DIEGO 
COMMENT    DATA VERIFIED BY F.SIGNORETTI: 2003-12-10
COMMENT    TO ACKNOWLEDGE: 
COMMENT    IFSI/UNIRomaTre COLLABORATION FOR SVIRCO OBSERVATORY
COMMENT UNIVERISTY OF OULU: FILE GENERATED FROM DATABASE AND OBTAINED FROM
COMMENT https://gle.oulu.fi at 2023-04-03 12:51:18 +00:00
COMMENT FOR HISTORICAL/ORIGINAL TEXT FILES SEE https://gle.oulu.fi/txtarchive/
COMMENT ORIGINAL AT https://gle.oulu.fi/txtarchive/GLE65/C065ROME.DAT
COMMENT DETRENDED DATA SHOW -9999 IF EQUAL TO INC% COLUMN 