EREVAN3    LATITUDE    40.5      LONGITUDE     44.17     ALTITUDE    3200 M
EREVAN3    INSTRUMENT   18NM64    NEUTRON MONITOR     
EREVAN3    STANDARD PRESSURE    684.9   mb     COEFFICIENT   -0.73     % / mb
EREVAN3    PRE-INCREASE BASELINE TIME INTERVAL    031028    100000-110000   UT
EREVAN3    PRE-INCREASE AVERAGE COUNTING RATE     52.91      COUNTS PER SECOND
EREVAN3    TIME INTERVALS    300         3600     
EREVAN3    SCALE FACTORS     1           1        
STATION    YYMMDD  SEC   TIME (UT)   CODE    UNCORR. PRESS.    CORR.    % INC.	DETRENDED
                         INTERVAL    TD      C/S     (mb)      C/S
EREVAN3    031027 3600 000000-010000   00      53.49  685.0     53.53     1.20    -9999
EREVAN3    031027 3600 010000-020000   00      53.87  685.2     53.99     2.00    -9999
EREVAN3    031027 3600 020000-030000   00      53.80  686.0     54.24     2.50    -9999
EREVAN3    031027 3600 030000-040000   00      53.65  685.9     54.04     2.10    -9999
EREVAN3    031027 3600 040000-050000   00      53.32  686.9     54.10     2.30    -9999
EREVAN3    031027 3600 050000-060000   00      53.14  687.6     54.19     2.40    -9999
EREVAN3    031027 3600 060000-070000   00      53.09  687.9     54.27     2.60    -9999
EREVAN3    031027 3600 070000-080000   00      52.89  688.1     54.14     2.30    -9999
EREVAN3    031027 3600 080000-090000   00      53.23  687.9     54.41     2.80    -9999
EREVAN3    031027 3600 090000-100000   00      53.28  687.6     54.34     2.70    -9999
EREVAN3    031027 3600 100000-110000   00      53.15  687.7     54.25     2.50    -9999
EREVAN3    031027 3600 110000-120000   00      53.01  688.0     54.22     2.50    -9999
EREVAN3    031027 3600 120000-130000   00      53.00  688.3     54.33     2.70    -9999
EREVAN3    031027 3600 130000-140000   00      52.81  688.3     54.14     2.30    -9999
EREVAN3    031027 3600 140000-150000   00      52.59  688.6     54.03     2.10    -9999
EREVAN3    031027 3600 150000-160000   00      52.28  689.0     53.87     1.80    -9999
EREVAN3    031027 3600 160000-170000   00      52.39  689.0     53.98     2.00    -9999
EREVAN3    031027 3600 170000-180000   00      52.53  689.0     54.12     2.30    -9999
EREVAN3    031027 3600 180000-190000   00      52.55  688.8     54.07     2.20    -9999
EREVAN3    031027 3600 190000-200000   00      52.66  688.6     54.10     2.30    -9999
EREVAN3    031027 3600 200000-210000   00      52.68  688.4     54.05     2.10    -9999
EREVAN3    031027 3600 210000-220000   00      52.45  688.3     53.77     1.60    -9999
EREVAN3    031027 3600 220000-230000   00      51.94  688.0     53.13     0.40    -9999
EREVAN3    031027 3600 230000-240000   00      51.42  687.7     52.48    -0.80    -9999
EREVAN3    031028 3600 000000-010000   00      51.34  687.5     52.32    -1.10    -9999
EREVAN3    031028 3600 010000-020000   00      51.39  687.4     52.34    -1.10    -9999
EREVAN3    031028 3600 020000-030000   00      51.51  686.9     52.27    -1.20    -9999
EREVAN3    031028 3600 030000-040000   00      52.03  686.8     52.76    -0.30    -9999
EREVAN3    031028 3600 040000-050000   00      52.04  686.7     52.73    -0.30    -9999
EREVAN3    031028 3600 050000-060000   00      52.28  686.7     52.97     0.10    -9999
EREVAN3    031028 3600 060000-070000   00      52.49  686.4     53.07     0.30    -9999
EREVAN3    031028 3600 070000-080000   00      53.01  686.2     53.51     1.10    -9999
EREVAN3    031028 3600 080000-090000   00      53.05  685.9     53.43     1.00    -9999
EREVAN3    031028 300  090000-090500   00      52.84  685.4     53.03     0.20    -9999
EREVAN3    031028 300  090500-091000   00      53.18  685.3     53.35     0.80    -9999
EREVAN3    031028 300  091000-091500   00      52.83  685.3     52.99     0.10    -9999
EREVAN3    031028 300  091500-092000   00      52.85  685.3     52.99     0.10    -9999
EREVAN3    031028 300  092000-092500   00      52.83  685.2     52.96     0.10    -9999
EREVAN3    031028 300  092500-093000   00      53.00  685.2     53.11     0.40    -9999
EREVAN3    031028 300  093000-093500   00      53.04  685.1     53.13     0.40    -9999
EREVAN3    031028 300  093500-094000   00      52.85  685.1     52.93     0.00    -9999
EREVAN3    031028 300  094000-094500   00      52.73  685.0     52.79    -0.20    -9999
EREVAN3    031028 300  094500-095000   00      53.22  685.0     53.26     0.70    -9999
EREVAN3    031028 300  095000-095500   00      52.74  685.0     52.77    -0.30    -9999
EREVAN3    031028 300  095500-100000   00      52.77  684.9     52.78    -0.30    -9999
EREVAN3    031028 300  100000-100500   00      52.80  684.9     52.80    -0.20    -9999
EREVAN3    031028 300  100500-101000   00      52.99  684.9     52.98     0.10    -9999
EREVAN3    031028 300  101000-101500   00      53.07  684.8     53.05     0.30    -9999
EREVAN3    031028 300  101500-102000   00      52.86  684.8     52.83    -0.10    -9999
EREVAN3    031028 300  102000-102500   00      52.83  684.8     52.79    -0.20    -9999
EREVAN3    031028 300  102500-103000   00      53.24  684.8     53.19     0.50    -9999
EREVAN3    031028 300  103000-103500   00      52.76  684.7     52.70    -0.40    -9999
EREVAN3    031028 300  103500-104000   00      52.71  684.7     52.64    -0.50    -9999
EREVAN3    031028 300  104000-104500   00      53.10  684.7     53.02     0.20    -9999
EREVAN3    031028 300  104500-105000   00      52.76  684.7     52.67    -0.50    -9999
EREVAN3    031028 300  105000-105500   00      53.04  684.6     52.94     0.10    -9999
EREVAN3    031028 300  105500-110000   00      52.77  684.6     52.66    -0.50    -9999
EREVAN3    031028 300  110000-110500   00      52.60  684.6     52.48    -0.80    -0.56
EREVAN3    031028 300  110500-111000   00      52.82  684.6     52.69    -0.40    -0.14
EREVAN3    031028 300  111000-111500   00      52.82  684.6     52.69    -0.40    -0.12
EREVAN3    031028 300  111500-112000   00      52.82  684.5     52.69    -0.40    -0.10
EREVAN3    031028 300  112000-112500   00      52.63  684.5     52.49    -0.80    -0.48
EREVAN3    031028 300  112500-113000   00      52.74  684.5     52.59    -0.60    -0.27
EREVAN3    031028 300  113000-113500   00      53.55  684.5     53.39     0.90     1.25
EREVAN3    031028 300  113500-114000   00      53.49  684.5     53.32     0.80     1.17
EREVAN3    031028 300  114000-114500   00      53.53  684.5     53.36     0.80     1.18
EREVAN3    031028 300  114500-115000   00      53.75  684.4     53.57     1.20     1.60
EREVAN3    031028 300  115000-115500   00      53.57  684.4     53.39     0.90     1.31
EREVAN3    031028 300  115500-120000   00      53.55  684.4     53.36     0.80     1.23
EREVAN3    031028 300  120000-120500   00      53.49  684.4     53.29     0.70     1.14
EREVAN3    031028 300  120500-121000   00      53.38  684.4     53.18     0.50     0.96
EREVAN3    031028 300  121000-121500   00      53.71  684.4     53.50     1.10     1.57
EREVAN3    031028 300  121500-122000   00      53.47  684.4     53.27     0.70     1.19
EREVAN3    031028 300  122000-122500   00      53.41  684.4     53.20     0.50     1.00
EREVAN3    031028 300  122500-123000   00      53.18  684.4     52.96     0.10     0.61
EREVAN3    031028 300  123000-123500   00      53.08  684.3     52.87    -0.10     0.42
EREVAN3    031028 300  123500-124000   00      52.86  684.3     52.64    -0.50     0.04
EREVAN3    031028 300  124000-124500   00      52.93  684.3     52.71    -0.40     0.15
EREVAN3    031028 300  124500-125000   00      52.95  684.3     52.73    -0.30     0.26
EREVAN3    031028 300  125000-125500   00      52.79  684.3     52.57    -0.70    -0.13
EREVAN3    031028 300  125500-130000   00      52.85  684.3     52.62    -0.50     0.08
EREVAN3    031028 300  130000-130500   00      52.71  684.3     52.48    -0.80    -0.21
EREVAN3    031028 300  130500-131000   00      52.98  684.3     52.73    -0.30    -9999
EREVAN3    031028 300  131000-131500   00      52.94  684.2     52.69    -0.40    -9999
EREVAN3    031028 300  131500-132000   00      53.00  684.2     52.74    -0.30    -9999
EREVAN3    031028 300  132000-132500   00      52.66  684.2     52.39    -1.00    -9999
EREVAN3    031028 300  132500-133000   00      52.91  684.2     52.63    -0.50    -9999
EREVAN3    031028 300  133000-133500   00      53.01  684.1     52.72    -0.40    -9999
EREVAN3    031028 300  133500-134000   00      52.57  684.1     52.27    -1.20    -9999
EREVAN3    031028 300  134000-134500   00      52.52  684.1     52.21    -1.30    -9999
EREVAN3    031028 300  134500-135000   00      52.82  684.1     52.50    -0.80    -9999
EREVAN3    031028 300  135000-135500   00      52.82  684.0     52.49    -0.80    -9999
EREVAN3    031028 300  135500-140000   00      52.74  684.0     52.40    -1.00    -9999
EREVAN3    031028 300  140000-140500   00      52.91  684.0     52.57    -0.60    -9999
EREVAN3    031028 300  140500-141000   00      52.53  684.0     52.19    -1.40    -9999
EREVAN3    031028 300  141000-141500   00      52.81  684.0     52.48    -0.80    -9999
EREVAN3    031028 300  141500-142000   00      52.91  684.1     52.58    -0.60    -9999
EREVAN3    031028 300  142000-142500   00      52.87  684.1     52.55    -0.70    -9999
EREVAN3    031028 300  142500-143000   00      52.84  684.1     52.53    -0.70    -9999
EREVAN3    031028 300  143000-143500   00      52.88  684.1     52.57    -0.60    -9999
EREVAN3    031028 300  143500-144000   00      53.10  684.1     52.80    -0.20    -9999
EREVAN3    031028 300  144000-144500   00      52.72  684.1     52.42    -0.90    -9999
EREVAN3    031028 300  144500-145000   00      52.91  684.2     52.62    -0.60    -9999
EREVAN3    031028 300  145000-145500   00      52.78  684.2     52.50    -0.80    -9999
EREVAN3    031028 300  145500-150000   00      52.84  684.2     52.56    -0.60    -9999
EREVAN3    031028 300  150000-150500   00      52.98  684.2     52.71    -0.40    -9999
EREVAN3    031028 300  150500-151000   00      52.73  684.2     52.44    -0.90    -9999
EREVAN3    031028 300  151000-151500   00      53.08  684.1     52.79    -0.20    -9999
EREVAN3    031028 300  151500-152000   00      52.92  684.1     52.62    -0.60    -9999
EREVAN3    031028 300  152000-152500   00      52.81  684.1     52.50    -0.80    -9999
EREVAN3    031028 300  152500-153000   00      52.91  684.1     52.59    -0.60    -9999
EREVAN3    031028 300  153000-153500   00      52.90  684.0     52.57    -0.60    -9999
EREVAN3    031028 300  153500-154000   00      53.10  684.0     52.76    -0.30    -9999
EREVAN3    031028 300  154000-154500   00      52.67  684.0     52.32    -1.10    -9999
EREVAN3    031028 300  154500-155000   00      52.73  684.0     52.37    -1.00    -9999
EREVAN3    031028 300  155000-155500   00      52.80  683.9     52.43    -0.90    -9999
EREVAN3    031028 300  155500-160000   00      52.92  683.9     52.54    -0.70    -9999
EREVAN3    031028 300  160000-160500   00      52.87  683.9     52.48    -0.80    -9999
EREVAN3    031028 300  160500-161000   00      52.83  683.8     52.42    -0.90    -9999
EREVAN3    031028 300  161000-161500   00      52.90  683.8     52.47    -0.80    -9999
EREVAN3    031028 300  161500-162000   00      53.29  683.7     52.83    -0.10    -9999
EREVAN3    031028 300  162000-162500   00      53.44  683.7     52.96     0.10    -9999
EREVAN3    031028 300  162500-163000   00      53.21  683.6     52.72    -0.40    -9999
EREVAN3    031028 300  163000-163500   00      53.07  683.6     52.56    -0.60    -9999
EREVAN3    031028 300  163500-164000   00      53.06  683.5     52.53    -0.70    -9999
EREVAN3    031028 300  164000-164500   00      53.15  683.5     52.59    -0.60    -9999
EREVAN3    031028 300  164500-165000   00      53.20  683.4     52.63    -0.50    -9999
EREVAN3    031028 300  165000-165500   00      53.53  683.4     52.94     0.10    -9999
EREVAN3    031028 300  165500-170000   00      53.50  683.3     52.89     0.00    -9999
EREVAN3    031028 300  170000-170500   00      53.18  683.3     52.56    -0.60    -9999
EREVAN3    031028 300  170500-171000   00      53.28  683.3     52.66    -0.50    -9999
EREVAN3    031028 300  171000-171500   00      53.48  683.3     52.85    -0.10    -9999
EREVAN3    031028 300  171500-172000   00      53.60  683.3     52.97     0.10    -9999
EREVAN3    031028 300  172000-172500   00      53.73  683.3     53.09     0.30    -9999
EREVAN3    031028 300  172500-173000   00      53.80  683.3     53.16     0.50    -9999
EREVAN3    031028 300  173000-173500   00      53.30  683.2     52.66    -0.50    -9999
EREVAN3    031028 300  173500-174000   00      53.50  683.2     52.86    -0.10    -9999
EREVAN3    031028 300  174000-174500   00      53.47  683.2     52.82    -0.20    -9999
EREVAN3    031028 300  174500-175000   00      53.50  683.2     52.85    -0.10    -9999
EREVAN3    031028 300  175000-175500   00      53.70  683.2     53.04     0.20    -9999
EREVAN3    031028 300  175500-180000   00      53.68  683.2     53.02     0.20    -9999
EREVAN3    031028 300  180000-180500   00      53.48  683.2     52.81    -0.20    -9999
EREVAN3    031028 300  180500-181000   00      53.52  683.1     52.83    -0.20    -9999
EREVAN3    031028 300  181000-181500   00      53.64  683.1     52.93     0.00    -9999
EREVAN3    031028 300  181500-182000   00      53.66  683.0     52.92     0.00    -9999
EREVAN3    031028 300  182000-182500   00      53.37  682.9     52.61    -0.60    -9999
EREVAN3    031028 300  182500-183000   00      53.63  682.9     52.85    -0.10    -9999
EREVAN3    031028 300  183000-183500   00      53.28  682.8     52.48    -0.80    -9999
EREVAN3    031028 300  183500-184000   00      53.72  682.8     52.89     0.00    -9999
EREVAN3    031028 300  184000-184500   00      53.94  682.7     53.09     0.30    -9999
EREVAN3    031028 300  184500-185000   00      53.57  682.7     52.70    -0.40    -9999
EREVAN3    031028 300  185000-185500   00      53.58  682.6     52.69    -0.40    -9999
EREVAN3    031028 300  185500-190000   00      53.82  682.5     52.90     0.00    -9999
EREVAN3    031028 300  190000-190500   00      53.83  682.5     52.89     0.00    -9999
EREVAN3    031028 300  190500-191000   00      53.48  682.4     52.53    -0.70    -9999
EREVAN3    031028 300  191000-191500   00      53.58  682.4     52.61    -0.60    -9999
EREVAN3    031028 300  191500-192000   00      53.87  682.4     52.88    -0.10    -9999
EREVAN3    031028 300  192000-192500   00      53.76  682.3     52.76    -0.30    -9999
EREVAN3    031028 300  192500-193000   00      53.55  682.3     52.53    -0.70    -9999
EREVAN3    031028 300  193000-193500   00      53.52  682.2     52.49    -0.80    -9999
EREVAN3    031028 300  193500-194000   00      53.67  682.2     52.62    -0.60    -9999
EREVAN3    031028 300  194000-194500   00      53.74  682.2     52.67    -0.50    -9999
EREVAN3    031028 300  194500-195000   00      53.68  682.1     52.60    -0.60    -9999
EREVAN3    031028 300  195000-195500   00      53.83  682.1     52.73    -0.30    -9999
EREVAN3    031028 300  195500-200000   00      53.61  682.0     52.49    -0.80    -9999
EREVAN3    031028 300  200000-200500   00      53.98  682.0     52.85    -0.10    -9999
EREVAN3    031028 300  200500-201000   00      53.77  682.0     52.66    -0.50    -9999
EREVAN3    031028 300  201000-201500   00      53.86  682.1     52.76    -0.30    -9999
EREVAN3    031028 300  201500-202000   00      53.58  682.1     52.49    -0.80    -9999
EREVAN3    031028 300  202000-202500   00      53.49  682.1     52.42    -1.00    -9999
EREVAN3    031028 300  202500-203000   00      53.93  682.1     52.86    -0.10    -9999
EREVAN3    031028 300  203000-203500   00      54.08  682.2     53.01     0.20    -9999
EREVAN3    031028 300  203500-204000   00      53.61  682.2     52.56    -0.70    -9999
EREVAN3    031028 300  204000-204500   00      53.83  682.2     52.78    -0.20    -9999
EREVAN3    031028 300  204500-205000   00      53.56  682.2     52.53    -0.70    -9999
EREVAN3    031028 300  205000-205500   00      53.47  682.3     52.45    -0.90    -9999
EREVAN3    031028 300  205500-210000   00      53.76  682.3     52.74    -0.30    -9999
EREVAN3    031028 300  210000-210500   00      53.99  682.3     52.98     0.10    -9999
EREVAN3    031028 300  210500-211000   00      53.86  682.3     52.85    -0.10    -9999
EREVAN3    031028 300  211000-211500   00      53.91  682.3     52.91     0.00    -9999
EREVAN3    031028 300  211500-212000   00      53.67  682.4     52.68    -0.40    -9999
EREVAN3    031028 300  212000-212500   00      53.55  682.4     52.57    -0.60    -9999
EREVAN3    031028 300  212500-213000   00      53.71  682.4     52.73    -0.30    -9999
EREVAN3    031028 300  213000-213500   00      53.67  682.4     52.70    -0.40    -9999
EREVAN3    031028 300  213500-214000   00      53.59  682.4     52.63    -0.50    -9999
EREVAN3    031028 300  214000-214500   00      53.57  682.4     52.62    -0.60    -9999
EREVAN3    031028 300  214500-215000   00      53.61  682.5     52.66    -0.50    -9999
EREVAN3    031028 300  215000-215500   00      53.39  682.5     52.45    -0.90    -9999
EREVAN3    031028 300  215500-220000   00      53.80  682.5     52.86    -0.10    -9999
EREVAN3    031028 300  220000-220500   00      53.72  682.5     52.79    -0.20    -9999
EREVAN3    031028 300  220500-221000   00      53.59  682.5     52.67    -0.50    -9999
EREVAN3    031028 300  221000-221500   00      53.50  682.5     52.59    -0.60    -9999
EREVAN3    031028 300  221500-222000   00      53.71  682.6     52.79    -0.20    -9999
EREVAN3    031028 300  222000-222500   00      53.46  682.6     52.56    -0.70    -9999
EREVAN3    031028 300  222500-223000   00      53.78  682.6     52.88    -0.10    -9999
EREVAN3    031028 300  223000-223500   00      53.27  682.6     52.39    -1.00    -9999
EREVAN3    031028 300  223500-224000   00      53.47  682.6     52.59    -0.60    -9999
EREVAN3    031028 300  224000-224500   00      53.24  682.6     52.37    -1.00    -9999
EREVAN3    031028 300  224500-225000   00      53.39  682.7     52.52    -0.70    -9999
EREVAN3    031028 300  225000-225500   00      53.59  682.7     52.73    -0.40    -9999
EREVAN3    031028 300  225500-230000   00      53.41  682.7     52.56    -0.70    -9999
EREVAN3    031028 300  230000-230500   00      53.47  682.7     52.62    -0.50    -9999
EREVAN3    031028 300  230500-231000   00      53.60  682.7     52.75    -0.30    -9999
EREVAN3    031028 300  231000-231500   00      53.75  682.7     52.91     0.00    -9999
EREVAN3    031028 300  231500-232000   00      53.39  682.7     52.55    -0.70    -9999
EREVAN3    031028 300  232000-232500   00      53.20  682.7     52.36    -1.00    -9999
EREVAN3    031028 300  232500-233000   00      53.55  682.7     52.71    -0.40    -9999
EREVAN3    031028 300  233000-233500   00      53.41  682.8     52.58    -0.60    -9999
EREVAN3    031028 300  233500-234000   00      53.07  682.8     52.25    -1.30    -9999
EREVAN3    031028 300  234000-234500   00      53.49  682.8     52.66    -0.40    -9999
EREVAN3    031028 300  234500-235000   00      53.78  682.8     52.95     0.10    -9999
EREVAN3    031028 300  235000-235500   00      53.74  682.8     52.92     0.00    -9999
EREVAN3    031028 300  235500-240000   00      53.58  682.8     52.76    -0.30    -9999
EREVAN3    031029 300  000000-000500   00      53.33  682.8     52.53    -0.70    -9999
EREVAN3    031029 300  000500-001000   00      53.67  682.8     52.87    -0.10    -9999
EREVAN3    031029 300  001000-001500   00      53.50  682.9     52.71    -0.40    -9999
EREVAN3    031029 300  001500-002000   00      53.45  682.9     52.67    -0.50    -9999
EREVAN3    031029 300  002000-002500   00      53.43  682.9     52.66    -0.50    -9999
EREVAN3    031029 300  002500-003000   00      53.57  682.9     52.81    -0.20    -9999
EREVAN3    031029 300  003000-003500   00      53.50  683.0     52.74    -0.30    -9999
EREVAN3    031029 300  003500-004000   00      53.65  683.0     52.90     0.00    -9999
EREVAN3    031029 300  004000-004500   00      53.80  683.0     53.07     0.30    -9999
EREVAN3    031029 300  004500-005000   00      53.53  683.0     52.81    -0.20    -9999
EREVAN3    031029 300  005000-005500   00      53.59  683.1     52.87    -0.10    -9999
EREVAN3    031029 300  005500-010000   00      53.87  683.1     53.16     0.50    -9999
EREVAN3    031029 300  010000-010500   00      53.49  683.1     52.79    -0.20    -9999
EREVAN3    031029 300  010500-011000   00      53.62  683.1     52.93     0.00    -9999
EREVAN3    031029 300  011000-011500   00      53.75  683.1     53.06     0.30    -9999
EREVAN3    031029 300  011500-012000   00      53.47  683.2     52.79    -0.20    -9999
EREVAN3    031029 300  012000-012500   00      53.70  683.2     53.03     0.20    -9999
EREVAN3    031029 300  012500-013000   00      53.48  683.2     52.82    -0.20    -9999
EREVAN3    031029 300  013000-013500   00      53.44  683.2     52.79    -0.30    -9999
EREVAN3    031029 300  013500-014000   00      53.71  683.2     53.06     0.30    -9999
EREVAN3    031029 300  014000-014500   00      53.71  683.2     53.06     0.30    -9999
EREVAN3    031029 300  014500-015000   00      53.82  683.3     53.18     0.50    -9999
EREVAN3    031029 300  015000-015500   00      54.20  683.3     53.56     1.20    -9999
EREVAN3    031029 300  015500-020000   00      53.77  683.3     53.14     0.50    -9999
EREVAN3    031029 300  020000-020500   00      53.72  683.3     53.11     0.40    -9999
EREVAN3    031029 300  020500-021000   00      53.80  683.4     53.20     0.50    -9999
EREVAN3    031029 300  021000-021500   00      53.60  683.4     53.02     0.20    -9999
EREVAN3    031029 300  021500-022000   00      53.71  683.5     53.15     0.40    -9999
EREVAN3    031029 300  022000-022500   00      53.40  683.5     52.87    -0.10    -9999
EREVAN3    031029 300  022500-023000   00      53.43  683.6     52.92     0.00    -9999
EREVAN3    031029 300  023000-023500   00      53.51  683.6     53.01     0.20    -9999
EREVAN3    031029 300  023500-024000   00      53.28  683.7     52.81    -0.20    -9999
EREVAN3    031029 300  024000-024500   00      53.66  683.7     53.20     0.50    -9999
EREVAN3    031029 300  024500-025000   00      53.48  683.8     53.04     0.20    -9999
EREVAN3    031029 300  025000-025500   00      53.42  683.8     53.00     0.20    -9999
EREVAN3    031029 300  025500-030000   00      53.78  683.9     53.38     0.90    -9999
EREVAN3    031029 300  030000-030500   00      53.61  683.9     53.23     0.60    -9999
EREVAN3    031029 300  030500-031000   00      53.36  684.0     52.99     0.20    -9999
EREVAN3    031029 300  031000-031500   00      53.57  684.0     53.22     0.60    -9999
EREVAN3    031029 300  031500-032000   00      53.38  684.0     53.05     0.30    -9999
EREVAN3    031029 300  032000-032500   00      53.28  684.1     52.96     0.10    -9999
EREVAN3    031029 300  032500-033000   00      53.35  684.1     53.05     0.30    -9999
EREVAN3    031029 300  033000-033500   00      52.89  684.2     52.61    -0.50    -9999
EREVAN3    031029 300  033500-034000   00      52.99  684.2     52.73    -0.40    -9999
EREVAN3    031029 300  034000-034500   00      52.86  684.3     52.61    -0.60    -9999
EREVAN3    031029 300  034500-035000   00      52.96  684.3     52.73    -0.30    -9999
EREVAN3    031029 300  035000-035500   00      52.96  684.3     52.74    -0.30    -9999
EREVAN3    031029 300  035500-040000   00      52.82  684.4     52.61    -0.50    -9999
EREVAN3    031029 300  040000-040500   00      53.28  684.4     53.10     0.40    -9999
EREVAN3    031029 300  040500-041000   00      53.41  684.5     53.27     0.70    -9999
EREVAN3    031029 300  041000-041500   00      53.33  684.6     53.22     0.60    -9999
EREVAN3    031029 300  041500-042000   00      53.49  684.7     53.42     1.00    -9999
EREVAN3    031029 300  042000-042500   00      53.29  684.8     53.26     0.70    -9999
EREVAN3    031029 300  042500-043000   00      53.36  684.9     53.36     0.90    -9999
EREVAN3    031029 300  043000-043500   00      53.43  685.0     53.46     1.00    -9999
EREVAN3    031029 300  043500-044000   00      53.53  685.1     53.60     1.30    -9999
EREVAN3    031029 300  044000-044500   00      53.46  685.2     53.57     1.20    -9999
EREVAN3    031029 300  044500-045000   00      53.31  685.3     53.45     1.00    -9999
EREVAN3    031029 300  045000-045500   00      53.71  685.4     53.89     1.90    -9999
EREVAN3    031029 300  045500-050000   00      53.75  685.4     53.97     2.00    -9999
EREVAN3    031029 300  050000-050500   00      53.67  685.5     53.91     1.90    -9999
EREVAN3    031029 300  050500-051000   00      53.74  685.5     53.99     2.10    -9999
EREVAN3    031029 300  051000-051500   00      53.71  685.6     53.97     2.00    -9999
EREVAN3    031029 300  051500-052000   00      53.69  685.6     53.97     2.00    -9999
EREVAN3    031029 300  052000-052500   00      53.18  685.6     53.47     1.10    -9999
EREVAN3    031029 300  052500-053000   00      53.75  685.7     54.05     2.20    -9999
EREVAN3    031029 300  053000-053500   00      53.34  685.7     53.65     1.40    -9999
EREVAN3    031029 300  053500-054000   00      53.69  685.7     54.03     2.10    -9999
EREVAN3    031029 300  054000-054500   00      53.78  685.8     54.12     2.30    -9999
EREVAN3    031029 300  054500-055000   00      53.70  685.8     54.06     2.20    -9999
EREVAN3    031029 300  055000-055500   00      53.94  685.8     54.31     2.60    -9999
EREVAN3    031029 300  055500-060000   00      53.85  685.9     54.24     2.50    -9999
EREVAN3    031029 300  060000-060500   00      53.67  685.9     54.06     2.20    -9999
EREVAN3    031029 300  060500-061000   00      53.63  685.9     54.04     2.10    -9999
EREVAN3    031029 300  061000-061500   00      53.01  685.9     53.41     1.00    -9999
EREVAN3    031029 300  061500-062000   00      53.51  686.0     53.93     1.90    -9999
EREVAN3    031029 300  062000-062500   00      53.00  686.0     53.42     1.00    -9999
EREVAN3    031029 300  062500-063000   00      52.52  686.0     52.94     0.10    -9999
EREVAN3    031029 300  063000-063500   00      52.25  686.0     52.68    -0.50    -9999
EREVAN3    031029 300  063500-064000   00      51.94  686.0     52.37    -1.00    -9999
EREVAN3    031029 300  064000-064500   00      51.90  686.0     52.33    -1.10    -9999
EREVAN3    031029 300  064500-065000   00      52.62  686.1     53.06     0.30    -9999
EREVAN3    031029 300  065000-065500   00      53.05  686.1     53.50     1.10    -9999
EREVAN3    031029 300  065500-070000   00      53.43  686.1     53.89     1.90    -9999
EREVAN3    031029 300  070000-070500   00      52.99  686.1     53.46     1.00    -9999
EREVAN3    031029 300  070500-071000   00      52.75  686.1     53.21     0.60    -9999
EREVAN3    031029 300  071000-071500   00      52.37  686.1     52.82    -0.20    -9999
EREVAN3    031029 300  071500-072000   00      52.79  686.1     53.25     0.60    -9999
EREVAN3    031029 300  072000-072500   00      52.66  686.1     53.11     0.40    -9999
EREVAN3    031029 300  072500-073000   00      52.42  686.1     52.86    -0.10    -9999
EREVAN3    031029 300  073000-073500   00      52.58  686.0     53.01     0.20    -9999
EREVAN3    031029 300  073500-074000   00      52.55  686.0     52.99     0.10    -9999
EREVAN3    031029 300  074000-074500   00      52.16  686.0     52.59    -0.60    -9999
EREVAN3    031029 300  074500-075000   00      51.97  686.0     52.39    -1.00    -9999
EREVAN3    031029 300  075000-075500   00      52.01  686.0     52.43    -0.90    -9999
EREVAN3    031029 300  075500-080000   00      52.36  686.0     52.78    -0.20    -9999
EREVAN3    031029 300  080000-080500   00      51.93  686.0     52.35    -1.10    -9999
EREVAN3    031029 300  080500-081000   00      52.21  686.0     52.63    -0.50    -9999
EREVAN3    031029 300  081000-081500   00      52.34  686.0     52.75    -0.30    -9999
EREVAN3    031029 300  081500-082000   00      51.94  686.0     52.35    -1.00    -9999
EREVAN3    031029 300  082000-082500   00      51.61  686.0     52.01    -1.70    -9999
EREVAN3    031029 300  082500-083000   00      51.87  686.0     52.27    -1.20    -9999
EREVAN3    031029 300  083000-083500   00      51.85  685.9     52.25    -1.30    -9999
EREVAN3    031029 300  083500-084000   00      51.61  685.9     52.00    -1.70    -9999
EREVAN3    031029 300  084000-084500   00      52.44  685.9     52.84    -0.20    -9999
EREVAN3    031029 300  084500-085000   00      52.67  685.9     53.06     0.30    -9999
EREVAN3    031029 300  085000-085500   00      52.40  685.9     52.79    -0.20    -9999
EREVAN3    031029 300  085500-090000   00      51.91  685.9     52.29    -1.20    -9999
EREVAN3    031029 300  090000-090500   00      51.47  685.9     51.84    -2.00    -9999
EREVAN3    031029 300  090500-091000   00      51.10  685.9     51.47    -2.70    -9999
EREVAN3    031029 300  091000-091500   00      51.40  685.9     51.77    -2.20    -9999
EREVAN3    031029 300  091500-092000   00      50.91  685.9     51.27    -3.10    -9999
EREVAN3    031029 300  092000-092500   00      51.17  685.9     51.53    -2.60    -9999
EREVAN3    031029 300  092500-093000   00      50.93  685.9     51.29    -3.10    -9999
EREVAN3    031029 300  093000-093500   00      51.17  685.8     51.53    -2.60    -9999
EREVAN3    031029 300  093500-094000   00      50.75  685.8     51.10    -3.40    -9999
EREVAN3    031029 300  094000-094500   00      50.88  685.8     51.23    -3.20    -9999
EREVAN3    031029 300  094500-095000   00      50.58  685.8     50.92    -3.70    -9999
EREVAN3    031029 300  095000-095500   00      50.55  685.8     50.89    -3.80    -9999
EREVAN3    031029 300  095500-100000   00      50.61  685.8     50.95    -3.70    -9999
EREVAN3    031029 300  100000-100500   00      50.33  685.8     50.65    -4.30    -9999
EREVAN3    031029 300  100500-101000   00      50.49  685.7     50.80    -4.00    -9999
EREVAN3    031029 300  101000-101500   00      50.84  685.7     51.13    -3.30    -9999
EREVAN3    031029 300  101500-102000   00      50.75  685.7     51.03    -3.60    -9999
EREVAN3    031029 300  102000-102500   00      50.86  685.6     51.12    -3.40    -9999
EREVAN3    031029 300  102500-103000   00      50.89  685.6     51.14    -3.40    -9999
EREVAN3    031029 300  103000-103500   00      50.53  685.5     50.76    -4.10    -9999
EREVAN3    031029 300  103500-104000   00      50.48  685.5     50.70    -4.20    -9999
EREVAN3    031029 300  104000-104500   00      49.86  685.5     50.06    -5.40    -9999
EREVAN3    031029 300  104500-105000   00      50.00  685.4     50.19    -5.20    -9999
EREVAN3    031029 300  105000-105500   00      49.42  685.4     49.59    -6.30    -9999
EREVAN3    031029 300  105500-110000   00      49.13  685.3     49.29    -6.80    -9999
EREVAN3    031029 300  110000-110500   00      49.39  685.3     49.53    -6.40    -9999
EREVAN3    031029 300  110500-111000   00      48.72  685.3     48.86    -7.70    -9999
EREVAN3    031029 300  111000-111500   00      49.07  685.3     49.22    -7.00    -9999
EREVAN3    031029 300  111500-112000   00      48.74  685.3     48.88    -7.60    -9999
EREVAN3    031029 300  112000-112500   00      48.62  685.3     48.76    -7.80    -9999
EREVAN3    031029 300  112500-113000   00      48.82  685.3     48.97    -7.50    -9999
EREVAN3    031029 300  113000-113500   00      49.08  685.3     49.23    -7.00    -9999
EREVAN3    031029 300  113500-114000   00      49.03  685.3     49.17    -7.10    -9999
EREVAN3    031029 300  114000-114500   00      48.79  685.3     48.93    -7.50    -9999
EREVAN3    031029 300  114500-115000   00      48.29  685.3     48.43    -8.50    -9999
EREVAN3    031029 300  115000-115500   00      48.50  685.3     48.64    -8.10    -9999
EREVAN3    031029 300  115500-120000   00      48.32  685.3     48.46    -8.40    -9999
EREVAN3    031029 3600 120000-130000   00      47.14  685.7     47.42   -10.40    -9999
EREVAN3    031029 3600 130000-140000   00      44.32  686.1     44.71   -15.50    -9999
EREVAN3    031029 3600 140000-150000   00      42.86  686.0     43.21   -18.30    -9999
EREVAN3    031029 3600 150000-160000   00      43.42  685.9     43.74   -17.30    -9999
EREVAN3    031029 3600 160000-170000   00      43.51  685.9     43.83   -17.20    -9999
EREVAN3    031029 3600 170000-180000   00      42.10  685.6     42.32   -20.00    -9999
EREVAN3    031029 3600 180000-190000   00      44.03  685.4     44.19   -16.50    -9999
EREVAN3    031029 3600 190000-200000   00      44.93  685.3     45.06   -14.80    -9999
EREVAN3    031029 3600 200000-210000   00      45.18  684.8     45.15   -14.70    -9999
EREVAN3    031029 3600 210000-220000   00      44.43  684.4     44.27   -16.30    -9999
EREVAN3    031029 3600 220000-230000   00      44.62  685.1     44.68   -15.60    -9999
EREVAN3    031029 3600 230000-240000   00      45.13  686.0     45.49   -14.00    -9999
*
"Comment: The Clock of Regisrator is fast on+sec (slow on-sec) is supporting by GPS or InternetClockServer;"	
COMMENT UNIVERISTY OF OULU: FILE GENERATED FROM DATABASE AND OBTAINED FROM
COMMENT https://gle.oulu.fi at 2023-04-03 12:51:18 +00:00
COMMENT FOR HISTORICAL/ORIGINAL TEXT FILES SEE https://gle.oulu.fi/txtarchive/
COMMENT ORIGINAL AT https://gle.oulu.fi/txtarchive/GLE65/C065ERV3_cor.DAT
COMMENT DETRENDED DATA SHOW -9999 IF EQUAL TO INC% COLUMN 