YAKUTSK    LATITUDE    62.02     LONGITUDE     129.72    ALTITUDE    105 M
YAKUTSK    INSTRUMENT   18NM64    NEUTRON MONITOR     	
YAKUTSK    STANDARD PRESSURE    991.6   mb     COEFFICIENT   -0.72     % / mb
YAKUTSK    PRE-INCREASE BASELINE TIME INTERVAL    031028    100000-110000   UT
YAKUTSK    PRE-INCREASE AVERAGE COUNTING RATE     10.97      COUNTS PER SECOND
YAKUTSK    TIME INTERVALS    300         3600     
YAKUTSK    SCALE FACTORS     1           1        
STATION    YYMMDD  SEC   TIME (UT)   CODE    UNCORR. PRESS.    CORR.    % INC.	DETRENDED
                         INTERVAL    TD      C/S     (mb)      C/S
YAKUTSK    031027 3600 000000-010000   00      10.47  999.9     11.11     1.30    -9999
YAKUTSK    031027 3600 010000-020000   00      10.47 1000.2     11.14     1.50    -9999
YAKUTSK    031027 3600 020000-030000   00      10.41 1000.4     11.09     1.10    -9999
YAKUTSK    031027 3600 030000-040000   00      10.43 1000.5     11.13     1.40    -9999
YAKUTSK    031027 3600 040000-050000   00      10.57 1000.6     11.28     2.80    -9999
YAKUTSK    031027 3600 050000-060000   00      10.63 1001.1     11.39     3.80    -9999
YAKUTSK    031027 3600 060000-070000   00      10.56 1001.4     11.34     3.40    -9999
YAKUTSK    031027 3600 070000-080000   00      10.43 1001.9     11.23     2.40    -9999
YAKUTSK    031027 3600 080000-090000   00      10.43 1002.3     11.26     2.70    -9999
YAKUTSK    031027 3600 090000-100000   00      10.40 1002.6     11.26     2.70    -9999
YAKUTSK    031027 3600 100000-110000   00      10.33 1003.0     11.21     2.30    -9999
YAKUTSK    031027 3600 110000-120000   00      10.37 1003.1     11.26     2.70    -9999
YAKUTSK    031027 3600 120000-130000   00      10.31 1003.1     11.20     2.20    -9999
YAKUTSK    031027 3600 130000-140000   00      10.33 1002.8     11.19     2.10    -9999
YAKUTSK    031027 3600 140000-150000   00      10.37 1002.5     11.22     2.30    -9999
YAKUTSK    031027 3600 150000-160000   00      10.27 1002.2     11.09     1.10    -9999
YAKUTSK    031027 3600 160000-170000   00      10.32 1002.1     11.13     1.50    -9999
YAKUTSK    031027 3600 170000-180000   00      10.42 1001.9     11.22     2.30    -9999
YAKUTSK    031027 3600 180000-190000   00      10.45 1001.6     11.23     2.40    -9999
YAKUTSK    031027 3600 190000-200000   00      10.48 1001.3     11.24     2.50    -9999
YAKUTSK    031027 3600 200000-210000   00      10.46 1000.7     11.17     1.80    -9999
YAKUTSK    031027 3600 210000-220000   00      10.31 1000.1     10.96     0.00    -9999
YAKUTSK    031027 3600 220000-230000   00      10.37  999.6     10.98     0.10    -9999
YAKUTSK    031027 3600 230000-240000   00      10.40  998.5     10.93    -0.30    -9999
YAKUTSK    031028 3600 000000-010000   00      10.59  997.9     11.08     1.00    -9999
YAKUTSK    031028 3600 010000-020000   00      10.83  997.0     11.26     2.70    -9999
YAKUTSK    031028 3600 020000-030000   00      10.93  995.9     11.28     2.80    -9999
YAKUTSK    031028 3600 030000-040000   00      11.03  994.5     11.26     2.70    -9999
YAKUTSK    031028 3600 040000-050000   00      11.15  993.3     11.29     2.90    -9999
YAKUTSK    031028 3600 050000-060000   00      11.21  992.2     11.26     2.60    -9999
YAKUTSK    031028 3600 060000-070000   00      11.22  991.4     11.20     2.10    -9999
YAKUTSK    031028 3600 070000-080000   00      11.21  991.0     11.17     1.80    -9999
YAKUTSK    031028 3600 080000-090000   00      11.23  991.0     11.18     2.00    -9999
YAKUTSK    031028 300  090000-090500   00      11.22  991.3     11.19     2.10    -9999
YAKUTSK    031028 300  090500-091000   00      11.02  991.3     11.00     0.30    -9999
YAKUTSK    031028 300  091000-091500   00      11.25  991.4     11.23     2.40    -9999
YAKUTSK    031028 300  091500-092000   00      11.12  991.4     11.10     1.20    -9999
YAKUTSK    031028 300  092000-092500   00      11.38  991.4     11.37     3.70    -9999
YAKUTSK    031028 300  092500-093000   00      11.05  991.4     11.04     0.60    -9999
YAKUTSK    031028 300  093000-093500   00      11.03  991.5     11.02     0.50    -9999
YAKUTSK    031028 300  093500-094000   00      11.05  991.5     11.04     0.70    -9999
YAKUTSK    031028 300  094000-094500   00      11.05  991.5     11.04     0.70    -9999
YAKUTSK    031028 300  094500-095000   00      11.22  991.5     11.21     2.20    -9999
YAKUTSK    031028 300  095000-095500   00      11.02  991.6     11.01     0.40    -9999
YAKUTSK    031028 300  095500-100000   00      10.98  991.6     10.98     0.10    -9999
YAKUTSK    031028 300  100000-100500   00      10.87  991.6     10.87    -0.90    -9999
YAKUTSK    031028 300  100500-101000   00      11.17  991.6     11.17     1.90    -9999
YAKUTSK    031028 300  101000-101500   00      11.12  991.7     11.12     1.40    -9999
YAKUTSK    031028 300  101500-102000   00      10.85  991.7     10.86    -1.00    -9999
YAKUTSK    031028 300  102000-102500   00      11.13  991.7     11.15     1.60    -9999
YAKUTSK    031028 300  102500-103000   00      10.95  991.8     10.96     0.00    -9999
YAKUTSK    031028 300  103000-103500   00      10.87  991.8     10.88    -0.80    -9999
YAKUTSK    031028 300  103500-104000   00      10.97  991.8     10.99     0.20    -9999
YAKUTSK    031028 300  104000-104500   00      11.08  991.9     11.11     1.30    -9999
YAKUTSK    031028 300  104500-105000   00      10.90  991.9     10.92    -0.40    -9999
YAKUTSK    031028 300  105000-105500   00      10.82  991.9     10.84    -1.10    -9999
YAKUTSK    031028 300  105500-110000   00      10.88  992.0     10.91    -0.50    -9999
YAKUTSK    031028 300  110000-110500   00      10.70  992.0     10.73    -2.10    -2.10
YAKUTSK    031028 300  110500-111000   00      10.97  992.0     11.00     0.30     0.30
YAKUTSK    031028 300  111000-111500   00      11.17  992.1     11.20     2.20     2.20
YAKUTSK    031028 300  111500-112000   00      11.08  992.1     11.12     1.40     1.40
YAKUTSK    031028 300  112000-112500   00      11.22  992.1     11.26     2.70     2.70
YAKUTSK    031028 300  112500-113000   00      11.12  992.1     11.16     1.80     1.80
YAKUTSK    031028 300  113000-113500   00      11.23  992.2     11.28     2.80     2.80
YAKUTSK    031028 300  113500-114000   00      11.58  992.2     11.63     6.10     6.10
YAKUTSK    031028 300  114000-114500   00      11.63  992.2     11.68     6.50     6.50
YAKUTSK    031028 300  114500-115000   00      11.47  992.2     11.52     5.00     5.00
YAKUTSK    031028 300  115000-115500   00      11.72  992.3     11.77     7.30     7.30
YAKUTSK    031028 300  115500-120000   00      11.63  992.3     11.69     6.60     6.60
YAKUTSK    031028 300  120000-120500   00      11.97  992.3     12.03     9.70     9.70
YAKUTSK    031028 300  120500-121000   00      11.62  992.3     11.68     6.50     6.50
YAKUTSK    031028 300  121000-121500   00      11.57  992.4     11.63     6.00     6.00
YAKUTSK    031028 300  121500-122000   00      11.62  992.4     11.68     6.50     6.50
YAKUTSK    031028 300  122000-122500   00      11.48  992.4     11.55     5.30     5.30
YAKUTSK    031028 300  122500-123000   00      11.88  992.4     11.95     9.00     9.00
YAKUTSK    031028 300  123000-123500   00      11.58  992.5     11.66     6.30     6.30
YAKUTSK    031028 300  123500-124000   00      11.75  992.5     11.83     7.80     7.80
YAKUTSK    031028 300  124000-124500   00      11.68  992.5     11.76     7.20     7.20
YAKUTSK    031028 300  124500-125000   00      11.75  992.5     11.83     7.90     7.90
YAKUTSK    031028 300  125000-125500   00      11.52  992.6     11.60     5.70     5.70
YAKUTSK    031028 300  125500-130000   00      11.58  992.6     11.67     6.40     6.40
YAKUTSK    031028 300  130000-130500   00      11.45  992.6     11.53     5.20     5.20
YAKUTSK    031028 300  130500-131000   00      11.20  992.7     11.29     2.90     2.90
YAKUTSK    031028 300  131000-131500   00      11.50  992.7     11.59     5.70     5.70
YAKUTSK    031028 300  131500-132000   00      11.50  992.8     11.60     5.80     5.80
YAKUTSK    031028 300  132000-132500   00      11.27  992.9     11.37     3.70     3.70
YAKUTSK    031028 300  132500-133000   00      11.23  992.9     11.34     3.40     3.40
YAKUTSK    031028 300  133000-133500   00      11.45  993.0     11.56     5.40     5.40
YAKUTSK    031028 300  133500-134000   00      11.38  993.0     11.50     4.90     4.90
YAKUTSK    031028 300  134000-134500   00      11.42  993.1     11.54     5.20     5.20
YAKUTSK    031028 300  134500-135000   00      11.40  993.1     11.53     5.10     5.10
YAKUTSK    031028 300  135000-135500   00      11.20  993.2     11.33     3.30     3.30
YAKUTSK    031028 300  135500-140000   00      11.32  993.3     11.45     4.40     4.40
YAKUTSK    031028 300  140000-140500   00      11.28  993.3     11.42     4.20     4.20
YAKUTSK    031028 300  140500-141000   00      11.27  993.4     11.41     4.10     4.10
YAKUTSK    031028 300  141000-141500   00      11.05  993.4     11.20     2.10     2.10
YAKUTSK    031028 300  141500-142000   00      11.20  993.5     11.35     3.50     3.50
YAKUTSK    031028 300  142000-142500   00      11.37  993.5     11.52     5.10     5.10
YAKUTSK    031028 300  142500-143000   00      11.33  993.6     11.50     4.80     4.80
YAKUTSK    031028 300  143000-143500   00      11.03  993.6     11.19     2.10     2.10
YAKUTSK    031028 300  143500-144000   00      11.35  993.7     11.52     5.00     5.00
YAKUTSK    031028 300  144000-144500   00      11.23  993.7     11.41     4.00     4.00
YAKUTSK    031028 300  144500-145000   00      11.15  993.8     11.33     3.30     3.30
YAKUTSK    031028 300  145000-145500   00      11.08  993.8     11.26     2.70     2.70
YAKUTSK    031028 300  145500-150000   00      11.25  993.9     11.44     4.30     4.30
YAKUTSK    031028 300  150000-150500   00      11.27  993.9     11.46     4.50     4.50
YAKUTSK    031028 300  150500-151000   00      11.28  994.0     11.48     4.70     4.70
YAKUTSK    031028 300  151000-151500   00      11.22  994.0     11.41     4.10     4.10
YAKUTSK    031028 300  151500-152000   00      11.10  994.1     11.30     3.00     3.00
YAKUTSK    031028 300  152000-152500   00      11.27  994.1     11.47     4.60     4.60
YAKUTSK    031028 300  152500-153000   00      11.20  994.2     11.41     4.00     4.00
YAKUTSK    031028 300  153000-153500   00      11.32  994.2     11.53     5.20     5.20
YAKUTSK    031028 300  153500-154000   00      11.22  994.3     11.43     4.30     4.30
YAKUTSK    031028 300  154000-154500   00      11.25  994.3     11.47     4.60     4.60
YAKUTSK    031028 300  154500-155000   00      11.03  994.4     11.26     2.60     2.60
YAKUTSK    031028 300  155000-155500   00      11.13  994.4     11.36     3.60     3.60
YAKUTSK    031028 300  155500-160000   00      11.37  994.5     11.60     5.80     5.80
YAKUTSK    031028 300  160000-160500   00      11.07  994.5     11.30     3.00     3.00
YAKUTSK    031028 300  160500-161000   00      11.32  994.5     11.56     5.40     5.40
YAKUTSK    031028 300  161000-161500   00      11.23  994.6     11.48     4.60     4.60
YAKUTSK    031028 300  161500-162000   00      11.50  994.6     11.75     7.10     7.10
YAKUTSK    031028 300  162000-162500   00      11.22  994.6     11.46     4.50     4.50
YAKUTSK    031028 300  162500-163000   00      11.10  994.6     11.35     3.50     3.50
YAKUTSK    031028 300  163000-163500   00      11.08  994.7     11.33     3.30     3.30
YAKUTSK    031028 300  163500-164000   00      11.25  994.7     11.50     4.90     4.90
YAKUTSK    031028 300  164000-164500   00      11.17  994.7     11.42     4.10     4.10
YAKUTSK    031028 300  164500-165000   00      11.00  994.7     11.25     2.60     2.60
YAKUTSK    031028 300  165000-165500   00      11.18  994.8     11.44     4.30     4.30
YAKUTSK    031028 300  165500-170000   00      11.02  994.8     11.27     2.80     2.80
YAKUTSK    031028 300  170000-170500   00      11.27  994.8     11.53     5.10     5.10
YAKUTSK    031028 300  170500-171000   00      11.17  994.8     11.43     4.20     4.20
YAKUTSK    031028 300  171000-171500   00      11.05  994.9     11.31     3.20     3.20
YAKUTSK    031028 300  171500-172000   00      11.35  994.9     11.62     6.00     6.00
YAKUTSK    031028 300  172000-172500   00      11.27  994.9     11.54     5.20     5.20
YAKUTSK    031028 300  172500-173000   00      11.25  995.0     11.53     5.10     5.10
YAKUTSK    031028 300  173000-173500   00      11.33  995.0     11.62     5.90     5.90
YAKUTSK    031028 300  173500-174000   00      11.28  995.0     11.57     5.50     5.50
YAKUTSK    031028 300  174000-174500   00      11.33  995.1     11.62     6.00     6.00
YAKUTSK    031028 300  174500-175000   00      11.20  995.1     11.49     4.70     4.70
YAKUTSK    031028 300  175000-175500   00      11.02  995.1     11.30     3.10     3.10
YAKUTSK    031028 300  175500-180000   00      11.22  995.2     11.51     5.00     5.00
YAKUTSK    031028 300  180000-180500   00      11.18  995.2     11.48     4.70     4.70
YAKUTSK    031028 300  180500-181000   00      11.22  995.3     11.52     5.00     5.00
YAKUTSK    031028 300  181000-181500   00      11.03  995.3     11.33     3.30     3.30
YAKUTSK    031028 300  181500-182000   00      11.27  995.3     11.57     5.50     5.50
YAKUTSK    031028 300  182000-182500   00      11.20  995.4     11.51     4.90     4.90
YAKUTSK    031028 300  182500-183000   00      11.18  995.4     11.50     4.80     4.80
YAKUTSK    031028 300  183000-183500   00      11.08  995.5     11.40     3.90     3.90
YAKUTSK    031028 300  183500-184000   00      10.92  995.5     11.23     2.40     2.40
YAKUTSK    031028 300  184000-184500   00      11.08  995.5     11.40     4.00     4.00
YAKUTSK    031028 300  184500-185000   00      11.12  995.6     11.44     4.30     4.30
YAKUTSK    031028 300  185000-185500   00      10.97  995.6     11.29     2.90     2.90
YAKUTSK    031028 300  185500-190000   00      11.12  995.7     11.45     4.40     4.40
YAKUTSK    031028 300  190000-190500   00      11.03  995.7     11.36     3.60     3.60
YAKUTSK    031028 300  190500-191000   00      11.22  995.7     11.55     5.40     5.40
YAKUTSK    031028 300  191000-191500   00      10.95  995.7     11.28     2.90     2.90
YAKUTSK    031028 300  191500-192000   00      11.12  995.7     11.45     4.40     4.40
YAKUTSK    031028 300  192000-192500   00      11.10  995.7     11.44     4.30     4.30
YAKUTSK    031028 300  192500-193000   00      11.25  995.7     11.59     5.70     5.70
YAKUTSK    031028 300  193000-193500   00      11.32  995.8     11.66     6.30     6.30
YAKUTSK    031028 300  193500-194000   00      10.97  995.8     11.30     3.00     3.00
YAKUTSK    031028 300  194000-194500   00      11.05  995.8     11.39     3.80     3.80
YAKUTSK    031028 300  194500-195000   00      11.13  995.8     11.47     4.60     4.60
YAKUTSK    031028 300  195000-195500   00      11.00  995.8     11.34     3.40     3.40
YAKUTSK    031028 300  195500-200000   00      11.13  995.8     11.47     4.60     4.60
YAKUTSK    031028 300  200000-200500   00      11.18  995.8     11.53     5.10     5.10
YAKUTSK    031028 300  200500-201000   00      10.90  995.8     11.24     2.50     2.50
YAKUTSK    031028 300  201000-201500   00      10.98  995.8     11.32     3.20     3.20
YAKUTSK    031028 300  201500-202000   00      11.10  995.8     11.44     4.30     4.30
YAKUTSK    031028 300  202000-202500   00      11.15  995.8     11.50     4.80     4.80
YAKUTSK    031028 300  202500-203000   00      11.20  995.8     11.55     5.30     5.30
YAKUTSK    031028 300  203000-203500   00      11.18  995.9     11.53     5.10     5.10
YAKUTSK    031028 300  203500-204000   00      11.12  995.9     11.46     4.50     4.50
YAKUTSK    031028 300  204000-204500   00      11.18  995.9     11.53     5.20     5.20
YAKUTSK    031028 300  204500-205000   00      11.08  995.9     11.43     4.20     4.20
YAKUTSK    031028 300  205000-205500   00      11.12  995.9     11.47     4.50     4.50
YAKUTSK    031028 300  205500-210000   00      11.00  995.9     11.35     3.50     3.50
YAKUTSK    031028 300  210000-210500   00      11.15  995.9     11.50     4.90     4.90
YAKUTSK    031028 300  210500-211000   00      11.03  995.9     11.38     3.80     3.80
YAKUTSK    031028 300  211000-211500   00      11.13  995.9     11.49     4.70     4.70
YAKUTSK    031028 300  211500-212000   00      11.12  996.0     11.47     4.60     4.60
YAKUTSK    031028 300  212000-212500   00      11.02  996.0     11.37     3.70     3.70
YAKUTSK    031028 300  212500-213000   00      11.13  996.0     11.49     4.80     4.80
YAKUTSK    031028 300  213000-213500   00      10.90  996.0     11.25     2.60     2.60
YAKUTSK    031028 300  213500-214000   00      11.00  996.0     11.36     3.50     3.50
YAKUTSK    031028 300  214000-214500   00      11.05  996.0     11.41     4.00     4.00
YAKUTSK    031028 300  214500-215000   00      11.05  996.1     11.41     4.00     4.00
YAKUTSK    031028 300  215000-215500   00      10.93  996.1     11.29     3.00     3.00
YAKUTSK    031028 300  215500-220000   00      11.12  996.1     11.48     4.70     4.70
YAKUTSK    031028 300  220000-220500   00      11.08  996.1     11.45     4.40     4.40
YAKUTSK    031028 300  220500-221000   00      10.98  996.1     11.35     3.50     3.50
YAKUTSK    031028 300  221000-221500   00      11.13  996.1     11.50     4.90     4.90
YAKUTSK    031028 300  221500-222000   00      11.10  996.1     11.47     4.60     4.60
YAKUTSK    031028 300  222000-222500   00      11.02  996.1     11.38     3.80     3.80
YAKUTSK    031028 300  222500-223000   00      11.08  996.1     11.45     4.40     4.40
YAKUTSK    031028 300  223000-223500   00      11.18  996.2     11.56     5.40     5.40
YAKUTSK    031028 300  223500-224000   00      11.08  996.2     11.45     4.40     4.40
YAKUTSK    031028 300  224000-224500   00      11.23  996.2     11.61     5.90     5.90
YAKUTSK    031028 300  224500-225000   00      10.97  996.2     11.33     3.40     3.40
YAKUTSK    031028 300  225000-225500   00      11.10  996.2     11.47     4.60     4.60
YAKUTSK    031028 300  225500-230000   00      10.82  996.2     11.18     1.90     1.90
YAKUTSK    031028 300  230000-230500   00      11.12  996.2     11.49     4.80     4.80
YAKUTSK    031028 300  230500-231000   00      11.00  996.2     11.37     3.70     3.70
YAKUTSK    031028 300  231000-231500   00      11.07  996.3     11.45     4.40     4.40
YAKUTSK    031028 300  231500-232000   00      11.03  996.3     11.41     4.10     4.10
YAKUTSK    031028 300  232000-232500   00      11.15  996.3     11.54     5.20     5.20
YAKUTSK    031028 300  232500-233000   00      11.07  996.4     11.45     4.40     4.40
YAKUTSK    031028 300  233000-233500   00      11.10  996.4     11.49     4.80     4.80
YAKUTSK    031028 300  233500-234000   00      11.05  996.4     11.44     4.30     4.30
YAKUTSK    031028 300  234000-234500   00      11.10  996.5     11.50     4.80     4.80
YAKUTSK    031028 300  234500-235000   00      11.12  996.5     11.52     5.00     5.00
YAKUTSK    031028 300  235000-235500   00      11.03  996.5     11.43     4.30     4.30
YAKUTSK    031028 300  235500-240000   00      10.88  996.6     11.28     2.90     2.90
YAKUTSK    031029 300  000000-000500   00      11.20  996.6     11.61     5.90     5.90
YAKUTSK    031029 300  000500-001000   00      10.95  996.7     11.36     3.60     3.60
YAKUTSK    031029 300  001000-001500   00      11.12  996.7     11.53     5.20     5.20
YAKUTSK    031029 300  001500-002000   00      10.92  996.7     11.33     3.30     3.30
YAKUTSK    031029 300  002000-002500   00      10.87  996.8     11.28     2.90     2.90
YAKUTSK    031029 300  002500-003000   00      11.07  996.8     11.49     4.80     4.80
YAKUTSK    031029 300  003000-003500   00      11.03  996.9     11.46     4.50     4.50
YAKUTSK    031029 300  003500-004000   00      11.02  996.9     11.45     4.40     4.40
YAKUTSK    031029 300  004000-004500   00      11.10  997.0     11.54     5.20     5.20
YAKUTSK    031029 300  004500-005000   00      11.00  997.0     11.44     4.30     4.30
YAKUTSK    031029 300  005000-005500   00      10.95  997.0     11.39     3.80     3.80
YAKUTSK    031029 300  005500-010000   00      10.98  997.1     11.42     4.20     4.20
YAKUTSK    031029 300  010000-010500   00      10.88  997.1     11.32     3.30     3.30
YAKUTSK    031029 300  010500-011000   00      11.00  997.2     11.45     4.40     4.40
YAKUTSK    031029 300  011000-011500   00      10.83  997.2     11.28     2.90     2.90
YAKUTSK    031029 300  011500-012000   00      11.00  997.3     11.46     4.50     4.50
YAKUTSK    031029 300  012000-012500   00      11.02  997.3     11.48     4.70     4.70
YAKUTSK    031029 300  012500-013000   00      11.08  997.4     11.55     5.40     5.40
YAKUTSK    031029 300  013000-013500   00      10.93  997.4     11.40     4.00     4.00
YAKUTSK    031029 300  013500-014000   00      11.03  997.5     11.51     5.00     5.00
YAKUTSK    031029 300  014000-014500   00      11.08  997.5     11.57     5.50     5.50
YAKUTSK    031029 300  014500-015000   00      10.87  997.6     11.34     3.40     3.40
YAKUTSK    031029 300  015000-015500   00      11.07  997.6     11.56     5.40     5.40
YAKUTSK    031029 300  015500-020000   00      10.75  997.7     11.23     2.40     2.40
YAKUTSK    031029 300  020000-020500   00      10.98  997.7     11.48     4.70     4.70
YAKUTSK    031029 300  020500-021000   00      11.00  997.8     11.50     4.90     4.90
YAKUTSK    031029 300  021000-021500   00      10.82  997.8     11.31     3.10     3.10
YAKUTSK    031029 300  021500-022000   00      10.98  997.8     11.49     4.80     4.80
YAKUTSK    031029 300  022000-022500   00      10.92  997.9     11.42     4.20     4.20
YAKUTSK    031029 300  022500-023000   00      10.85  997.9     11.36     3.50     3.50
YAKUTSK    031029 300  023000-023500   00      11.00  998.0     11.52     5.00     5.00
YAKUTSK    031029 300  023500-024000   00      10.95  998.0     11.47     4.60     4.60
YAKUTSK    031029 300  024000-024500   00      10.93  998.0     11.45     4.40     4.40
YAKUTSK    031029 300  024500-025000   00      11.08  998.1     11.61     5.90     5.90
YAKUTSK    031029 300  025000-025500   00      10.87  998.1     11.39     3.90     3.90
YAKUTSK    031029 300  025500-030000   00      10.97  998.2     11.50     4.80     4.80
YAKUTSK    031029 300  030000-030500   00      11.00  998.2     11.54     5.20     5.20
YAKUTSK    031029 300  030500-031000   00      10.90  998.2     11.43     4.30     4.30
YAKUTSK    031029 300  031000-031500   00      10.98  998.3     11.52     5.10     5.10
YAKUTSK    031029 300  031500-032000   00      10.90  998.3     11.44     4.30     4.30
YAKUTSK    031029 300  032000-032500   00      10.83  998.3     11.37     3.70     3.70
YAKUTSK    031029 300  032500-033000   00      10.87  998.4     11.41     4.00     4.00
YAKUTSK    031029 300  033000-033500   00      10.97  998.4     11.52     5.00     5.00
YAKUTSK    031029 300  033500-034000   00      11.03  998.4     11.59     5.70     5.70
YAKUTSK    031029 300  034000-034500   00      10.95  998.5     11.51     4.90     4.90
YAKUTSK    031029 300  034500-035000   00      11.17  998.5     11.74     7.00     7.00
YAKUTSK    031029 300  035000-035500   00      10.75  998.5     11.30     3.10     3.10
YAKUTSK    031029 300  035500-040000   00      10.70  998.6     11.25     2.60     2.60
YAKUTSK    031029 300  040000-040500   00      10.92  998.6     11.48     4.70     4.70
YAKUTSK    031029 300  040500-041000   00      10.77  998.6     11.33     3.30     3.30
YAKUTSK    031029 300  041000-041500   00      10.93  998.7     11.51     4.90     4.90
YAKUTSK    031029 300  041500-042000   00      10.90  998.7     11.47     4.60     4.60
YAKUTSK    031029 300  042000-042500   00      10.85  998.7     11.42     4.20     4.20
YAKUTSK    031029 300  042500-043000   00      10.75  998.8     11.32     3.20     3.20
YAKUTSK    031029 300  043000-043500   00      10.75  998.8     11.32     3.20     3.20
YAKUTSK    031029 300  043500-044000   00      10.80  998.8     11.38     3.80     3.80
YAKUTSK    031029 300  044000-044500   00      10.80  998.9     11.38     3.80     3.80
YAKUTSK    031029 300  044500-045000   00      10.95  998.9     11.54     5.20     5.20
YAKUTSK    031029 300  045000-045500   00      10.73  998.9     11.32     3.20     3.20
YAKUTSK    031029 300  045500-050000   00      10.90  999.0     11.49     4.80     4.80
YAKUTSK    031029 300  050000-050500   00      10.75  999.0     11.34     3.40     3.40
YAKUTSK    031029 300  050500-051000   00      10.78  999.0     11.38     3.70     3.70
YAKUTSK    031029 300  051000-051500   00      10.82  999.0     11.41     4.10     4.10
YAKUTSK    031029 300  051500-052000   00      10.87  999.1     11.47     4.60     4.60
YAKUTSK    031029 300  052000-052500   00      10.82  999.1     11.41     4.10     4.10
YAKUTSK    031029 300  052500-053000   00      10.87  999.1     11.47     4.60     4.60
YAKUTSK    031029 300  053000-053500   00      10.88  999.1     11.49     4.80     4.80
YAKUTSK    031029 300  053500-054000   00      10.88  999.1     11.49     4.80     4.80
YAKUTSK    031029 300  054000-054500   00      10.88  999.1     11.49     4.80     4.80
YAKUTSK    031029 300  054500-055000   00      10.73  999.2     11.33     3.30     3.30
YAKUTSK    031029 300  055000-055500   00      10.75  999.2     11.35     3.50     3.50
YAKUTSK    031029 300  055500-060000   00      10.60  999.2     11.20     2.10     2.10
YAKUTSK    031029 300  060000-060500   00      10.75  999.2     11.36     3.50     3.50
YAKUTSK    031029 300  060500-061000   00      10.83  999.2     11.45     4.40     4.40
YAKUTSK    031029 300  061000-061500   00      10.95  999.3     11.57     5.50     5.50
YAKUTSK    031029 300  061500-062000   00      10.73  999.3     11.35     3.50     3.50
YAKUTSK    031029 300  062000-062500   00      10.80  999.3     11.42     4.10     4.10
YAKUTSK    031029 300  062500-063000   00      10.77  999.4     11.39     3.80     3.80
YAKUTSK    031029 300  063000-063500   00      10.87  999.4     11.50     4.80    -9999
YAKUTSK    031029 300  063500-064000   00      10.63  999.4     11.25     2.60    -9999
YAKUTSK    031029 300  064000-064500   00      10.30  999.5     10.90    -0.60    -9999
YAKUTSK    031029 300  064500-065000   00      10.25  999.5     10.85    -1.10    -9999
YAKUTSK    031029 300  065000-065500   00      10.42  999.5     11.03     0.60    -9999
YAKUTSK    031029 300  065500-070000   00      10.40  999.6     11.02     0.40    -9999
YAKUTSK    031029 300  070000-070500   00      10.22  999.6     10.82    -1.30    -9999
YAKUTSK    031029 300  070500-071000   00      10.67  999.6     11.30     3.10    -9999
YAKUTSK    031029 300  071000-071500   00      10.45  999.7     11.07     1.00    -9999
YAKUTSK    031029 300  071500-072000   00      10.30  999.7     10.92    -0.40    -9999
YAKUTSK    031029 300  072000-072500   00      10.40  999.7     11.03     0.50    -9999
YAKUTSK    031029 300  072500-073000   00      10.13  999.7     10.74    -2.00    -9999
YAKUTSK    031029 300  073000-073500   00      10.37  999.8     10.99     0.20    -9999
YAKUTSK    031029 300  073500-074000   00      10.35  999.8     10.98     0.10    -9999
YAKUTSK    031029 300  074000-074500   00      10.27  999.8     10.89    -0.70    -9999
YAKUTSK    031029 300  074500-075000   00      10.20  999.8     10.82    -1.30    -9999
YAKUTSK    031029 300  075000-075500   00      10.15  999.9     10.77    -1.80    -9999
YAKUTSK    031029 300  075500-080000   00      10.33  999.9     10.97     0.00    -9999
YAKUTSK    031029 300  080000-080500   00      10.57  999.9     11.22     2.30    -9999
YAKUTSK    031029 300  080500-081000   00      10.42  999.9     11.06     0.80    -9999
YAKUTSK    031029 300  081000-081500   00      10.35  999.9     10.99     0.20    -9999
YAKUTSK    031029 300  081500-082000   00      10.30  999.9     10.94    -0.30    -9999
YAKUTSK    031029 300  082000-082500   00      10.43  999.9     11.08     1.00    -9999
YAKUTSK    031029 300  082500-083000   00      10.50  999.9     11.15     1.70    -9999
YAKUTSK    031029 300  083000-083500   00      10.40 1000.0     11.04     0.70    -9999
YAKUTSK    031029 300  083500-084000   00      10.23 1000.0     10.87    -0.90    -9999
YAKUTSK    031029 300  084000-084500   00      10.58 1000.0     11.24     2.50    -9999
YAKUTSK    031029 300  084500-085000   00      10.30 1000.0     10.94    -0.20    -9999
YAKUTSK    031029 300  085000-085500   00      10.45 1000.0     11.10     1.20    -9999
YAKUTSK    031029 300  085500-090000   00      10.37 1000.0     11.01     0.40    -9999
YAKUTSK    031029 300  090000-090500   00      10.20 1000.0     10.84    -1.20    -9999
YAKUTSK    031029 300  090500-091000   00      10.13 1000.0     10.77    -1.80    -9999
YAKUTSK    031029 300  091000-091500   00      10.12 1000.0     10.75    -2.00    -9999
YAKUTSK    031029 300  091500-092000   00      10.12 1000.0     10.75    -2.00    -9999
YAKUTSK    031029 300  092000-092500   00       9.93 1000.0     10.55    -3.80    -9999
YAKUTSK    031029 300  092500-093000   00       9.87 1000.0     10.48    -4.40    -9999
YAKUTSK    031029 300  093000-093500   00      10.07 1000.0     10.69    -2.50    -9999
YAKUTSK    031029 300  093500-094000   00       9.98 1000.0     10.61    -3.30    -9999
YAKUTSK    031029 300  094000-094500   00       9.95 1000.0     10.57    -3.60    -9999
YAKUTSK    031029 300  094500-095000   00       9.92 1000.0     10.53    -3.90    -9999
YAKUTSK    031029 300  095000-095500   00       9.82 1000.0     10.43    -4.90    -9999
YAKUTSK    031029 300  095500-100000   00       9.93 1000.0     10.55    -3.80    -9999
YAKUTSK    031029 300  100000-100500   00       9.87 1000.0     10.48    -4.40    -9999
YAKUTSK    031029 300  100500-101000   00      10.15 1000.0     10.78    -1.70    -9999
YAKUTSK    031029 300  101000-101500   00      10.12 1000.0     10.75    -2.00    -9999
YAKUTSK    031029 300  101500-102000   00      10.08 1000.0     10.71    -2.30    -9999
YAKUTSK    031029 300  102000-102500   00      10.07 1000.0     10.70    -2.50    -9999
YAKUTSK    031029 300  102500-103000   00       9.97 1000.0     10.59    -3.40    -9999
YAKUTSK    031029 300  103000-103500   00      10.08 1000.1     10.72    -2.30    -9999
YAKUTSK    031029 300  103500-104000   00       9.80 1000.1     10.42    -5.00    -9999
YAKUTSK    031029 300  104000-104500   00       9.85 1000.1     10.47    -4.50    -9999
YAKUTSK    031029 300  104500-105000   00       9.83 1000.1     10.45    -4.70    -9999
YAKUTSK    031029 300  105000-105500   00       9.98 1000.1     10.61    -3.20    -9999
YAKUTSK    031029 300  105500-110000   00       9.73 1000.1     10.35    -5.60    -9999
YAKUTSK    031029 300  110000-110500   00       9.97 1000.1     10.60    -3.40    -9999
YAKUTSK    031029 300  110500-111000   00       9.65 1000.1     10.26    -6.50    -9999
YAKUTSK    031029 300  111000-111500   00       9.55 1000.1     10.15    -7.40    -9999
YAKUTSK    031029 300  111500-112000   00       9.53 1000.1     10.13    -7.60    -9999
YAKUTSK    031029 300  112000-112500   00       9.27 1000.1      9.85   -10.20    -9999
YAKUTSK    031029 300  112500-113000   00       9.22 1000.1      9.80   -10.70    -9999
YAKUTSK    031029 300  113000-113500   00       9.17 1000.1      9.75   -11.10    -9999
YAKUTSK    031029 300  113500-114000   00       9.00 1000.1      9.57   -12.80    -9999
YAKUTSK    031029 300  114000-114500   00       9.10 1000.1      9.67   -11.80    -9999
YAKUTSK    031029 300  114500-115000   00       8.98 1000.1      9.55   -12.90    -9999
YAKUTSK    031029 300  115000-115500   00       8.90 1000.1      9.46   -13.70    -9999
YAKUTSK    031029 300  115500-120000   00       8.83 1000.1      9.39   -14.40    -9999
YAKUTSK    031029 3600 120000-130000   00       8.79 1000.1      9.34   -14.80    -9999
YAKUTSK    031029 3600 130000-140000   00       8.63 1000.0      9.17   -16.40    -9999
YAKUTSK    031029 3600 140000-150000   00       8.70  999.9      9.23   -15.80    -9999
YAKUTSK    031029 3600 150000-160000   00       8.81  999.8      9.34   -14.80    -9999
YAKUTSK    031029 3600 160000-170000   00       8.86  999.7      9.40   -14.30    -9999
YAKUTSK    031029 3600 170000-180000   00       8.48  999.7      8.99   -18.00    -9999
YAKUTSK    031029 3600 180000-190000   00       8.67  999.9      9.20   -16.10    -9999
YAKUTSK    031029 3600 190000-200000   00       8.62 1000.1      9.16   -16.40    -9999
YAKUTSK    031029 3600 200000-210000   00       8.63 1000.2      9.18   -16.20    -9999
YAKUTSK    031029 3600 210000-220000   00       9.18 1000.3      9.77   -10.90    -9999
YAKUTSK    031029 3600 220000-230000   00       9.31 1000.5      9.93    -9.50    -9999
YAKUTSK    031029 3600 230000-240000   00    -999.00 -999.0   -999.00    -9999    -9999
*
Comments: The clock is supporting by Internet ClockServer;	
COMMENT UNIVERISTY OF OULU: FILE GENERATED FROM DATABASE AND OBTAINED FROM
COMMENT https://gle.oulu.fi at 2023-04-03 12:51:18 +00:00
COMMENT FOR HISTORICAL/ORIGINAL TEXT FILES SEE https://gle.oulu.fi/txtarchive/
COMMENT ORIGINAL AT https://gle.oulu.fi/txtarchive/GLE65/C065YKTK_cor.DAT
COMMENT DETRENDED DATA SHOW -9999 IF EQUAL TO INC% COLUMN 