NORILSK    LATITUDE    69.26     LONGITUDE     88.05     ALTITUDE    0 M
NORILSK    INSTRUMENT   18NM64    NEUTRON MONITOR     	
NORILSK    STANDARD PRESSURE    998.5   mb     COEFFICIENT   -0.71     % / mb
NORILSK    PRE-INCREASE BASELINE TIME INTERVAL    031028    100000-110000   UT
NORILSK    PRE-INCREASE AVERAGE COUNTING RATE    111.40      COUNTS PER SECOND
NORILSK    TIME INTERVALS    300         3600     
NORILSK    SCALE FACTORS     1           1        
STATION    YYMMDD  SEC   TIME (UT)   CODE    UNCORR. PRESS.    CORR.    % INC.	DETRENDED
                         INTERVAL    TD      C/S     (mb)      C/S
NORILSK    031027 3600 000000-010000   00     113.17  995.3    110.62    -0.70    -9999
NORILSK    031027 3600 010000-020000   00     113.91  993.8    110.17    -1.10    -9999
NORILSK    031027 3600 020000-030000   00     115.26  992.3    110.30    -1.00    -9999
NORILSK    031027 3600 030000-040000   00     116.07  990.8    109.89    -1.40    -9999
NORILSK    031027 3600 040000-050000   00     117.87  989.5    110.57    -0.70    -9999
NORILSK    031027 3600 050000-060000   00     120.88  988.1    112.28     0.80    -9999
NORILSK    031027 3600 060000-070000   00     123.39  986.7    113.47     1.90    -9999
NORILSK    031027 3600 070000-080000   00     125.16  985.6    114.21     2.50    -9999
NORILSK    031027 3600 080000-090000   00     124.11  985.0    112.76     1.20    -9999
NORILSK    031027 3600 090000-100000   00     124.50  984.8    112.96     1.40    -9999
NORILSK    031027 3600 100000-110000   00     123.46  984.9    112.09     0.60    -9999
NORILSK    031027 3600 110000-120000   00     123.41  985.0    112.13     0.70    -9999
NORILSK    031027 3600 120000-130000   00     123.03  985.1    111.87     0.40    -9999
NORILSK    031027 3600 130000-140000   00     123.69  985.3    112.62     1.10    -9999
NORILSK    031027 3600 140000-150000   00     123.40  985.6    112.60     1.10    -9999
NORILSK    031027 3600 150000-160000   00     123.32  985.8    112.69     1.20    -9999
NORILSK    031027 3600 160000-170000   00     121.98  986.1    111.70     0.30    -9999
NORILSK    031027 3600 170000-180000   00     121.93  986.4    111.90     0.40    -9999
NORILSK    031027 3600 180000-190000   00     122.31  986.8    112.56     1.00    -9999
NORILSK    031027 3600 190000-200000   00     121.53  987.3    112.24     0.80    -9999
NORILSK    031027 3600 200000-210000   00     120.48  988.0    111.82     0.40    -9999
NORILSK    031027 3600 210000-220000   00     120.42  988.6    112.25     0.80    -9999
NORILSK    031027 3600 220000-230000   00     120.01  989.2    112.34     0.80    -9999
NORILSK    031027 3600 230000-240000   00     119.51  989.8    112.35     0.90    -9999
NORILSK    031028 3600 000000-010000   00     117.96  990.4    111.37     0.00    -9999
NORILSK    031028 3600 010000-020000   00     117.79  991.0    111.68     0.30    -9999
NORILSK    031028 3600 020000-030000   00     117.49  991.7    111.95     0.50    -9999
NORILSK    031028 3600 030000-040000   00     117.35  992.4    112.38     0.90    -9999
NORILSK    031028 3600 040000-050000   00     116.40  993.1    112.02     0.60    -9999
NORILSK    031028 3600 050000-060000   00     115.94  994.0    112.30     0.80    -9999
NORILSK    031028 3600 060000-070000   00     115.17  994.7    112.10     0.60    -9999
NORILSK    031028 3600 070000-080000   00     114.02  995.7    111.78     0.30    -9999
NORILSK    031028 3600 080000-090000   00     112.75  996.7    111.32    -0.10    -9999
NORILSK    031028 300  090000-090500   00     110.95  997.7    110.34    -1.00    -9999
NORILSK    031028 300  090500-091000   00     113.62  997.8    113.04     1.50    -9999
NORILSK    031028 300  091000-091500   00     114.22  997.9    113.71     2.10    -9999
NORILSK    031028 300  091500-092000   00     111.95  997.9    111.49     0.10    -9999
NORILSK    031028 300  092000-092500   00     112.37  998.0    111.97     0.50    -9999
NORILSK    031028 300  092500-093000   00     110.84  998.1    110.49    -0.80    -9999
NORILSK    031028 300  093000-093500   00     112.31  998.1    112.01     0.50    -9999
NORILSK    031028 300  093500-094000   00     112.75  998.2    112.50     1.00    -9999
NORILSK    031028 300  094000-094500   00     113.83  998.3    113.64     2.00    -9999
NORILSK    031028 300  094500-095000   00     111.03  998.3    110.90    -0.40    -9999
NORILSK    031028 300  095000-095500   00     111.85  998.4    111.77     0.30    -9999
NORILSK    031028 300  095500-100000   00     112.01  998.5    111.98     0.50    -9999
NORILSK    031028 300  100000-100500   00     110.67  998.5    110.68    -0.60    -9999
NORILSK    031028 300  100500-101000   00     111.60  998.6    111.67     0.20    -9999
NORILSK    031028 300  101000-101500   00     112.26  998.6    112.37     0.90    -9999
NORILSK    031028 300  101500-102000   00     109.73  998.7    109.88    -1.40    -9999
NORILSK    031028 300  102000-102500   00     112.25  998.8    112.46     1.00    -9999
NORILSK    031028 300  102500-103000   00     110.20  998.8    110.44    -0.90    -9999
NORILSK    031028 300  103000-103500   00     110.92  998.9    111.21    -0.20    -9999
NORILSK    031028 300  103500-104000   00     110.83  998.9    111.17    -0.20    -9999
NORILSK    031028 300  104000-104500   00     111.59  999.0    111.98     0.50    -9999
NORILSK    031028 300  104500-105000   00     110.82  999.0    111.25    -0.10    -9999
NORILSK    031028 300  105000-105500   00     111.83  999.1    112.31     0.80    -9999
NORILSK    031028 300  105500-110000   00     110.91  999.2    111.43     0.00    -9999
NORILSK    031028 300  110000-110500   00     107.31  999.2    107.85    -3.20    -3.20
NORILSK    031028 300  110500-111000   00     108.71  999.2    109.29    -1.90    -1.90
NORILSK    031028 300  111000-111500   00     114.51  999.3    115.15     3.40     3.40
NORILSK    031028 300  111500-112000   00     133.69  999.3    134.46    20.70    20.70
NORILSK    031028 300  112000-112500   00     124.85  999.3    125.61    12.80    12.80
NORILSK    031028 300  112500-113000   00     115.53  999.4    116.26     4.40     4.40
NORILSK    031028 300  113000-113500   00     115.66  999.4    116.41     4.50     4.50
NORILSK    031028 300  113500-114000   00     114.46  999.4    115.23     3.40     3.40
NORILSK    031028 300  114000-114500   00     114.13  999.5    114.92     3.20     3.20
NORILSK    031028 300  114500-115000   00     115.69  999.5    116.53     4.60     4.60
NORILSK    031028 300  115000-115500   00     114.56  999.5    115.42     3.60     3.60
NORILSK    031028 300  115500-120000   00     116.32  999.6    117.22     5.20     5.20
NORILSK    031028 300  120000-120500   00     114.71  999.6    115.62     3.80     3.80
NORILSK    031028 300  120500-121000   00     114.13  999.7    115.08     3.30     3.30
NORILSK    031028 300  121000-121500   00     113.64  999.7    114.62     2.90     2.90
NORILSK    031028 300  121500-122000   00     114.53  999.7    115.54     3.70     3.70
NORILSK    031028 300  122000-122500   00     112.87  999.8    113.91     2.30     2.30
NORILSK    031028 300  122500-123000   00     116.38  999.8    117.48     5.50     5.50
NORILSK    031028 300  123000-123500   00     114.35  999.9    115.46     3.60     3.60
NORILSK    031028 300  123500-124000   00     116.65  999.9    117.82     5.80     5.80
NORILSK    031028 300  124000-124500   00     113.83 1000.0    115.01     3.20     3.20
NORILSK    031028 300  124500-125000   00     115.07 1000.0    116.29     4.40     4.40
NORILSK    031028 300  125000-125500   00     115.37 1000.0    116.63     4.70     4.70
NORILSK    031028 300  125500-130000   00     114.30 1000.1    115.59     3.80     3.80
NORILSK    031028 300  130000-130500   00     116.10 1000.1    117.45     5.40     5.40
NORILSK    031028 300  130500-131000   00     113.00 1000.2    114.36     2.70     2.70
NORILSK    031028 300  131000-131500   00     114.29 1000.2    115.71     3.90     3.90
NORILSK    031028 300  131500-132000   00     113.02 1000.3    114.48     2.80     2.80
NORILSK    031028 300  132000-132500   00     114.50 1000.4    116.02     4.10     4.10
NORILSK    031028 300  132500-133000   00     114.51 1000.4    116.07     4.20     4.20
NORILSK    031028 300  133000-133500   00     115.03 1000.5    116.65     4.70     4.70
NORILSK    031028 300  133500-134000   00     113.78 1000.5    115.43     3.60     3.60
NORILSK    031028 300  134000-134500   00     114.61 1000.6    116.33     4.40     4.40
NORILSK    031028 300  134500-135000   00     114.38 1000.6    116.13     4.20     4.20
NORILSK    031028 300  135000-135500   00     113.56 1000.7    115.35     3.50     3.50
NORILSK    031028 300  135500-140000   00     113.35 1000.8    115.19     3.40     3.40
NORILSK    031028 300  140000-140500   00     114.07 1000.8    115.97     4.10     4.10
NORILSK    031028 300  140500-141000   00     112.45 1000.9    114.36     2.70     2.70
NORILSK    031028 300  141000-141500   00     114.59 1000.9    116.58     4.60     4.60
NORILSK    031028 300  141500-142000   00     112.24 1001.0    114.22     2.50     2.50
NORILSK    031028 300  142000-142500   00     114.39 1001.0    116.46     4.50     4.50
NORILSK    031028 300  142500-143000   00     112.30 1001.1    114.37     2.70     2.70
NORILSK    031028 300  143000-143500   00     114.09 1001.1    116.23     4.30     4.30
NORILSK    031028 300  143500-144000   00     112.73 1001.2    114.88     3.10     3.10
NORILSK    031028 300  144000-144500   00     111.83 1001.2    114.01     2.30     2.30
NORILSK    031028 300  144500-145000   00     111.71 1001.3    113.93     2.30     2.30
NORILSK    031028 300  145000-145500   00     113.10 1001.3    115.39     3.60     3.60
NORILSK    031028 300  145500-150000   00     113.14 1001.4    115.47     3.70     3.70
NORILSK    031028 300  150000-150500   00     113.35 1001.4    115.72     3.90     3.90
NORILSK    031028 300  150500-151000   00     111.86 1001.5    114.24     2.50     2.50
NORILSK    031028 300  151000-151500   00     114.02 1001.5    116.47     4.60     4.60
NORILSK    031028 300  151500-152000   00     110.11 1001.5    112.51     1.00     1.00
NORILSK    031028 300  152000-152500   00     114.07 1001.6    116.59     4.70     4.70
NORILSK    031028 300  152500-153000   00     112.88 1001.6    115.41     3.60     3.60
NORILSK    031028 300  153000-153500   00     113.07 1001.7    115.64     3.80     3.80
NORILSK    031028 300  153500-154000   00     112.70 1001.7    115.30     3.50     3.50
NORILSK    031028 300  154000-154500   00     111.55 1001.8    114.16     2.50     2.50
NORILSK    031028 300  154500-155000   00     111.26 1001.8    113.90     2.20     2.20
NORILSK    031028 300  155000-155500   00     113.87 1001.8    116.60     4.70     4.70
NORILSK    031028 300  155500-160000   00     114.02 1001.9    116.79     4.80     4.80
NORILSK    031028 300  160000-160500   00     113.03 1001.9    115.80     3.90     3.90
NORILSK    031028 300  160500-161000   00     111.93 1002.0    114.71     3.00     3.00
NORILSK    031028 300  161000-161500   00     110.84 1002.0    113.62     2.00     2.00
NORILSK    031028 300  161500-162000   00     111.37 1002.0    114.20     2.50     2.50
NORILSK    031028 300  162000-162500   00     113.86 1002.1    116.79     4.80     4.80
NORILSK    031028 300  162500-163000   00     112.54 1002.1    115.48     3.70     3.70
NORILSK    031028 300  163000-163500   00     113.07 1002.2    116.06     4.20     4.20
NORILSK    031028 300  163500-164000   00     111.24 1002.2    114.20     2.50     2.50
NORILSK    031028 300  164000-164500   00     112.09 1002.3    115.11     3.30     3.30
NORILSK    031028 300  164500-165000   00     110.36 1002.3    113.37     1.80     1.80
NORILSK    031028 300  165000-165500   00     113.09 1002.3    116.22     4.30     4.30
NORILSK    031028 300  165500-170000   00     112.33 1002.4    115.47     3.70     3.70
NORILSK    031028 300  170000-170500   00     109.77 1002.4    112.87     1.30     1.30
NORILSK    031028 300  170500-171000   00     111.88 1002.4    115.05     3.30     3.30
NORILSK    031028 300  171000-171500   00     111.33 1002.5    114.52     2.80     2.80
NORILSK    031028 300  171500-172000   00     112.67 1002.5    115.92     4.10     4.10
NORILSK    031028 300  172000-172500   00     111.39 1002.5    114.64     2.90     2.90
NORILSK    031028 300  172500-173000   00     111.83 1002.6    115.12     3.30     3.30
NORILSK    031028 300  173000-173500   00     112.44 1002.6    115.78     3.90     3.90
NORILSK    031028 300  173500-174000   00     112.32 1002.6    115.67     3.80     3.80
NORILSK    031028 300  174000-174500   00     112.78 1002.7    116.18     4.30     4.30
NORILSK    031028 300  174500-175000   00     110.74 1002.7    114.10     2.40     2.40
NORILSK    031028 300  175000-175500   00     111.77 1002.7    115.19     3.40     3.40
NORILSK    031028 300  175500-180000   00     111.72 1002.8    115.16     3.40     3.40
NORILSK    031028 300  180000-180500   00     110.53 1002.8    113.97     2.30     2.30
NORILSK    031028 300  180500-181000   00     110.45 1002.8    113.91     2.30     2.30
NORILSK    031028 300  181000-181500   00     109.77 1002.9    113.24     1.70     1.70
NORILSK    031028 300  181500-182000   00     108.22 1002.9    111.67     0.20     0.20
NORILSK    031028 300  182000-182500   00     111.50 1002.9    115.08     3.30     3.30
NORILSK    031028 300  182500-183000   00     109.50 1003.0    113.04     1.50     1.50
NORILSK    031028 300  183000-183500   00     112.84 1003.0    116.51     4.60     4.60
NORILSK    031028 300  183500-184000   00     112.08 1003.0    115.76     3.90     3.90
NORILSK    031028 300  184000-184500   00     110.78 1003.1    114.44     2.70     2.70
NORILSK    031028 300  184500-185000   00     110.41 1003.1    114.08     2.40     2.40
NORILSK    031028 300  185000-185500   00     111.39 1003.1    115.12     3.30     3.30
NORILSK    031028 300  185500-190000   00     111.28 1003.2    115.04     3.30     3.30
NORILSK    031028 300  190000-190500   00     110.35 1003.2    114.10     2.40     2.40
NORILSK    031028 300  190500-191000   00     112.15 1003.2    115.98     4.10     4.10
NORILSK    031028 300  191000-191500   00     111.63 1003.3    115.47     3.70     3.70
NORILSK    031028 300  191500-192000   00     109.79 1003.3    113.59     2.00     2.00
NORILSK    031028 300  192000-192500   00     109.20 1003.3    112.99     1.40     1.40
NORILSK    031028 300  192500-193000   00     111.45 1003.3    115.35     3.50     3.50
NORILSK    031028 300  193000-193500   00     110.83 1003.4    114.72     3.00     3.00
NORILSK    031028 300  193500-194000   00     110.65 1003.4    114.56     2.80     2.80
NORILSK    031028 300  194000-194500   00     110.66 1003.4    114.58     2.90     2.90
NORILSK    031028 300  194500-195000   00     109.92 1003.4    113.84     2.20     2.20
NORILSK    031028 300  195000-195500   00     111.66 1003.5    115.66     3.80     3.80
NORILSK    031028 300  195500-200000   00     109.13 1003.5    113.06     1.50     1.50
NORILSK    031028 300  200000-200500   00     110.38 1003.5    114.38     2.70     2.70
NORILSK    031028 300  200500-201000   00     110.30 1003.6    114.33     2.60     2.60
NORILSK    031028 300  201000-201500   00     112.09 1003.6    116.22     4.30     4.30
NORILSK    031028 300  201500-202000   00     110.14 1003.6    114.24     2.50     2.50
NORILSK    031028 300  202000-202500   00     110.88 1003.7    115.04     3.30     3.30
NORILSK    031028 300  202500-203000   00     110.91 1003.7    115.10     3.30     3.30
NORILSK    031028 300  203000-203500   00     108.14 1003.8    112.26     0.80     0.80
NORILSK    031028 300  203500-204000   00     107.83 1003.8    111.97     0.50     0.50
NORILSK    031028 300  204000-204500   00     109.31 1003.8    113.54     1.90     1.90
NORILSK    031028 300  204500-205000   00     109.71 1003.9    113.99     2.30     2.30
NORILSK    031028 300  205000-205500   00     110.52 1003.9    114.87     3.10     3.10
NORILSK    031028 300  205500-210000   00     108.86 1004.0    113.18     1.60     1.60
NORILSK    031028 300  210000-210500   00     111.39 1004.0    115.84     4.00     4.00
NORILSK    031028 300  210500-211000   00     110.81 1004.1    115.27     3.50     3.50
NORILSK    031028 300  211000-211500   00     110.22 1004.1    114.69     3.00     3.00
NORILSK    031028 300  211500-212000   00     109.67 1004.1    114.15     2.50     2.50
NORILSK    031028 300  212000-212500   00     109.20 1004.2    113.70     2.10     2.10
NORILSK    031028 300  212500-213000   00     109.24 1004.2    113.77     2.10     2.10
NORILSK    031028 300  213000-213500   00     111.27 1004.3    115.91     4.00     4.00
NORILSK    031028 300  213500-214000   00     110.46 1004.3    115.11     3.30     3.30
NORILSK    031028 300  214000-214500   00     108.11 1004.3    112.70     1.20     1.20
NORILSK    031028 300  214500-215000   00     109.10 1004.4    113.76     2.10     2.10
NORILSK    031028 300  215000-215500   00     110.86 1004.4    115.62     3.80     3.80
NORILSK    031028 300  215500-220000   00     109.60 1004.5    114.35     2.60     2.60
NORILSK    031028 300  220000-220500   00     107.74 1004.5    112.44     0.90     0.90
NORILSK    031028 300  220500-221000   00     108.87 1004.5    113.63     2.00     2.00
NORILSK    031028 300  221000-221500   00     107.27 1004.6    111.98     0.50     0.50
NORILSK    031028 300  221500-222000   00     110.68 1004.6    115.57     3.70     3.70
NORILSK    031028 300  222000-222500   00     109.31 1004.6    114.15     2.50     2.50
NORILSK    031028 300  222500-223000   00     108.26 1004.6    113.08     1.50     1.50
NORILSK    031028 300  223000-223500   00     109.30 1004.7    114.18     2.50     2.50
NORILSK    031028 300  223500-224000   00     109.46 1004.7    114.37     2.70     2.70
NORILSK    031028 300  224000-224500   00     108.96 1004.7    113.87     2.20     2.20
NORILSK    031028 300  224500-225000   00     107.73 1004.7    112.61     1.10     1.10
NORILSK    031028 300  225000-225500   00     109.37 1004.8    114.34     2.60     2.60
NORILSK    031028 300  225500-230000   00     111.11 1004.8    116.18     4.30     4.30
NORILSK    031028 300  230000-230500   00     109.40 1004.8    114.41     2.70     2.70
NORILSK    031028 300  230500-231000   00     108.79 1004.8    113.80     2.20     2.20
NORILSK    031028 300  231000-231500   00     109.49 1004.9    114.57     2.80     2.80
NORILSK    031028 300  231500-232000   00     108.16 1004.9    113.20     1.60     1.60
NORILSK    031028 300  232000-232500   00     109.06 1004.9    114.17     2.50     2.50
NORILSK    031028 300  232500-233000   00     110.29 1005.0    115.48     3.70     3.70
NORILSK    031028 300  233000-233500   00     109.37 1005.0    114.55     2.80     2.80
NORILSK    031028 300  233500-234000   00     111.23 1005.0    116.52     4.60     4.60
NORILSK    031028 300  234000-234500   00     108.10 1005.1    113.27     1.70     1.70
NORILSK    031028 300  234500-235000   00     108.84 1005.1    114.07     2.40     2.40
NORILSK    031028 300  235000-235500   00     110.02 1005.1    115.33     3.50     3.50
NORILSK    031028 300  235500-240000   00     109.93 1005.2    115.26     3.50     3.50
NORILSK    031029 300  000000-000500   00     111.04 1005.2    116.46     4.50     4.50
NORILSK    031029 300  000500-001000   00     109.00 1005.2    114.35     2.60     2.60
NORILSK    031029 300  001000-001500   00     108.81 1005.3    114.18     2.50     2.50
NORILSK    031029 300  001500-002000   00     110.06 1005.3    115.52     3.70     3.70
NORILSK    031029 300  002000-002500   00     109.31 1005.3    114.76     3.00     3.00
NORILSK    031029 300  002500-003000   00     110.34 1005.4    115.86     4.00     4.00
NORILSK    031029 300  003000-003500   00     108.40 1005.4    113.85     2.20     2.20
NORILSK    031029 300  003500-004000   00     110.80 1005.4    116.40     4.50     4.50
NORILSK    031029 300  004000-004500   00     109.36 1005.5    114.92     3.20     3.20
NORILSK    031029 300  004500-005000   00     111.45 1005.5    117.14     5.20     5.20
NORILSK    031029 300  005000-005500   00     110.76 1005.5    116.44     4.50     4.50
NORILSK    031029 300  005500-010000   00     109.11 1005.6    114.74     3.00     3.00
NORILSK    031029 300  010000-010500   00     109.31 1005.6    114.97     3.20     3.20
NORILSK    031029 300  010500-011000   00     109.59 1005.6    115.30     3.50     3.50
NORILSK    031029 300  011000-011500   00     110.44 1005.7    116.22     4.30     4.30
NORILSK    031029 300  011500-012000   00     107.96 1005.7    113.63     2.00     2.00
NORILSK    031029 300  012000-012500   00     110.08 1005.7    115.89     4.00     4.00
NORILSK    031029 300  012500-013000   00     109.75 1005.8    115.57     3.70     3.70
NORILSK    031029 300  013000-013500   00     107.27 1005.8    112.99     1.40     1.40
NORILSK    031029 300  013500-014000   00     111.26 1005.8    117.22     5.20     5.20
NORILSK    031029 300  014000-014500   00     108.49 1005.9    114.33     2.60     2.60
NORILSK    031029 300  014500-015000   00     107.38 1005.9    113.18     1.60     1.60
NORILSK    031029 300  015000-015500   00     110.23 1005.9    116.22     4.30     4.30
NORILSK    031029 300  015500-020000   00     109.88 1006.0    115.88     4.00     4.00
NORILSK    031029 300  020000-020500   00     108.53 1006.0    114.48     2.80     2.80
NORILSK    031029 300  020500-021000   00     109.48 1006.0    115.50     3.70     3.70
NORILSK    031029 300  021000-021500   00     106.97 1006.1    112.86     1.30     1.30
NORILSK    031029 300  021500-022000   00     109.31 1006.1    115.36     3.60     3.60
NORILSK    031029 300  022000-022500   00     110.18 1006.1    116.30     4.40     4.40
NORILSK    031029 300  022500-023000   00     109.17 1006.1    115.25     3.50     3.50
NORILSK    031029 300  023000-023500   00     108.48 1006.2    114.54     2.80     2.80
NORILSK    031029 300  023500-024000   00     109.59 1006.2    115.74     3.90     3.90
NORILSK    031029 300  024000-024500   00     108.93 1006.2    115.06     3.30     3.30
NORILSK    031029 300  024500-025000   00     109.82 1006.2    116.02     4.10     4.10
NORILSK    031029 300  025000-025500   00     107.06 1006.3    113.12     1.50     1.50
NORILSK    031029 300  025500-030000   00     109.07 1006.3    115.27     3.50     3.50
NORILSK    031029 300  030000-030500   00     106.38 1006.3    112.46     1.00     1.00
NORILSK    031029 300  030500-031000   00     109.34 1006.3    115.60     3.80     3.80
NORILSK    031029 300  031000-031500   00     109.63 1006.4    115.94     4.10     4.10
NORILSK    031029 300  031500-032000   00     107.20 1006.4    113.40     1.80     1.80
NORILSK    031029 300  032000-032500   00     108.66 1006.4    114.96     3.20     3.20
NORILSK    031029 300  032500-033000   00     110.66 1006.5    117.11     5.10     5.10
NORILSK    031029 300  033000-033500   00     107.98 1006.5    114.30     2.60     2.60
NORILSK    031029 300  033500-034000   00     108.89 1006.5    115.29     3.50     3.50
NORILSK    031029 300  034000-034500   00     108.29 1006.6    114.68     2.90     2.90
NORILSK    031029 300  034500-035000   00     107.56 1006.6    113.94     2.30     2.30
NORILSK    031029 300  035000-035500   00     107.94 1006.6    114.36     2.70     2.70
NORILSK    031029 300  035500-040000   00     107.66 1006.7    114.09     2.40     2.40
NORILSK    031029 300  040000-040500   00     108.69 1006.7    115.21     3.40     3.40
NORILSK    031029 300  040500-041000   00     106.80 1006.7    113.23     1.60     1.60
NORILSK    031029 300  041000-041500   00     108.09 1006.8    114.62     2.90     2.90
NORILSK    031029 300  041500-042000   00     107.64 1006.8    114.17     2.50     2.50
NORILSK    031029 300  042000-042500   00     109.54 1006.8    116.19     4.30     4.30
NORILSK    031029 300  042500-043000   00     108.21 1006.8    114.81     3.10     3.10
NORILSK    031029 300  043000-043500   00     106.69 1006.9    113.22     1.60     1.60
NORILSK    031029 300  043500-044000   00     106.47 1006.9    113.00     1.40     1.40
NORILSK    031029 300  044000-044500   00     107.10 1006.9    113.69     2.10     2.10
NORILSK    031029 300  044500-045000   00     108.05 1006.9    114.72     3.00     3.00
NORILSK    031029 300  045000-045500   00     108.73 1007.0    115.46     3.60     3.60
NORILSK    031029 300  045500-050000   00     107.86 1007.0    114.55     2.80     2.80
NORILSK    031029 300  050000-050500   00     109.78 1007.0    116.62     4.70     4.70
NORILSK    031029 300  050500-051000   00     110.49 1007.0    117.40     5.40     5.40
NORILSK    031029 300  051000-051500   00     107.77 1007.1    114.54     2.80     2.80
NORILSK    031029 300  051500-052000   00     109.09 1007.1    115.97     4.10     4.10
NORILSK    031029 300  052000-052500   00     108.58 1007.1    115.45     3.60     3.60
NORILSK    031029 300  052500-053000   00     106.72 1007.2    113.50     1.90     1.90
NORILSK    031029 300  053000-053500   00     107.52 1007.2    114.38     2.70     2.70
NORILSK    031029 300  053500-054000   00     107.69 1007.2    114.59     2.90     2.90
NORILSK    031029 300  054000-054500   00     105.62 1007.3    112.42     0.90     0.90
NORILSK    031029 300  054500-055000   00     108.10 1007.3    115.08     3.30     3.30
NORILSK    031029 300  055000-055500   00     107.35 1007.3    114.30     2.60     2.60
NORILSK    031029 300  055500-060000   00     107.64 1007.4    114.65     2.90     2.90
NORILSK    031029 300  060000-060500   00     105.77 1007.4    112.68     1.10     1.10
NORILSK    031029 300  060500-061000   00     107.57 1007.4    114.61     2.90     2.90
NORILSK    031029 300  061000-061500   00     108.82 1007.5    115.97     4.10     4.10
NORILSK    031029 300  061500-062000   00     108.32 1007.5    115.46     3.60     3.60
NORILSK    031029 300  062000-062500   00     108.21 1007.5    115.36     3.60     3.60
NORILSK    031029 300  062500-063000   00     107.55 1007.5    114.68     2.90     2.90
NORILSK    031029 300  063000-063500   00     107.40 1007.6    114.54     2.80     2.80
NORILSK    031029 300  063500-064000   00     105.54 1007.6    112.57     1.10     1.10
NORILSK    031029 300  064000-064500   00     104.44 1007.6    111.41     0.00    -9999
NORILSK    031029 300  064500-065000   00     101.83 1007.6    108.66    -2.50    -9999
NORILSK    031029 300  065000-065500   00     101.85 1007.7    108.69    -2.40    -9999
NORILSK    031029 300  065500-070000   00     101.69 1007.7    108.54    -2.60    -9999
NORILSK    031029 300  070000-070500   00     101.02 1007.7    107.85    -3.20    -9999
NORILSK    031029 300  070500-071000   00     102.36 1007.7    109.31    -1.90    -9999
NORILSK    031029 300  071000-071500   00     103.74 1007.8    110.81    -0.50    -9999
NORILSK    031029 300  071500-072000   00     102.33 1007.8    109.32    -1.90    -9999
NORILSK    031029 300  072000-072500   00     101.71 1007.8    108.69    -2.40    -9999
NORILSK    031029 300  072500-073000   00     101.74 1007.9    108.74    -2.40    -9999
NORILSK    031029 300  073000-073500   00     100.28 1007.9    107.21    -3.80    -9999
NORILSK    031029 300  073500-074000   00     102.85 1007.9    109.99    -1.30    -9999
NORILSK    031029 300  074000-074500   00     101.86 1008.0    108.95    -2.20    -9999
NORILSK    031029 300  074500-075000   00     101.95 1008.0    109.07    -2.10    -9999
NORILSK    031029 300  075000-075500   00     101.79 1008.0    108.93    -2.20    -9999
NORILSK    031029 300  075500-080000   00     101.43 1008.1    108.57    -2.50    -9999
NORILSK    031029 300  080000-080500   00     101.72 1008.1    108.90    -2.20    -9999
NORILSK    031029 300  080500-081000   00     102.22 1008.1    109.44    -1.80    -9999
NORILSK    031029 300  081000-081500   00     103.09 1008.1    110.38    -0.90    -9999
NORILSK    031029 300  081500-082000   00     103.45 1008.1    110.77    -0.60    -9999
NORILSK    031029 300  082000-082500   00     102.62 1008.1    109.89    -1.40    -9999
NORILSK    031029 300  082500-083000   00     104.28 1008.1    111.67     0.20    -9999
NORILSK    031029 300  083000-083500   00     103.23 1008.2    110.55    -0.80    -9999
NORILSK    031029 300  083500-084000   00     103.21 1008.2    110.54    -0.80    -9999
NORILSK    031029 300  084000-084500   00     100.76 1008.2    107.92    -3.10    -9999
NORILSK    031029 300  084500-085000   00     103.79 1008.2    111.17    -0.20    -9999
NORILSK    031029 300  085000-085500   00     103.02 1008.2    110.35    -0.90    -9999
NORILSK    031029 300  085500-090000   00     102.33 1008.2    109.62    -1.60    -9999
NORILSK    031029 300  090000-090500   00     101.48 1008.2    108.71    -2.40    -9999
NORILSK    031029 300  090500-091000   00      98.05 1008.2    105.04    -5.70    -9999
NORILSK    031029 300  091000-091500   00     102.07 1008.2    109.34    -1.80    -9999
NORILSK    031029 300  091500-092000   00      99.22 1008.2    106.29    -4.60    -9999
NORILSK    031029 300  092000-092500   00     100.41 1008.2    107.57    -3.40    -9999
NORILSK    031029 300  092500-093000   00     100.04 1008.2    107.17    -3.80    -9999
NORILSK    031029 300  093000-093500   00     100.14 1008.2    107.28    -3.70    -9999
NORILSK    031029 300  093500-094000   00     100.40 1008.2    107.55    -3.50    -9999
NORILSK    031029 300  094000-094500   00      98.63 1008.2    105.66    -5.20    -9999
NORILSK    031029 300  094500-095000   00      98.87 1008.2    105.92    -4.90    -9999
NORILSK    031029 300  095000-095500   00      98.19 1008.2    105.20    -5.60    -9999
NORILSK    031029 300  095500-100000   00     100.05 1008.2    107.18    -3.80    -9999
NORILSK    031029 300  100000-100500   00     101.93 1008.1    109.12    -2.00    -9999
NORILSK    031029 300  100500-101000   00      98.09 1007.9    104.82    -5.90    -9999
NORILSK    031029 300  101000-101500   00     101.14 1007.6    107.88    -3.20    -9999
NORILSK    031029 300  101500-102000   00      99.78 1007.4    106.25    -4.60    -9999
NORILSK    031029 300  102000-102500   00      99.05 1007.1    105.29    -5.50    -9999
NORILSK    031029 300  102500-103000   00      99.36 1006.9    105.43    -5.40    -9999
NORILSK    031029 300  103000-103500   00      98.50 1006.6    104.33    -6.30    -9999
NORILSK    031029 300  103500-104000   00      99.86 1006.4    105.59    -5.20    -9999
NORILSK    031029 300  104000-104500   00      98.68 1006.1    104.15    -6.50    -9999
NORILSK    031029 300  104500-105000   00      98.85 1005.9    104.15    -6.50    -9999
NORILSK    031029 300  105000-105500   00      96.63 1005.6    101.63    -8.80    -9999
NORILSK    031029 300  105500-110000   00      97.75 1005.4    102.62    -7.90    -9999
NORILSK    031029 300  110000-110500   00      79.88 1005.2     83.77   -24.80    -9999
NORILSK    031029 300  110500-111000   00      96.60 1005.2    101.30    -9.10    -9999
NORILSK    031029 300  111000-111500   00      96.24 1005.2    100.92    -9.40    -9999
NORILSK    031029 300  111500-112000   00      93.60 1005.2     98.16   -11.90    -9999
NORILSK    031029 300  112000-112500   00      93.83 1005.2     98.40   -11.70    -9999
NORILSK    031029 300  112500-113000   00      91.79 1005.2     96.27   -13.60    -9999
NORILSK    031029 300  113000-113500   00      93.32 1005.2     97.87   -12.10    -9999
NORILSK    031029 300  113500-114000   00    -999.00 1005.2   -999.00    -9999    -9999
NORILSK    031029 300  114000-114500   00      91.04 1005.2     95.47   -14.30    -9999
NORILSK    031029 300  114500-115000   00      91.18 1005.2     95.62   -14.20    -9999
NORILSK    031029 300  115000-115500   00      91.83 1005.2     96.30   -13.60    -9999
NORILSK    031029 300  115500-120000   00      92.51 1005.2     97.02   -12.90    -9999
NORILSK    031029 3600 120000-130000   00      88.30 1007.9     94.39   -15.30    -9999
NORILSK    031029 3600 130000-140000   00      85.74 1007.6     91.46   -17.90    -9999
NORILSK    031029 3600 140000-150000   00      84.24 1007.5     89.80   -19.40    -9999
NORILSK    031029 3600 150000-160000   00      85.34 1007.4     90.91   -18.40    -9999
NORILSK    031029 3600 160000-170000   00      86.51 1007.2     92.02   -17.40    -9999
NORILSK    031029 3600 170000-180000   00      83.62 1006.9     88.76   -20.30    -9999
NORILSK    031029 3600 180000-190000   00      85.38 1006.8     90.57   -18.70    -9999
NORILSK    031029 3600 190000-200000   00      87.76 1006.7     93.02   -16.50    -9999
NORILSK    031029 3600 200000-210000   00      85.30 1006.6     90.35   -18.90    -9999
NORILSK    031029 3600 210000-220000   00      88.77 1006.4     93.89   -15.70    -9999
NORILSK    031029 3600 220000-230000   00      93.72 1006.1     98.92   -11.20    -9999
NORILSK    031029 3600 230000-240000   00      91.81 1005.8     96.70   -13.20    -9999
*
COMMENT    THE CLOCK IS SLOW ON -50 SEC;	
COMMENT    PRE-INCREASE LEVEL CORRECTED (I.USOSKIN)	
COMMENT UNIVERISTY OF OULU: FILE GENERATED FROM DATABASE AND OBTAINED FROM
COMMENT https://gle.oulu.fi at 2023-04-03 12:51:18 +00:00
COMMENT FOR HISTORICAL/ORIGINAL TEXT FILES SEE https://gle.oulu.fi/txtarchive/
COMMENT ORIGINAL AT https://gle.oulu.fi/txtarchive/GLE65/C065NRLK_cor.DAT
COMMENT DETRENDED DATA SHOW -9999 IF EQUAL TO INC% COLUMN 