NAIN       LATITUDE    56.6      LONGITUDE     -61.7     ALTITUDE    0 M
NAIN       INSTRUMENT   18NM64    NEUTRON MONITOR     	
NAIN       STANDARD PRESSURE    1005.7  mb     COEFFICIENT   -0.75     % / mb
NAIN       PRE-INCREASE BASELINE TIME INTERVAL    031028    100000-110000   UT
NAIN       PRE-INCREASE AVERAGE COUNTING RATE    191.13      COUNTS PER SECOND
NAIN       TIME INTERVALS    300         3600     
NAIN       SCALE FACTORS     1           1        
STATION    YYMMDD  SEC   TIME (UT)   CODE    UNCORR. PRESS.    CORR.    % INC.	DETRENDED
                         INTERVAL    TD      C/S     (mb)      C/S
NAIN       031027 3600 000000-010000   00    -999.00 -999.0   -999.00    -9999    -9999
NAIN       031027 3600 010000-020000   00    -999.00 -999.0   -999.00    -9999    -9999
NAIN       031027 3600 020000-030000   00    -999.00 -999.0   -999.00    -9999    -9999
NAIN       031027 3600 030000-040000   00    -999.00 -999.0   -999.00    -9999    -9999
NAIN       031027 3600 040000-050000   00    -999.00 -999.0   -999.00    -9999    -9999
NAIN       031027 3600 050000-060000   00    -999.00 -999.0   -999.00    -9999    -9999
NAIN       031027 3600 060000-070000   00    -999.00 -999.0   -999.00    -9999    -9999
NAIN       031027 3600 070000-080000   00    -999.00 -999.0   -999.00    -9999    -9999
NAIN       031027 3600 080000-090000   00    -999.00 -999.0   -999.00    -9999    -9999
NAIN       031027 3600 090000-100000   00    -999.00 -999.0   -999.00    -9999    -9999
NAIN       031027 3600 100000-110000   00    -999.00 -999.0   -999.00    -9999    -9999
NAIN       031027 3600 110000-120000   00    -999.00 -999.0   -999.00    -9999    -9999
NAIN       031027 3600 120000-130000   00    -999.00 -999.0   -999.00    -9999    -9999
NAIN       031027 3600 130000-140000   00    -999.00 -999.0   -999.00    -9999    -9999
NAIN       031027 3600 140000-150000   00     188.37 1015.1    202.13     5.80    -9999
NAIN       031027 3600 150000-160000   00     187.59 1015.2    201.45     5.40    -9999
NAIN       031027 3600 160000-170000   00     187.42 1014.9    200.81     5.10    -9999
NAIN       031027 3600 170000-180000   00     187.34 1015.2    201.17     5.30    -9999
NAIN       031027 3600 180000-190000   00     186.03 1015.2    199.77     4.50    -9999
NAIN       031027 3600 190000-200000   00     186.59 1015.6    200.97     5.10    -9999
NAIN       031027 3600 200000-210000   00     185.14 1016.0    200.01     4.60    -9999
NAIN       031027 3600 210000-220000   00     186.00 1015.9    200.78     5.00    -9999
NAIN       031027 3600 220000-230000   00     185.31 1016.1    200.35     4.80    -9999
NAIN       031027 3600 230000-240000   00     185.23 1016.0    200.11     4.70    -9999
NAIN       031028 3600 000000-010000   00     185.86 1015.7    200.34     4.80    -9999
NAIN       031028 3600 010000-020000   00     186.26 1015.3    200.16     4.70    -9999
NAIN       031028 3600 020000-030000   00     186.01 1015.0    199.45     4.40    -9999
NAIN       031028 3600 030000-040000   00     187.66 1014.0    199.71     4.50    -9999
NAIN       031028 3600 040000-050000   00     186.74 1013.5    197.99     3.60    -9999
NAIN       031028 3600 050000-060000   00     185.47 1013.0    195.91     2.50    -9999
NAIN       031028 3600 060000-070000   00     184.72 1011.7    193.22     1.10    -9999
NAIN       031028 3600 070000-080000   00     184.11 1010.8    191.29     0.10    -9999
NAIN       031028 3600 080000-090000   00     187.70 1008.9    192.26     0.60    -9999
NAIN       031028 300  090000-090500   00     189.34 1007.1    191.27     0.10    -9999
NAIN       031028 300  090500-091000   00     186.52 1006.9    188.26    -1.50    -9999
NAIN       031028 300  091000-091500   00     189.20 1006.8    190.80    -0.20    -9999
NAIN       031028 300  091500-092000   00     192.42 1006.7    193.87     1.40    -9999
NAIN       031028 300  092000-092500   00     191.32 1006.6    192.60     0.80    -9999
NAIN       031028 300  092500-093000   00     192.36 1006.5    193.47     1.20    -9999
NAIN       031028 300  093000-093500   00     192.48 1006.4    193.42     1.20    -9999
NAIN       031028 300  093500-094000   00     190.88 1006.2    191.65     0.30    -9999
NAIN       031028 300  094000-094500   00     190.92 1006.1    191.52     0.20    -9999
NAIN       031028 300  094500-095000   00     192.54 1006.0    192.98     1.00    -9999
NAIN       031028 300  095000-095500   00     190.64 1005.9    190.91    -0.10    -9999
NAIN       031028 300  095500-100000   00     191.34 1005.8    191.44     0.20    -9999
NAIN       031028 300  100000-100500   00     190.80 1005.6    190.69    -0.20    -9999
NAIN       031028 300  100500-101000   00     189.04 1005.4    188.66    -1.30    -9999
NAIN       031028 300  101000-101500   00     192.76 1005.2    192.10     0.50    -9999
NAIN       031028 300  101500-102000   00     194.08 1005.0    193.13     1.00    -9999
NAIN       031028 300  102000-102500   00     193.24 1004.9    192.02     0.50    -9999
NAIN       031028 300  102500-103000   00     191.52 1004.7    190.04    -0.60    -9999
NAIN       031028 300  103000-103500   00     194.56 1004.5    192.78     0.90    -9999
NAIN       031028 300  103500-104000   00     193.22 1004.3    191.18     0.00    -9999
NAIN       031028 300  104000-104500   00     193.38 1004.1    191.06     0.00    -9999
NAIN       031028 300  104500-105000   00     194.58 1003.9    191.97     0.40    -9999
NAIN       031028 300  105000-105500   00     192.40 1003.7    189.54    -0.80    -9999
NAIN       031028 300  105500-110000   00     193.56 1003.5    190.42    -0.40    -9999
NAIN       031028 300  110000-110500   00     192.44 1003.3    189.01    -1.10    -1.36
NAIN       031028 300  110500-111000   00     195.10 1003.1    191.26     0.10    -0.16
NAIN       031028 300  111000-111500   00     196.02 1002.8    191.80     0.40     0.14
NAIN       031028 300  111500-112000   00     195.72 1002.6    191.15     0.00    -0.27
NAIN       031028 300  112000-112500   00     197.98 1002.3    193.00     1.00     0.73
NAIN       031028 300  112500-113000   00     197.48 1002.1    192.15     0.50     0.23
NAIN       031028 300  113000-113500   00     201.46 1001.8    195.65     2.40     2.12
NAIN       031028 300  113500-114000   00     203.18 1001.6    196.95     3.00     2.72
NAIN       031028 300  114000-114500   00     206.24 1001.3    199.54     4.40     4.11
NAIN       031028 300  114500-115000   00     206.82 1001.1    199.73     4.50     4.21
NAIN       031028 300  115000-115500   00     207.02 1000.8    199.55     4.40     4.11
NAIN       031028 300  115500-120000   00     212.82 1000.6    204.75     7.10     6.80
NAIN       031028 300  120000-120500   00     215.50 1000.3    206.92     8.30     8.00
NAIN       031028 300  120500-121000   00     214.08 1000.0    205.09     7.30     7.00
NAIN       031028 300  121000-121500   00     213.88  999.7    204.44     7.00     6.69
NAIN       031028 300  121500-122000   00     214.94  999.4    204.99     7.30     6.99
NAIN       031028 300  122000-122500   00     213.56  999.1    203.22     6.30     5.99
NAIN       031028 300  122500-123000   00     214.92  998.8    204.05     6.80     6.48
NAIN       031028 300  123000-123500   00     216.76  998.5    205.33     7.40     7.08
NAIN       031028 300  123500-124000   00     216.44  998.2    204.57     7.00     6.68
NAIN       031028 300  124000-124500   00     216.26  997.9    203.94     6.70     6.37
NAIN       031028 300  124500-125000   00     218.20  997.6    205.31     7.40     7.07
NAIN       031028 300  125000-125500   00     218.46  997.3    205.09     7.30     6.96
NAIN       031028 300  125500-130000   00     218.54  997.0    204.70     7.10     6.76
NAIN       031028 300  130000-130500   00     217.10  996.7    202.89     6.20     5.86
NAIN       031028 300  130500-131000   00     217.62  996.4    202.89     6.20     5.85
NAIN       031028 300  131000-131500   00     220.08  996.0    204.70     7.10     6.75
NAIN       031028 300  131500-132000   00     219.70  995.7    203.86     6.70     6.35
NAIN       031028 300  132000-132500   00     221.00  995.4    204.58     7.00     6.64
NAIN       031028 300  132500-133000   00     220.66  995.1    203.78     6.60     6.24
NAIN       031028 300  133000-133500   00     219.18  994.8    201.93     5.70     5.34
NAIN       031028 300  133500-134000   00     222.30  994.5    204.32     6.90     6.53
NAIN       031028 300  134000-134500   00     220.76  994.1    202.43     5.90     5.53
NAIN       031028 300  134500-135000   00     221.76  993.8    202.86     6.10     5.73
NAIN       031028 300  135000-135500   00     221.84  993.5    202.45     5.90     5.52
NAIN       031028 300  135500-140000   00     224.82  993.2    204.68     7.10     6.72
NAIN       031028 300  140000-140500   00     225.58  992.9    204.95     7.20     6.82
NAIN       031028 300  140500-141000   00     227.06  992.7    205.96     7.80     7.41
NAIN       031028 300  141000-141500   00     225.32  992.5    204.05     6.80     6.41
NAIN       031028 300  141500-142000   00     224.30  992.3    202.80     6.10     5.70
NAIN       031028 300  142000-142500   00     224.84  992.0    202.96     6.20     5.80
NAIN       031028 300  142500-143000   00     228.34  991.8    205.78     7.70     7.30
NAIN       031028 300  143000-143500   00     227.42  991.6    204.62     7.10     6.69
NAIN       031028 300  143500-144000   00     225.58  991.4    202.64     6.00     5.59
NAIN       031028 300  144000-144500   00     227.02  991.2    203.60     6.50     6.09
NAIN       031028 300  144500-145000   00     228.06  991.0    204.20     6.80     6.38
NAIN       031028 300  145000-145500   00     226.84  990.7    202.78     6.10     5.68
NAIN       031028 300  145500-150000   00     229.88  990.5    205.16     7.30     6.88
NAIN       031028 300  150000-150500   00     231.36  990.3    206.11     7.80     7.37
NAIN       031028 300  150500-151000   00     229.70  990.0    204.23     6.90     6.47
NAIN       031028 300  151000-151500   00     230.24  989.8    204.30     6.90     6.47
NAIN       031028 300  151500-152000   00     228.88  989.5    202.68     6.00     5.56
NAIN       031028 300  152000-152500   00     230.06  989.2    203.32     6.40     5.96
NAIN       031028 300  152500-153000   00     230.68  989.0    203.46     6.50     6.06
NAIN       031028 300  153000-153500   00     232.18  988.7    204.38     6.90     6.45
NAIN       031028 300  153500-154000   00     230.46  988.4    202.46     5.90     5.45
NAIN       031028 300  154000-154500   00     233.42  988.2    204.65     7.10     6.64
NAIN       031028 300  154500-155000   00     230.74  987.9    201.90     5.60     5.14
NAIN       031028 300  155000-155500   00     233.14  987.6    203.59     6.50     6.04
NAIN       031028 300  155500-160000   00     236.76  987.4    206.33     8.00     7.53
NAIN       031028 300  160000-160500   00     236.56  987.2    205.84     7.70     7.23
NAIN       031028 300  160500-161000   00     236.26  987.0    205.42     7.50     7.03
NAIN       031028 300  161000-161500   00     236.26  986.9    205.25     7.40     6.92
NAIN       031028 300  161500-162000   00     235.36  986.8    204.30     6.90     6.42
NAIN       031028 300  162000-162500   00     239.98  986.7    208.14     8.90     8.42
NAIN       031028 300  162500-163000   00     238.18  986.6    206.42     8.00     7.51
NAIN       031028 300  163000-163500   00     240.64  986.5    208.38     9.00     8.51
NAIN       031028 300  163500-164000   00     237.44  986.4    205.44     7.50     7.01
NAIN       031028 300  164000-164500   00     237.12  986.3    205.00     7.30     6.80
NAIN       031028 300  164500-165000   00     238.18  986.2    205.74     7.60     7.10
NAIN       031028 300  165000-165500   00     240.96  986.1    207.98     8.80     8.30
NAIN       031028 300  165500-170000   00     242.10  986.0    208.79     9.20     8.69
NAIN       031028 300  170000-170500   00     243.18  985.9    209.66     9.70     9.19
NAIN       031028 300  170500-171000   00     242.28  986.0    208.97     9.30     8.78
NAIN       031028 300  171000-171500   00     241.38  986.0    208.29     9.00     8.48
NAIN       031028 300  171500-172000   00     242.32  986.1    209.19     9.40     8.88
NAIN       031028 300  172000-172500   00     242.36  986.2    209.32     9.50     8.97
NAIN       031028 300  172500-173000   00     242.20  986.2    209.27     9.50     8.97
NAIN       031028 300  173000-173500   00     241.00  986.3    208.32     9.00     8.47
NAIN       031028 300  173500-174000   00     240.38  986.3    207.88     8.80     8.26
NAIN       031028 300  174000-174500   00     241.18  986.4    208.66     9.20     8.66
NAIN       031028 300  174500-175000   00     241.18  986.4    208.75     9.20     8.66
NAIN       031028 300  175000-175500   00     242.00  986.5    209.55     9.60     9.05
NAIN       031028 300  175500-180000   00     239.94  986.6    207.86     8.80     8.25
NAIN       031028 300  180000-180500   00     239.96  986.6    207.99     8.80     8.25
NAIN       031028 300  180500-181000   00     240.32  986.7    208.45     9.10     8.54
NAIN       031028 300  181000-181500   00     240.08  986.8    208.38     9.00     8.44
NAIN       031028 300  181500-182000   00     239.24  986.9    207.80     8.70     8.14
NAIN       031028 300  182000-182500   00     239.20  987.0    207.90     8.80     8.23
NAIN       031028 300  182500-183000   00     238.60  987.1    207.52     8.60     8.03
NAIN       031028 300  183000-183500   00     240.02  987.2    208.91     9.30     8.72
NAIN       031028 300  183500-184000   00     240.22  987.3    209.22     9.50     8.92
NAIN       031028 300  184000-184500   00     237.28  987.4    206.80     8.20     7.62
NAIN       031028 300  184500-185000   00     239.10  987.5    208.53     9.10     8.51
NAIN       031028 300  185000-185500   00     239.12  987.6    208.69     9.20     8.61
NAIN       031028 300  185500-190000   00     237.68  987.6    207.58     8.60     8.01
NAIN       031028 300  190000-190500   00     238.06  987.8    208.19     8.90     8.30
NAIN       031028 300  190500-191000   00     234.70  988.1    205.73     7.60     7.00
NAIN       031028 300  191000-191500   00     236.10  988.4    207.43     8.50     7.90
NAIN       031028 300  191500-192000   00     235.34  988.7    207.24     8.40     7.79
NAIN       031028 300  192000-192500   00     237.26  989.1    209.42     9.60     8.99
NAIN       031028 300  192500-193000   00     238.88  989.4    211.34    10.60     9.99
NAIN       031028 300  193000-193500   00     237.14  989.7    210.28    10.00     9.38
NAIN       031028 300  193500-194000   00     238.02  990.0    211.55    10.70    10.08
NAIN       031028 300  194000-194500   00     235.10  990.3    209.44     9.60     8.98
NAIN       031028 300  194500-195000   00     237.60  990.6    212.16    11.00    10.37
NAIN       031028 300  195000-195500   00     232.16  990.9    207.78     8.70     8.07
NAIN       031028 300  195500-200000   00     233.12  991.2    209.12     9.40     8.76
NAIN       031028 300  200000-200500   00     231.04  991.5    207.76     8.70     8.06
NAIN       031028 300  200500-201000   00     233.12  991.9    210.17    10.00     9.36
NAIN       031028 300  201000-201500   00     231.78  992.2    209.49     9.60     8.95
NAIN       031028 300  201500-202000   00     230.90  992.6    209.23     9.50     8.85
NAIN       031028 300  202000-202500   00     228.06  992.9    207.19     8.40     7.75
NAIN       031028 300  202500-203000   00     232.28  993.2    211.57    10.70    10.04
NAIN       031028 300  203000-203500   00     229.42  993.6    209.50     9.60     8.94
NAIN       031028 300  203500-204000   00     224.40  993.9    205.44     7.50     6.84
NAIN       031028 300  204000-204500   00     225.68  994.3    207.14     8.40     7.73
NAIN       031028 300  204500-205000   00     224.42  994.6    206.51     8.00     7.33
NAIN       031028 300  205000-205500   00     221.36  995.0    204.22     6.80     6.13
NAIN       031028 300  205500-210000   00     225.64  995.3    208.70     9.20     8.52
NAIN       031028 300  210000-210500   00     221.26  995.6    205.14     7.30     6.62
NAIN       031028 300  210500-211000   00     225.50  995.9    209.50     9.60     8.92
NAIN       031028 300  211000-211500   00     221.50  996.2    206.21     7.90     7.21
NAIN       031028 300  211500-212000   00     222.68  996.4    207.73     8.70     8.01
NAIN       031028 300  212000-212500   00     218.74  996.7    204.48     7.00     6.30
NAIN       031028 300  212500-213000   00     220.94  997.0    206.96     8.30     7.60
NAIN       031028 300  213000-213500   00     218.86  997.3    205.44     7.50     6.80
NAIN       031028 300  213500-214000   00     217.88  997.5    204.94     7.20     6.49
NAIN       031028 300  214000-214500   00     219.58  997.8    206.96     8.30     7.59
NAIN       031028 300  214500-215000   00     216.84  998.1    204.80     7.20     6.49
NAIN       031028 300  215000-215500   00     216.14  998.4    204.56     7.00     6.28
NAIN       031028 300  215500-220000   00     213.52  998.6    202.50     5.90     5.18
NAIN       031028 300  220000-220500   00     214.98  998.9    204.28     6.90     6.18
NAIN       031028 300  220500-221000   00     216.58  999.1    206.16     7.90     7.17
NAIN       031028 300  221000-221500   00     215.90  999.4    205.87     7.70     6.97
NAIN       031028 300  221500-222000   00     214.60  999.6    204.99     7.30     6.57
NAIN       031028 300  222000-222500   00     212.74  999.8    203.57     6.50     5.76
NAIN       031028 300  222500-223000   00     212.92 1000.1    204.10     6.80     6.06
NAIN       031028 300  223000-223500   00     215.04 1000.3    206.49     8.00     7.26
NAIN       031028 300  223500-224000   00     212.20 1000.5    204.12     6.80     6.05
NAIN       031028 300  224000-224500   00     210.06 1000.8    202.42     5.90     5.15
NAIN       031028 300  224500-225000   00     214.16 1001.0    206.73     8.20     7.44
NAIN       031028 300  225000-225500   00     210.18 1001.2    203.24     6.30     5.54
NAIN       031028 300  225500-230000   00     208.64 1001.5    202.11     5.70     4.94
NAIN       031028 300  230000-230500   00     208.68 1001.7    202.52     6.00     5.23
NAIN       031028 300  230500-231000   00     209.72 1002.0    203.94     6.70     5.93
NAIN       031028 300  231000-231500   00     207.30 1002.2    201.99     5.70     4.93
NAIN       031028 300  231500-232000   00     209.84 1002.5    204.87     7.20     6.42
NAIN       031028 300  232000-232500   00     208.62 1002.8    204.09     6.80     6.02
NAIN       031028 300  232500-233000   00     206.28 1003.0    202.20     5.80     5.02
NAIN       031028 300  233000-233500   00     206.30 1003.3    202.63     6.00     5.21
NAIN       031028 300  233500-234000   00     208.24 1003.6    204.95     7.20     6.41
NAIN       031028 300  234000-234500   00     206.18 1003.8    203.32     6.40     5.61
NAIN       031028 300  234500-235000   00     205.20 1004.1    202.76     6.10     5.30
NAIN       031028 300  235000-235500   00     205.74 1004.4    203.70     6.60     5.80
NAIN       031028 300  235500-240000   00     204.76 1004.6    203.14     6.30     5.50
NAIN       031029 300  000000-000500   00     205.04 1004.9    203.77     6.60     5.79
NAIN       031029 300  000500-001000   00     206.64 1005.1    205.65     7.60     6.79
NAIN       031029 300  001000-001500   00     204.42 1005.2    203.72     6.60     5.78
NAIN       031029 300  001500-002000   00     203.68 1005.4    203.26     6.30     5.48
NAIN       031029 300  002000-002500   00     203.50 1005.6    203.36     6.40     5.58
NAIN       031029 300  002500-003000   00     205.62 1005.8    205.76     7.70     6.87
NAIN       031029 300  003000-003500   00     202.54 1006.0    202.95     6.20     5.37
NAIN       031029 300  003500-004000   00     203.20 1006.2    203.90     6.70     5.87
NAIN       031029 300  004000-004500   00     201.98 1006.3    202.95     6.20     5.36
NAIN       031029 300  004500-005000   00     200.30 1006.5    201.54     5.40     4.56
NAIN       031029 300  005000-005500   00     203.00 1006.7    204.54     7.00     6.16
NAIN       031029 300  005500-010000   00     204.02 1006.9    205.85     7.70     6.85
NAIN       031029 300  010000-010500   00     201.06 1007.1    203.11     6.30     5.45
NAIN       031029 300  010500-011000   00     199.62 1007.2    201.86     5.60     4.75
NAIN       031029 300  011000-011500   00     201.94 1007.3    204.41     6.90     6.04
NAIN       031029 300  011500-012000   00     201.72 1007.5    204.39     6.90     6.04
NAIN       031029 300  012000-012500   00     201.34 1007.6    204.21     6.80     5.94
NAIN       031029 300  012500-013000   00     199.44 1007.7    202.48     5.90     5.03
NAIN       031029 300  013000-013500   00     200.12 1007.9    203.38     6.40     5.53
NAIN       031029 300  013500-014000   00     199.08 1008.0    202.52     6.00     5.12
NAIN       031029 300  014000-014500   00     197.18 1008.1    200.79     5.10     4.22
NAIN       031029 300  014500-015000   00     197.02 1008.3    200.83     5.10     4.22
NAIN       031029 300  015000-015500   00     197.36 1008.4    201.38     5.40     4.51
NAIN       031029 300  015500-020000   00     196.18 1008.5    200.37     4.80     3.91
NAIN       031029 300  020000-020500   00     195.70 1008.7    200.08     4.70     3.81
NAIN       031029 300  020500-021000   00     196.30 1008.8    200.90     5.10     4.20
NAIN       031029 300  021000-021500   00     195.66 1008.9    200.44     4.90     4.00
NAIN       031029 300  021500-022000   00     199.02 1009.1    204.09     6.80     5.90
NAIN       031029 300  022000-022500   00     195.16 1009.2    200.33     4.80     3.89
NAIN       031029 300  022500-023000   00     198.12 1009.3    203.57     6.50     5.59
NAIN       031029 300  023000-023500   00     195.96 1009.5    201.55     5.50     4.59
NAIN       031029 300  023500-024000   00     198.44 1009.6    204.31     6.90     5.98
NAIN       031029 300  024000-024500   00     194.26 1009.7    200.21     4.80     3.88
NAIN       031029 300  024500-025000   00     195.80 1009.9    202.00     5.70     4.77
NAIN       031029 300  025000-025500   00     194.58 1010.0    200.94     5.10     4.17
NAIN       031029 300  025500-030000   00     194.44 1010.1    201.00     5.20     4.27
NAIN       031029 300  030000-030500   00     194.48 1010.2    201.22     5.30     4.36
NAIN       031029 300  030500-031000   00     193.80 1010.4    200.68     5.00     4.06
NAIN       031029 300  031000-031500   00     195.28 1010.5    202.38     5.90     4.96
NAIN       031029 300  031500-032000   00     193.76 1010.6    200.97     5.10     4.15
NAIN       031029 300  032000-032500   00     192.78 1010.7    200.11     4.70     3.75
NAIN       031029 300  032500-033000   00     196.44 1010.8    204.08     6.80     5.85
NAIN       031029 300  033000-033500   00     193.98 1010.9    201.68     5.50     4.54
NAIN       031029 300  033500-034000   00     193.54 1011.0    201.39     5.40     4.44
NAIN       031029 300  034000-034500   00     191.88 1011.1    199.82     4.50     3.54
NAIN       031029 300  034500-035000   00     189.66 1011.2    197.67     3.40     2.43
NAIN       031029 300  035000-035500   00     192.06 1011.3    200.34     4.80     3.83
NAIN       031029 300  035500-040000   00     192.26 1011.4    200.71     5.00     4.03
NAIN       031029 300  040000-040500   00     195.54 1011.5    204.31     6.90     5.92
NAIN       031029 300  040500-041000   00     194.10 1011.7    202.98     6.20     5.22
NAIN       031029 300  041000-041500   00     192.70 1011.8    201.69     5.50     4.51
NAIN       031029 300  041500-042000   00     191.96 1011.9    201.09     5.20     4.21
NAIN       031029 300  042000-042500   00     192.38 1012.0    201.71     5.50     4.51
NAIN       031029 300  042500-043000   00     193.94 1012.1    203.52     6.50     5.50
NAIN       031029 300  043000-043500   00     193.04 1012.2    202.75     6.10     5.10
NAIN       031029 300  043500-044000   00     192.92 1012.4    202.81     6.10     5.10
NAIN       031029 300  044000-044500   00     192.68 1012.5    202.73     6.10     5.09
NAIN       031029 300  044500-045000   00     190.50 1012.6    200.61     5.00     3.99
NAIN       031029 300  045000-045500   00     191.30 1012.7    201.63     5.50     4.49
NAIN       031029 300  045500-050000   00     191.44 1012.8    201.95     5.70     4.68
NAIN       031029 300  050000-050500   00     191.62 1012.9    202.31     5.80     4.78
NAIN       031029 300  050500-051000   00     189.58 1013.0    200.29     4.80     3.78
NAIN       031029 300  051000-051500   00     191.50 1013.1    202.46     5.90     4.87
NAIN       031029 300  051500-052000   00     190.38 1013.2    201.41     5.40     4.37
NAIN       031029 300  052000-052500   00     191.64 1013.3    202.88     6.10     5.07
NAIN       031029 300  052500-053000   00     191.78 1013.4    203.17     6.30     5.26
NAIN       031029 300  053000-053500   00     190.44 1013.5    201.89     5.60     4.56
NAIN       031029 300  053500-054000   00     189.66 1013.6    201.20     5.30     4.25
NAIN       031029 300  054000-054500   00     189.52 1013.7    201.19     5.30     4.25
NAIN       031029 300  054500-055000   00     191.58 1013.8    203.52     6.50     5.45
NAIN       031029 300  055000-055500   00     189.48 1013.9    201.43     5.40     4.34
NAIN       031029 300  055500-060000   00     189.38 1013.9    201.46     5.40     4.34
NAIN       031029 300  060000-060500   00     190.72 1014.0    203.03     6.20     5.14
NAIN       031029 300  060500-061000   00     188.56 1014.2    200.90     5.10     4.03
NAIN       031029 300  061000-061500   00     189.50 1014.3    202.07     5.70     4.63
NAIN       031029 300  061500-062000   00     187.62 1014.4    200.22     4.80     3.73
NAIN       031029 300  062000-062500   00     182.52 1014.5    194.94     2.00     0.92
NAIN       031029 300  062500-063000   00     184.48 1014.6    197.19     3.20     2.12
NAIN       031029 300  063000-063500   00     185.16 1014.7    198.08     3.60     2.52
NAIN       031029 300  063500-064000   00     184.94 1014.8    198.00     3.60     2.51
NAIN       031029 300  064000-064500   00     182.20 1014.9    195.23     2.10     1.01
NAIN       031029 300  064500-065000   00     180.18 1015.0    193.22     1.10     0.01
NAIN       031029 300  065000-065500   00     183.24 1015.1    196.66     2.90     1.80
NAIN       031029 300  065500-070000   00     182.32 1015.2    195.84     2.50     1.40
NAIN       031029 300  070000-070500   00     185.12 1015.3    198.98     4.10     2.99
NAIN       031029 300  070500-071000   00     183.48 1015.4    197.31     3.20     2.09
NAIN       031029 300  071000-071500   00     178.94 1015.5    192.53     0.70    -0.41
NAIN       031029 300  071500-072000   00     180.64 1015.5    194.46     1.70     0.58
NAIN       031029 300  072000-072500   00     181.80 1015.6    195.80     2.40     1.28
NAIN       031029 300  072500-073000   00     180.18 1015.7    194.16     1.60     0.48
NAIN       031029 300  073000-073500   00     180.78 1015.7    194.90     2.00     0.87
NAIN       031029 300  073500-074000   00     180.42 1015.8    194.61     1.80     0.67
NAIN       031029 300  074000-074500   00     182.40 1015.9    196.84     3.00     1.87
NAIN       031029 300  074500-075000   00     179.42 1015.9    193.72     1.40     0.26
NAIN       031029 300  075000-075500   00     180.02 1016.0    194.47     1.70     0.56
NAIN       031029 300  075500-080000   00     176.72 1016.1    191.00    -0.10    -1.24
NAIN       031029 300  080000-080500   00     177.66 1016.1    192.09     0.50    -0.65
NAIN       031029 300  080500-081000   00     178.60 1016.1    193.16     1.10    -9999
NAIN       031029 300  081000-081500   00     177.20 1016.2    191.69     0.30    -9999
NAIN       031029 300  081500-082000   00     176.74 1016.2    191.24     0.10    -9999
NAIN       031029 300  082000-082500   00     178.04 1016.2    192.69     0.80    -9999
NAIN       031029 300  082500-083000   00     177.70 1016.3    192.37     0.60    -9999
NAIN       031029 300  083000-083500   00     177.08 1016.3    191.75     0.30    -9999
NAIN       031029 300  083500-084000   00     176.32 1016.3    190.98    -0.10    -9999
NAIN       031029 300  084000-084500   00     175.52 1016.4    190.16    -0.50    -9999
NAIN       031029 300  084500-085000   00     176.92 1016.4    191.72     0.30    -9999
NAIN       031029 300  085000-085500   00     179.36 1016.4    194.42     1.70    -9999
NAIN       031029 300  085500-090000   00     175.32 1016.5    190.08    -0.50    -9999
NAIN       031029 300  090000-090500   00     177.62 1016.5    192.65     0.80    -9999
NAIN       031029 300  090500-091000   00     175.70 1016.6    190.67    -0.20    -9999
NAIN       031029 300  091000-091500   00     179.32 1016.7    194.71     1.90    -9999
NAIN       031029 300  091500-092000   00     176.72 1016.8    192.00     0.50    -9999
NAIN       031029 300  092000-092500   00     176.24 1016.8    191.59     0.20    -9999
NAIN       031029 300  092500-093000   00     177.78 1016.9    193.37     1.20    -9999
NAIN       031029 300  093000-093500   00     178.38 1017.0    194.13     1.60    -9999
NAIN       031029 300  093500-094000   00     179.48 1017.1    195.43     2.20    -9999
NAIN       031029 300  094000-094500   00     178.50 1017.1    194.48     1.80    -9999
NAIN       031029 300  094500-095000   00     177.74 1017.2    193.76     1.40    -9999
NAIN       031029 300  095000-095500   00     176.16 1017.3    192.14     0.50    -9999
NAIN       031029 300  095500-100000   00     176.36 1017.4    192.47     0.70    -9999
NAIN       031029 300  100000-100500   00     174.40 1017.4    190.44    -0.40    -9999
NAIN       031029 300  100500-101000   00     176.48 1017.5    192.83     0.90    -9999
NAIN       031029 300  101000-101500   00     174.06 1017.6    190.31    -0.40    -9999
NAIN       031029 300  101500-102000   00     174.50 1017.7    190.91    -0.10    -9999
NAIN       031029 300  102000-102500   00     173.32 1017.8    189.74    -0.70    -9999
NAIN       031029 300  102500-103000   00     174.08 1017.8    190.69    -0.20    -9999
NAIN       031029 300  103000-103500   00     173.26 1017.9    189.91    -0.60    -9999
NAIN       031029 300  103500-104000   00     174.00 1018.0    190.84    -0.20    -9999
NAIN       031029 300  104000-104500   00     173.52 1018.1    190.43    -0.40    -9999
NAIN       031029 300  104500-105000   00     169.88 1018.2    186.55    -2.40    -9999
NAIN       031029 300  105000-105500   00     168.78 1018.3    185.46    -3.00    -9999
NAIN       031029 300  105500-110000   00     166.90 1018.3    183.51    -4.00    -9999
NAIN       031029 300  110000-110500   00     162.34 1018.4    178.56    -6.60    -9999
NAIN       031029 300  110500-111000   00     161.04 1018.4    177.13    -7.30    -9999
NAIN       031029 300  111000-111500   00     159.20 1018.4    175.11    -8.40    -9999
NAIN       031029 300  111500-112000   00     158.48 1018.4    174.32    -8.80    -9999
NAIN       031029 300  112000-112500   00     157.36 1018.4    173.09    -9.40    -9999
NAIN       031029 300  112500-113000   00     158.46 1018.4    174.30    -8.80    -9999
NAIN       031029 300  113000-113500   00     157.84 1018.4    173.61    -9.20    -9999
NAIN       031029 300  113500-114000   00     156.38 1018.4    172.01   -10.00    -9999
NAIN       031029 300  114000-114500   00     153.58 1018.4    168.93   -11.60    -9999
NAIN       031029 300  114500-115000   00     154.30 1018.4    169.72   -11.20    -9999
NAIN       031029 300  115000-115500   00     153.12 1018.4    168.42   -11.90    -9999
NAIN       031029 300  115500-120000   00     155.94 1018.4    171.52   -10.30    -9999
NAIN       031029 3600 120000-130000   00     152.65 1019.1    168.79   -11.70    -9999
NAIN       031029 3600 130000-140000   00     144.57 1019.9    160.82   -15.90    -9999
NAIN       031029 3600 140000-150000   00     141.40 1020.9    158.47   -17.10    -9999
NAIN       031029 3600 150000-160000   00     142.81 1021.2    160.41   -16.10    -9999
NAIN       031029 3600 160000-170000   00     140.40 1021.8    158.42   -17.10    -9999
NAIN       031029 3600 170000-180000   00     135.97 1022.9    154.69   -19.10    -9999
NAIN       031029 3600 180000-190000   00     136.97 1023.6    156.65   -18.00    -9999
NAIN       031029 3600 190000-200000   00     136.17 1024.0    156.20   -18.30    -9999
NAIN       031029 3600 200000-210000   00     138.52 1024.4    159.38   -16.60    -9999
NAIN       031029 3600 210000-220000   00     139.32 1025.2    161.27   -15.60    -9999
NAIN       031029 3600 220000-230000   00     144.76 1025.6    168.06   -12.10    -9999
NAIN       031029 3600 230000-240000   00     148.28 1025.7    172.27    -9.90    -9999
*
COMMENT:   THE CLOCK OF REGISRATOR IS FAST ON+SEC (SLOW ON-SEC) IS 	
"COMMENT    SUPPORTING BY GPS OR INTERNETCLOCKSERVER;"	
COMMENT    NO DATA AVAILABLE	
COMMENT    PRE-INCREASE LEVEL VERIFIED AND CORRECTED (I.USOSKIN)	
COMMENT UNIVERISTY OF OULU: FILE GENERATED FROM DATABASE AND OBTAINED FROM
COMMENT https://gle.oulu.fi at 2023-04-03 12:51:18 +00:00
COMMENT FOR HISTORICAL/ORIGINAL TEXT FILES SEE https://gle.oulu.fi/txtarchive/
COMMENT ORIGINAL AT https://gle.oulu.fi/txtarchive/GLE65/C065NAIN_cor.DAT
COMMENT DETRENDED DATA SHOW -9999 IF EQUAL TO INC% COLUMN 