KINGSTON   LATITUDE    -42.99    LONGITUDE     147.29    ALTITUDE    65 M
KINGSTON   INSTRUMENT   18-NM-64   IQSY 18 Section Neutron Monitor	
KINGSTON   STANDARD PRESSURE    1012.5  MB     COEFFICIENT   -0.739    % / MB
KINGSTON   PRE-INCREASE BASELINE TIME INTERVAL    061213    010000-020000   UT
KINGSTON   PRE-INCREASE AVERAGE COUNTING RATE    204.42      COUNTS PER SECOND
KINGSTON   TIME INTERVALS    300         3600     
KINGSTON   SCALE FACTORS     1           1        
STATION    YYMMDD  SEC   TIME (UT)   CODE    UNCORR. PRESS.    CORR.    % INC.	DETRENDED
                         INTERVAL    TD      C/S     (MB)      C/S
KINGSTON   061212 3600 000000-010000   00    -999.00 -999.0    202.39    -1.00    -9999
KINGSTON   061212 3600 010000-020000   00    -999.00 -999.0    202.43    -1.00    -9999
KINGSTON   061212 3600 020000-030000   00    -999.00 -999.0    202.67    -0.90    -9999
KINGSTON   061212 3600 030000-040000   00    -999.00 -999.0    204.18    -0.10    -9999
KINGSTON   061212 3600 040000-050000   00    -999.00 -999.0    203.63    -0.40    -9999
KINGSTON   061212 3600 050000-060000   00    -999.00 -999.0    204.22    -0.10    -9999
KINGSTON   061212 3600 060000-070000   00    -999.00 -999.0    204.62     0.10    -9999
KINGSTON   061212 3600 070000-080000   00    -999.00 -999.0    203.05    -0.70    -9999
KINGSTON   061212 3600 080000-090000   00    -999.00 -999.0    202.45    -1.00    -9999
KINGSTON   061212 3600 090000-100000   00    -999.00 -999.0    202.29    -1.00    -9999
KINGSTON   061212 3600 100000-110000   00    -999.00 -999.0    202.65    -0.90    -9999
KINGSTON   061212 3600 110000-120000   00    -999.00 -999.0    201.97    -1.20    -9999
KINGSTON   061212 3600 120000-130000   00    -999.00 -999.0    201.44    -1.50    -9999
KINGSTON   061212 3600 130000-140000   00    -999.00 -999.0    201.32    -1.50    -9999
KINGSTON   061212 3600 140000-150000   00    -999.00 -999.0    202.12    -1.10    -9999
KINGSTON   061212 3600 150000-160000   00    -999.00 -999.0    202.02    -1.20    -9999
KINGSTON   061212 3600 160000-170000   00    -999.00 -999.0    202.63    -0.90    -9999
KINGSTON   061212 3600 170000-180000   00    -999.00 -999.0    202.25    -1.10    -9999
KINGSTON   061212 3600 180000-190000   00    -999.00 -999.0    202.87    -0.80    -9999
KINGSTON   061212 3600 190000-200000   00    -999.00 -999.0    202.12    -1.10    -9999
KINGSTON   061212 3600 200000-210000   00    -999.00 -999.0    202.40    -1.00    -9999
KINGSTON   061212 3600 210000-220000   00    -999.00 -999.0    202.77    -0.80    -9999
KINGSTON   061212 3600 220000-230000   00    -999.00 -999.0    202.65    -0.90    -9999
KINGSTON   061212 3600 230000-240000   00    -999.00 -999.0    203.38    -0.50    -9999
KINGSTON   061213 300  000000-000500   00     205.34 1011.1    203.23    -0.60    -9999
KINGSTON   061213 300  000500-001000   00     206.51 1011.1    204.35     0.00    -9999
KINGSTON   061213 300  001000-001500   00     206.82 1011.0    204.54     0.10    -9999
KINGSTON   061213 300  001500-002000   00     205.96 1011.0    203.70    -0.40    -9999
KINGSTON   061213 300  002000-002500   00     204.83 1011.0    202.54    -0.90    -9999
KINGSTON   061213 300  002500-003000   00     204.43 1010.9    202.00    -1.20    -9999
KINGSTON   061213 300  003000-003500   00     206.44 1010.8    203.86    -0.30    -9999
KINGSTON   061213 300  003500-004000   00     205.44 1010.7    202.79    -0.80    -9999
KINGSTON   061213 300  004000-004500   00     206.40 1010.6    203.55    -0.40    -9999
KINGSTON   061213 300  004500-005000   00     207.81 1010.5    204.79     0.20    -9999
KINGSTON   061213 300  005000-005500   00     205.03 1010.4    201.93    -1.20    -9999
KINGSTON   061213 300  005500-010000   00     204.91 1010.4    201.70    -1.30    -9999
KINGSTON   061213 300  010000-010500   00     207.71 1010.3    204.30    -0.10    -9999
KINGSTON   061213 300  010500-011000   00     206.02 1010.2    202.55    -0.90    -9999
KINGSTON   061213 300  011000-011500   00     208.06 1010.2    204.56     0.10    -9999
KINGSTON   061213 300  011500-012000   00     209.45 1010.1    205.77     0.70    -9999
KINGSTON   061213 300  012000-012500   00     209.28 1010.0    205.45     0.50    -9999
KINGSTON   061213 300  012500-013000   00     206.51 1009.9    202.64    -0.90    -9999
KINGSTON   061213 300  013000-013500   00     210.14 1009.8    206.05     0.80    -9999
KINGSTON   061213 300  013500-014000   00     208.41 1009.7    204.17    -0.10    -9999
KINGSTON   061213 300  014000-014500   00     208.02 1009.7    203.70    -0.40    -9999
KINGSTON   061213 300  014500-015000   00     207.88 1009.6    203.47    -0.50    -9999
KINGSTON   061213 300  015000-015500   00     210.59 1009.5    205.97     0.80    -9999
KINGSTON   061213 300  015500-020000   00     209.26 1009.4    204.46     0.00    -9999
KINGSTON   061213 300  020000-020500   00     209.65 1009.3    204.73     0.20     0.20
KINGSTON   061213 300  020500-021000   00     209.94 1009.2    204.88     0.20     0.20
KINGSTON   061213 300  021000-021500   00     210.12 1009.2    205.05     0.30     0.30
KINGSTON   061213 300  021500-022000   00     211.71 1009.2    206.55     1.00     1.00
KINGSTON   061213 300  022000-022500   00     210.94 1009.1    205.65     0.60     0.60
KINGSTON   061213 300  022500-023000   00     209.82 1009.0    204.43     0.00     0.00
KINGSTON   061213 300  023000-023500   00     209.33 1008.9    203.77    -0.30    -0.30
KINGSTON   061213 300  023500-024000   00     211.26 1008.8    205.56     0.60     0.60
KINGSTON   061213 300  024000-024500   00     209.10 1008.7    203.34    -0.50    -0.50
KINGSTON   061213 300  024500-025000   00     210.52 1008.6    204.61     0.10     0.10
KINGSTON   061213 300  025000-025500   00     208.58 1008.6    202.65    -0.90    -0.90
KINGSTON   061213 300  025500-030000   00     217.44 1008.6    211.26     3.30     3.30
KINGSTON   061213 300  030000-030500   00     216.96 1008.5    210.64     3.00     3.00
KINGSTON   061213 300  030500-031000   00     224.23 1008.4    217.57     6.40     6.40
KINGSTON   061213 300  031000-031500   00     234.51 1008.3    227.41    11.20    11.20
KINGSTON   061213 300  031500-032000   00     239.40 1008.3    232.09    13.50    13.50
KINGSTON   061213 300  032000-032500   00     240.36 1008.2    232.88    13.90    13.90
KINGSTON   061213 300  032500-033000   00     243.24 1008.2    235.56    15.20    15.20
KINGSTON   061213 300  033000-033500   00     239.72 1008.0    231.84    13.40    13.40
KINGSTON   061213 300  033500-034000   00     240.35 1007.9    232.34    13.70    13.70
KINGSTON   061213 300  034000-034500   00     235.71 1008.0    227.97    11.50    11.50
KINGSTON   061213 300  034500-035000   00     235.94 1008.0    228.19    11.60    11.60
KINGSTON   061213 300  035000-035500   00     235.34 1007.8    227.38    11.20    11.20
KINGSTON   061213 300  035500-040000   00     237.37 1007.7    229.10    12.10    12.10
KINGSTON   061213 300  040000-040500   00     231.46 1007.7    223.32     9.20     9.20
KINGSTON   061213 300  040500-041000   00     230.83 1007.5    222.53     8.90     8.90
KINGSTON   061213 300  041000-041500   00     232.28 1007.4    223.62     9.40     9.40
KINGSTON   061213 300  041500-042000   00     229.09 1007.2    220.29     7.80     7.80
KINGSTON   061213 300  042000-042500   00     228.93 1007.3    220.23     7.70     7.70
KINGSTON   061213 300  042500-043000   00     229.10 1007.1    220.20     7.70     7.70
KINGSTON   061213 300  043000-043500   00     226.69 1007.0    217.63     6.50     6.50
KINGSTON   061213 300  043500-044000   00     225.87 1006.9    216.72     6.00     6.00
KINGSTON   061213 300  044000-044500   00     223.67 1006.9    214.57     5.00     5.00
KINGSTON   061213 300  044500-045000   00     224.72 1006.8    215.45     5.40     5.40
KINGSTON   061213 300  045000-045500   00     223.84 1006.7    214.45     4.90     4.90
KINGSTON   061213 300  045500-050000   00     223.50 1006.7    214.06     4.70     4.70
KINGSTON   061213 300  050000-050500   00     224.05 1006.5    214.39     4.90     4.90
KINGSTON   061213 300  050500-051000   00     223.13 1006.4    213.36     4.40     4.40
KINGSTON   061213 300  051000-051500   00     222.72 1006.3    212.75     4.10     4.10
KINGSTON   061213 300  051500-052000   00     222.63 1006.3    212.66     4.00     4.00
KINGSTON   061213 300  052000-052500   00     220.81 1006.2    210.80     3.10     3.10
KINGSTON   061213 300  052500-053000   00     222.24 1006.2    212.13     3.80     3.80
KINGSTON   061213 300  053000-053500   00     221.24 1006.1    211.05     3.20     3.20
KINGSTON   061213 300  053500-054000   00     220.93 1006.0    210.54     3.00     3.00
KINGSTON   061213 300  054000-054500   00     221.64 1005.8    210.91     3.20     3.20
KINGSTON   061213 300  054500-055000   00     217.14 1005.6    206.41     1.00     1.00
KINGSTON   061213 300  055000-055500   00     220.28 1005.6    209.30     2.40     2.40
KINGSTON   061213 300  055500-060000   00     216.51 1005.5    205.66     0.60     0.60
KINGSTON   061213 300  060000-060500   00     224.53 1005.4    213.12     4.30     4.30
KINGSTON   061213 300  060500-061000   00     222.00 1005.4    210.59     3.00     3.00
KINGSTON   061213 300  061000-061500   00     217.58 1005.2    206.22     0.90     0.90
KINGSTON   061213 300  061500-062000   00     220.16 1005.1    208.44     2.00     2.00
KINGSTON   061213 300  062000-062500   00     221.53 1005.0    209.56     2.50     2.50
KINGSTON   061213 300  062500-063000   00     218.26 1004.9    206.34     0.90     0.90
KINGSTON   061213 300  063000-063500   00     221.94 1004.8    209.66     2.60     2.60
KINGSTON   061213 300  063500-064000   00     220.25 1004.8    208.00     1.80     1.80
KINGSTON   061213 300  064000-064500   00     220.25 1004.7    207.92     1.70     1.70
KINGSTON   061213 300  064500-065000   00     221.08 1004.6    208.48     2.00     2.00
KINGSTON   061213 300  065000-065500   00     219.95 1004.5    207.35     1.40     1.40
KINGSTON   061213 300  065500-070000   00     219.95 1004.4    207.23     1.40     1.40
KINGSTON   061213 300  070000-070500   00     221.16 1004.5    208.40     1.90     1.90
KINGSTON   061213 300  070500-071000   00     220.67 1004.4    207.85     1.70     1.70
KINGSTON   061213 300  071000-071500   00     220.52 1004.2    207.46     1.50     1.50
KINGSTON   061213 300  071500-072000   00     221.19 1004.2    208.03     1.80     1.80
KINGSTON   061213 300  072000-072500   00     219.56 1004.2    206.49     1.00     1.00
KINGSTON   061213 300  072500-073000   00     221.39 1004.2    208.22     1.90     1.90
KINGSTON   061213 300  073000-073500   00     219.71 1004.1    206.49     1.00     1.00
KINGSTON   061213 300  073500-074000   00     220.66 1004.0    207.28     1.40     1.40
KINGSTON   061213 300  074000-074500   00     219.59 1004.0    206.22     0.90     0.90
KINGSTON   061213 300  074500-075000   00     219.39 1004.0    206.04     0.80     0.80
KINGSTON   061213 300  075000-075500   00     217.64 1003.9    204.24    -0.10    -0.10
KINGSTON   061213 300  075500-080000   00     218.75 1003.9    205.25     0.40     0.40
KINGSTON   061213 300  080000-080500   00     219.39 1003.8    205.73     0.60     0.60
KINGSTON   061213 300  080500-081000   00     219.08 1003.9    205.55     0.60     0.60
KINGSTON   061213 300  081000-081500   00     220.71 1003.9    207.06     1.30     1.30
KINGSTON   061213 300  081500-082000   00     220.71 1003.7    206.88     1.20     1.20
KINGSTON   061213 300  082000-082500   00     219.99 1003.7    206.17     0.90     0.90
KINGSTON   061213 300  082500-083000   00     218.87 1003.7    205.09     0.30     0.30
KINGSTON   061213 300  083000-083500   00     216.57 1003.7    202.94    -0.70    -0.70
KINGSTON   061213 300  083500-084000   00     217.88 1003.7    204.16    -0.10    -0.10
KINGSTON   061213 300  084000-084500   00     221.08 1003.7    207.16     1.30     1.30
KINGSTON   061213 300  084500-085000   00     217.59 1003.6    203.77    -0.30    -0.30
KINGSTON   061213 300  085000-085500   00     219.54 1003.6    205.57     0.60     0.60
KINGSTON   061213 300  085500-090000   00     216.18 1003.6    202.42    -1.00    -1.00
KINGSTON   061213 300  090000-090500   00     219.42 1003.5    205.33     0.40    -9999
KINGSTON   061213 300  090500-091000   00     218.17 1003.4    204.00    -0.20    -9999
KINGSTON   061213 300  091000-091500   00     217.21 1003.4    203.09    -0.70    -9999
KINGSTON   061213 300  091500-092000   00     219.03 1003.4    204.79     0.20    -9999
KINGSTON   061213 300  092000-092500   00     219.43 1003.4    205.16     0.40    -9999
KINGSTON   061213 300  092500-093000   00     219.16 1003.3    204.82     0.20    -9999
KINGSTON   061213 300  093000-093500   00     219.81 1003.3    205.36     0.50    -9999
KINGSTON   061213 300  093500-094000   00     219.11 1003.2    204.55     0.10    -9999
KINGSTON   061213 300  094000-094500   00     217.96 1003.2    203.43    -0.50    -9999
KINGSTON   061213 300  094500-095000   00     218.06 1003.2    203.58    -0.40    -9999
KINGSTON   061213 300  095000-095500   00     218.04 1003.2    203.53    -0.40    -9999
KINGSTON   061213 300  095500-100000   00     217.96 1003.1    203.30    -0.50    -9999
KINGSTON   061213 300  100000-100500   00     220.47 1003.0    205.49     0.50    -9999
KINGSTON   061213 300  100500-101000   00     219.23 1002.9    204.15    -0.10    -9999
KINGSTON   061213 300  101000-101500   00     217.90 1002.8    202.79    -0.80    -9999
KINGSTON   061213 300  101500-102000   00     217.86 1002.8    202.79    -0.80    -9999
KINGSTON   061213 300  102000-102500   00     219.19 1002.8    203.97    -0.20    -9999
KINGSTON   061213 300  102500-103000   00     218.50 1002.8    203.33    -0.50    -9999
KINGSTON   061213 300  103000-103500   00     217.50 1002.8    202.46    -1.00    -9999
KINGSTON   061213 300  103500-104000   00     217.46 1002.7    202.30    -1.00    -9999
KINGSTON   061213 300  104000-104500   00     216.30 1002.7    201.25    -1.60    -9999
KINGSTON   061213 300  104500-105000   00     217.74 1003.0    202.92    -0.70    -9999
KINGSTON   061213 300  105000-105500   00     221.00 1002.9    205.90     0.70    -9999
KINGSTON   061213 300  105500-110000   00     218.55 1002.9    203.55    -0.40    -9999
KINGSTON   061213 300  110000-110500   00     218.49 1002.8    203.32    -0.50    -9999
KINGSTON   061213 300  110500-111000   00     220.47 1002.8    205.19     0.40    -9999
KINGSTON   061213 300  111000-111500   00     216.77 1002.8    201.77    -1.30    -9999
KINGSTON   061213 300  111500-112000   00     218.61 1002.8    203.49    -0.50    -9999
KINGSTON   061213 300  112000-112500   00     221.42 1002.8    206.10     0.80    -9999
KINGSTON   061213 300  112500-113000   00     218.74 1002.8    203.61    -0.40    -9999
KINGSTON   061213 300  113000-113500   00     216.48 1002.7    201.42    -1.50    -9999
KINGSTON   061213 300  113500-114000   00     218.87 1002.7    203.55    -0.40    -9999
KINGSTON   061213 300  114000-114500   00     219.01 1002.6    203.53    -0.40    -9999
KINGSTON   061213 300  114500-115000   00     217.61 1002.5    202.11    -1.10    -9999
KINGSTON   061213 300  115000-115500   00     218.43 1002.4    202.75    -0.80    -9999
KINGSTON   061213 300  115500-120000   00     218.41 1002.4    202.67    -0.90    -9999
KINGSTON   061213 300  120000-120500   00     219.02 1002.3    203.15    -0.60    -9999
KINGSTON   061213 300  120500-121000   00     222.69 1002.2    206.31     0.90    -9999
KINGSTON   061213 300  121000-121500   00     218.33 1002.1    202.23    -1.10    -9999
KINGSTON   061213 300  121500-122000   00     219.38 1002.1    203.15    -0.60    -9999
KINGSTON   061213 300  122000-122500   00     219.70 1002.1    203.39    -0.50    -9999
KINGSTON   061213 300  122500-123000   00     222.34 1002.0    205.80     0.70    -9999
KINGSTON   061213 300  123000-123500   00     219.01 1001.9    202.54    -0.90    -9999
KINGSTON   061213 300  123500-124000   00     221.71 1001.8    204.79     0.20    -9999
KINGSTON   061213 300  124000-124500   00     219.95 1001.7    203.08    -0.70    -9999
KINGSTON   061213 300  124500-125000   00     219.81 1001.7    202.92    -0.70    -9999
KINGSTON   061213 300  125000-125500   00     221.21 1001.6    204.03    -0.20    -9999
KINGSTON   061213 300  125500-130000   00     219.58 1001.4    202.35    -1.00    -9999
KINGSTON   061213 300  130000-130500   00     220.01 1001.4    202.68    -0.90    -9999
KINGSTON   061213 300  130500-131000   00     220.18 1001.3    202.69    -0.80    -9999
KINGSTON   061213 300  131000-131500   00     221.04 1001.2    203.33    -0.50    -9999
KINGSTON   061213 300  131500-132000   00     221.24 1001.1    203.36    -0.50    -9999
KINGSTON   061213 300  132000-132500   00     222.07 1001.0    203.97    -0.20    -9999
KINGSTON   061213 300  132500-133000   00     223.47 1001.0    205.32     0.40    -9999
KINGSTON   061213 300  133000-133500   00     222.88 1000.9    204.57     0.10    -9999
KINGSTON   061213 300  133500-134000   00     219.67 1000.9    201.62    -1.40    -9999
KINGSTON   061213 300  134000-134500   00     221.52 1000.8    203.17    -0.60    -9999
KINGSTON   061213 300  134500-135000   00     222.37 1000.6    203.71    -0.30    -9999
KINGSTON   061213 300  135000-135500   00     223.41 1000.4    204.36     0.00    -9999
KINGSTON   061213 300  135500-140000   00     221.63 1000.3    202.55    -0.90    -9999
KINGSTON   061213 300  140000-140500   00     220.09 1000.3    201.09    -1.60    -9999
KINGSTON   061213 300  140500-141000   00     220.81 1000.1    201.51    -1.40    -9999
KINGSTON   061213 300  141000-141500   00     224.62 1000.0    204.77     0.20    -9999
KINGSTON   061213 300  141500-142000   00     223.01  999.9    203.15    -0.60    -9999
KINGSTON   061213 300  142000-142500   00     224.49  999.8    204.32     0.00    -9999
KINGSTON   061213 300  142500-143000   00     223.34  999.6    203.01    -0.70    -9999
KINGSTON   061213 300  143000-143500   00     222.26  999.3    201.66    -1.40    -9999
KINGSTON   061213 300  143500-144000   00     224.29  999.3    203.42    -0.50    -9999
KINGSTON   061213 300  144000-144500   00     222.29  999.2    201.45    -1.50    -9999
KINGSTON   061213 300  144500-145000   00     223.96  999.1    202.87    -0.80    -9999
KINGSTON   061213 300  145000-145500   00     224.77  999.1    203.56    -0.40    -9999
KINGSTON   061213 300  145500-150000   00     224.00  999.1    202.82    -0.80    -9999
KINGSTON   061213 300  150000-150500   00     226.87  998.9    205.21     0.40    -9999
KINGSTON   061213 300  150500-151000   00     224.01  998.8    202.44    -1.00    -9999
KINGSTON   061213 300  151000-151500   00     225.59  998.7    203.71    -0.30    -9999
KINGSTON   061213 300  151500-152000   00     228.03  998.6    205.71     0.60    -9999
KINGSTON   061213 300  152000-152500   00     224.09  998.4    201.89    -1.20    -9999
KINGSTON   061213 300  152500-153000   00     224.00  998.3    201.62    -1.40    -9999
KINGSTON   061213 300  153000-153500   00     225.14  998.1    202.36    -1.00    -9999
KINGSTON   061213 300  153500-154000   00     224.22  997.9    201.35    -1.50    -9999
KINGSTON   061213 300  154000-154500   00     226.99  997.8    203.57    -0.40    -9999
KINGSTON   061213 300  154500-155000   00     229.67  997.6    205.79     0.70    -9999
KINGSTON   061213 300  155000-155500   00     225.60  997.5    201.90    -1.20    -9999
KINGSTON   061213 300  155500-160000   00     226.12  997.3    202.12    -1.10    -9999
KINGSTON   061213 300  160000-160500   00     225.63  997.2    201.51    -1.40    -9999
KINGSTON   061213 300  160500-161000   00     228.95  997.1    204.29    -0.10    -9999
KINGSTON   061213 300  161000-161500   00     228.47  997.0    203.68    -0.40    -9999
KINGSTON   061213 300  161500-162000   00     226.60  996.9    201.93    -1.20    -9999
KINGSTON   061213 300  162000-162500   00     226.57  996.8    201.78    -1.30    -9999
KINGSTON   061213 300  162500-163000   00     226.28  996.7    201.29    -1.50    -9999
KINGSTON   061213 300  163000-163500   00     227.82  996.5    202.41    -1.00    -9999
KINGSTON   061213 300  163500-164000   00     228.86  996.5    203.37    -0.50    -9999
KINGSTON   061213 300  164000-164500   00     227.88  996.5    202.52    -0.90    -9999
KINGSTON   061213 300  164500-165000   00     223.59  996.5    198.66    -2.80    -9999
KINGSTON   061213 300  165000-165500   00     226.22  996.5    200.99    -1.70    -9999
KINGSTON   061213 300  165500-170000   00     227.93  996.5    202.51    -0.90    -9999
KINGSTON   061213 300  170000-170500   00     227.84  996.4    202.28    -1.00    -9999
KINGSTON   061213 300  170500-171000   00     228.42  996.3    202.64    -0.90    -9999
KINGSTON   061213 300  171000-171500   00     228.66  996.3    202.80    -0.80    -9999
KINGSTON   061213 300  171500-172000   00     229.72  996.2    203.59    -0.40    -9999
KINGSTON   061213 300  172000-172500   00     229.47  996.0    203.19    -0.60    -9999
KINGSTON   061213 300  172500-173000   00     228.97  995.9    202.54    -0.90    -9999
KINGSTON   061213 300  173000-173500   00     229.50  995.8    202.86    -0.80    -9999
KINGSTON   061213 300  173500-174000   00     228.99  995.8    202.38    -1.00    -9999
KINGSTON   061213 300  174000-174500   00     229.03  995.8    202.44    -1.00    -9999
KINGSTON   061213 300  174500-175000   00     228.51  995.7    201.86    -1.30    -9999
KINGSTON   061213 300  175000-175500   00     228.93  995.7    202.20    -1.10    -9999
KINGSTON   061213 300  175500-180000   00     228.05  995.7    201.37    -1.50    -9999
KINGSTON   061213 300  180000-180500   00     227.28  995.6    200.54    -1.90    -9999
KINGSTON   061213 300  180500-181000   00     231.76  995.5    204.40     0.00    -9999
KINGSTON   061213 300  181000-181500   00     229.17  995.4    202.00    -1.20    -9999
KINGSTON   061213 300  181500-182000   00     228.87  995.4    201.70    -1.30    -9999
KINGSTON   061213 300  182000-182500   00     230.82  995.3    203.33    -0.50    -9999
KINGSTON   061213 300  182500-183000   00     228.23  995.3    200.99    -1.70    -9999
KINGSTON   061213 300  183000-183500   00     232.09  995.2    204.24    -0.10    -9999
KINGSTON   061213 300  183500-184000   00     230.56  995.1    202.71    -0.80    -9999
KINGSTON   061213 300  184000-184500   00     228.58  995.0    200.88    -1.70    -9999
KINGSTON   061213 300  184500-185000   00     230.21  995.0    202.22    -1.10    -9999
KINGSTON   061213 300  185000-185500   00     227.70  994.9    199.93    -2.20    -9999
KINGSTON   061213 300  185500-190000   00     229.34  994.9    201.37    -1.50    -9999
KINGSTON   061213 300  190000-190500   00     229.38  994.9    201.41    -1.50    -9999
KINGSTON   061213 300  190500-191000   00     230.46  994.8    202.23    -1.10    -9999
KINGSTON   061213 300  191000-191500   00     230.35  994.8    202.11    -1.10    -9999
KINGSTON   061213 300  191500-192000   00     231.04  994.7    202.59    -0.90    -9999
KINGSTON   061213 300  192000-192500   00     231.46  994.7    202.87    -0.80    -9999
KINGSTON   061213 300  192500-193000   00     231.63  994.5    202.81    -0.80    -9999
KINGSTON   061213 300  193000-193500   00     228.68  994.5    200.17    -2.10    -9999
KINGSTON   061213 300  193500-194000   00     233.22  994.4    204.08    -0.20    -9999
KINGSTON   061213 300  194000-194500   00     232.67  994.3    203.42    -0.50    -9999
KINGSTON   061213 300  194500-195000   00     231.15  994.2    201.91    -1.20    -9999
KINGSTON   061213 300  195000-195500   00     230.14  994.1    200.94    -1.70    -9999
KINGSTON   061213 300  195500-200000   00     231.93  994.1    202.44    -1.00    -9999
KINGSTON   061213 300  200000-200500   00     231.58  994.1    202.11    -1.10    -9999
KINGSTON   061213 300  200500-201000   00     229.76  994.0    200.40    -2.00    -9999
KINGSTON   061213 300  201000-201500   00     230.72  993.9    201.12    -1.60    -9999
KINGSTON   061213 300  201500-202000   00     234.00  993.9    203.92    -0.20    -9999
KINGSTON   061213 300  202000-202500   00     231.69  993.8    201.84    -1.30    -9999
KINGSTON   061213 300  202500-203000   00     234.19  993.7    203.84    -0.30    -9999
KINGSTON   061213 300  203000-203500   00     233.04  993.7    202.84    -0.80    -9999
KINGSTON   061213 300  203500-204000   00     234.50  993.6    203.96    -0.20    -9999
KINGSTON   061213 300  204000-204500   00     231.55  993.6    201.43    -1.50    -9999
KINGSTON   061213 300  204500-205000   00     234.53  993.7    204.08    -0.20    -9999
KINGSTON   061213 300  205000-205500   00     233.85  993.6    203.40    -0.50    -9999
KINGSTON   061213 300  205500-210000   00     232.49  993.6    202.24    -1.10    -9999
KINGSTON   061213 300  210000-210500   00     235.39  993.5    204.62     0.10    -9999
KINGSTON   061213 300  210500-211000   00     233.26  993.5    202.73    -0.80    -9999
KINGSTON   061213 300  211000-211500   00     233.83  993.5    203.17    -0.60    -9999
KINGSTON   061213 300  211500-212000   00     232.30  993.4    201.75    -1.30    -9999
KINGSTON   061213 300  212000-212500   00     232.81  993.4    202.20    -1.10    -9999
KINGSTON   061213 300  212500-213000   00     232.59  993.3    201.85    -1.30    -9999
KINGSTON   061213 300  213000-213500   00     230.61  993.3    200.16    -2.10    -9999
KINGSTON   061213 300  213500-214000   00     235.30  993.3    204.24    -0.10    -9999
KINGSTON   061213 300  214000-214500   00     232.06  993.4    201.48    -1.40    -9999
KINGSTON   061213 300  214500-215000   00     231.95  993.3    201.24    -1.60    -9999
KINGSTON   061213 300  215000-215500   00     233.81  993.2    202.73    -0.80    -9999
KINGSTON   061213 300  215500-220000   00     236.82  993.2    205.28     0.40    -9999
KINGSTON   061213 300  220000-220500   00     234.93  993.2    203.67    -0.40    -9999
KINGSTON   061213 300  220500-221000   00     231.01  993.1    200.13    -2.10    -9999
KINGSTON   061213 300  221000-221500   00     234.50  993.0    203.06    -0.70    -9999
KINGSTON   061213 300  221500-222000   00     235.22  993.0    203.66    -0.40    -9999
KINGSTON   061213 300  222000-222500   00     232.26  993.0    201.03    -1.70    -9999
KINGSTON   061213 300  222500-223000   00     233.86  992.8    202.20    -1.10    -9999
KINGSTON   061213 300  223000-223500   00     233.06  992.8    201.49    -1.40    -9999
KINGSTON   061213 300  223500-224000   00     236.29  992.7    204.13    -0.10    -9999
KINGSTON   061213 300  224000-224500   00     233.09  992.6    201.18    -1.60    -9999
KINGSTON   061213 300  224500-225000   00     234.69  992.5    202.42    -1.00    -9999
KINGSTON   061213 300  225000-225500   00     234.94  992.4    202.51    -0.90    -9999
KINGSTON   061213 300  225500-230000   00     235.40  992.3    202.72    -0.80    -9999
KINGSTON   061213 300  230000-230500   00     233.59  992.2    201.05    -1.60    -9999
KINGSTON   061213 300  230500-231000   00     236.90  992.1    203.69    -0.40    -9999
KINGSTON   061213 300  231000-231500   00     237.45  991.9    203.98    -0.20    -9999
KINGSTON   061213 300  231500-232000   00     236.36  991.8    202.86    -0.80    -9999
KINGSTON   061213 300  232000-232500   00     235.43  991.8    202.06    -1.20    -9999
KINGSTON   061213 300  232500-233000   00     234.43  991.7    201.09    -1.60    -9999
KINGSTON   061213 300  233000-233500   00     238.81  991.5    204.51     0.00    -9999
KINGSTON   061213 300  233500-234000   00     236.53  991.3    202.20    -1.10    -9999
KINGSTON   061213 300  234000-234500   00     237.63  991.2    202.98    -0.70    -9999
KINGSTON   061213 300  234500-235000   00     232.37  991.0    198.29    -3.00    -9999
KINGSTON   061213 300  235000-235500   00     239.23  990.9    203.93    -0.20    -9999
KINGSTON   061213 300  235500-240000   00     236.30  990.8    201.32    -1.50    -9999
*
COMMENT UNIVERISTY OF OULU: FILE GENERATED FROM DATABASE AND OBTAINED FROM
COMMENT https://gle.oulu.fi at 2023-02-24 11:29:29 +00:00
COMMENT FOR HISTORICAL/ORIGINAL TEXT FILES SEE https://gle.oulu.fi/txtarchive/
COMMENT ORIGINAL AT https://gle.oulu.fi/txtarchive/GLE70/C070KING_cor.DAT
COMMENT DETRENDED DATA SHOW -9999 IF EQUAL TO INC% COLUMN 