YAKUTSK    LATITUDE    62.02     LONGITUDE     129.72    ALTITUDE    105 M
YAKUTSK    INSTRUMENT   18NM64    NEUTRON MONITOR     	
YAKUTSK    STANDARD PRESSURE    1003    mb     COEFFICIENT   -0.715    % / mb
YAKUTSK    PRE-INCREASE BASELINE TIME INTERVAL    061213    010000-020000   UT
YAKUTSK    PRE-INCREASE AVERAGE COUNTING RATE    210.77      COUNTS PER SECOND
YAKUTSK    TIME INTERVALS    300         3600     
YAKUTSK    SCALE FACTORS     1           1        
STATION    YYMMDD  SEC   TIME (UT)   CODE    UNCORR. PRESS.    CORR.    % INC.	DETRENDED
                         INTERVAL    TD      C/S     (mb)      C/S
YAKUTSK    061212 3600 000000-010000   00    -999.00 -999.0    209.18    -0.80    -9999
YAKUTSK    061212 3600 010000-020000   00    -999.00 -999.0    209.10    -0.80    -9999
YAKUTSK    061212 3600 020000-030000   00    -999.00 -999.0    208.93    -0.90    -9999
YAKUTSK    061212 3600 030000-040000   00    -999.00 -999.0    208.79    -0.90    -9999
YAKUTSK    061212 3600 040000-050000   00    -999.00 -999.0    208.96    -0.90    -9999
YAKUTSK    061212 3600 050000-060000   00    -999.00 -999.0    209.25    -0.70    -9999
YAKUTSK    061212 3600 060000-070000   00    -999.00 -999.0    209.46    -0.60    -9999
YAKUTSK    061212 3600 070000-080000   00    -999.00 -999.0    208.82    -0.90    -9999
YAKUTSK    061212 3600 080000-090000   00    -999.00 -999.0    208.54    -1.10    -9999
YAKUTSK    061212 3600 090000-100000   00    -999.00 -999.0    208.65    -1.00    -9999
YAKUTSK    061212 3600 100000-110000   00    -999.00 -999.0    208.26    -1.20    -9999
YAKUTSK    061212 3600 110000-120000   00    -999.00 -999.0    208.08    -1.30    -9999
YAKUTSK    061212 3600 120000-130000   00    -999.00 -999.0    208.43    -1.10    -9999
YAKUTSK    061212 3600 130000-140000   00    -999.00 -999.0    208.12    -1.30    -9999
YAKUTSK    061212 3600 140000-150000   00    -999.00 -999.0    208.01    -1.30    -9999
YAKUTSK    061212 3600 150000-160000   00    -999.00 -999.0    207.83    -1.40    -9999
YAKUTSK    061212 3600 160000-170000   00    -999.00 -999.0    207.98    -1.30    -9999
YAKUTSK    061212 3600 170000-180000   00    -999.00 -999.0    209.07    -0.80    -9999
YAKUTSK    061212 3600 180000-190000   00    -999.00 -999.0    209.18    -0.80    -9999
YAKUTSK    061212 3600 190000-200000   00    -999.00 -999.0    208.68    -1.00    -9999
YAKUTSK    061212 3600 200000-210000   00    -999.00 -999.0    208.58    -1.00    -9999
YAKUTSK    061212 3600 210000-220000   00    -999.00 -999.0    209.56    -0.60    -9999
YAKUTSK    061212 3600 220000-230000   00    -999.00 -999.0    209.14    -0.80    -9999
YAKUTSK    061212 3600 230000-240000   00    -999.00 -999.0    209.49    -0.60    -9999
YAKUTSK    061213 300  000000-000400   00     202.02 1006.5    207.14    -1.70    -9999
YAKUTSK    061213 300  000400-000900   00     206.48 1006.5    211.72     0.50    -9999
YAKUTSK    061213 300  000900-001400   00     203.64 1006.4    208.70    -1.00    -9999
YAKUTSK    061213 300  001400-001900   00     203.62 1006.4    208.66    -1.00    -9999
YAKUTSK    061213 300  001900-002400   00     205.90 1006.5    211.14     0.20    -9999
YAKUTSK    061213 300  002400-002900   00     204.22 1006.5    209.40    -0.60    -9999
YAKUTSK    061213 300  002900-003400   00     203.14 1006.5    208.30    -1.20    -9999
YAKUTSK    061213 300  003400-003900   00     205.00 1006.6    210.36    -0.20    -9999
YAKUTSK    061213 300  003900-004400   00     203.30 1006.5    208.50    -1.10    -9999
YAKUTSK    061213 300  004400-004900   00     205.62 1006.6    210.96     0.10    -9999
YAKUTSK    061213 300  004900-005400   00     203.82 1006.5    209.02    -0.80    -9999
YAKUTSK    061213 300  005400-005900   00     205.10 1006.5    210.32    -0.20    -9999
YAKUTSK    061213 300  005900-010400   00     206.08 1006.5    211.32     0.30    -9999
YAKUTSK    061213 300  010400-010900   00     205.42 1006.5    210.62    -0.10    -9999
YAKUTSK    061213 300  010900-011400   00     206.22 1006.5    211.44     0.30    -9999
YAKUTSK    061213 300  011400-011900   00     204.66 1006.5    209.82    -0.50    -9999
YAKUTSK    061213 300  011900-012400   00     205.38 1006.4    210.42    -0.20    -9999
YAKUTSK    061213 300  012400-012900   00     205.70 1006.4    210.80     0.00    -9999
YAKUTSK    061213 300  012900-013400   00     202.32 1006.4    207.32    -1.60    -9999
YAKUTSK    061213 300  013400-013900   00     207.80 1006.3    212.78     1.00    -9999
YAKUTSK    061213 300  013900-014400   00     206.36 1006.3    211.36     0.30    -9999
YAKUTSK    061213 300  014400-014900   00     204.72 1006.3    209.62    -0.50    -9999
YAKUTSK    061213 300  014900-015400   00     207.06 1006.3    212.02     0.60    -9999
YAKUTSK    061213 300  015400-015900   00     206.80 1006.3    211.72     0.50    -9999
YAKUTSK    061213 300  015900-020400   00     206.62 1006.3    211.50     0.30     0.30
YAKUTSK    061213 300  020400-020900   00     203.88 1006.2    208.62    -1.00    -1.00
YAKUTSK    061213 300  020900-021400   00     204.88 1006.2    209.56    -0.60    -0.60
YAKUTSK    061213 300  021400-021900   00     203.88 1006.1    208.46    -1.10    -1.10
YAKUTSK    061213 300  021900-022400   00     206.38 1006.1    211.04     0.10     0.10
YAKUTSK    061213 300  022400-022900   00     205.50 1006.1    210.10    -0.30    -0.30
YAKUTSK    061213 300  022900-023400   00     205.50 1006.1    210.08    -0.30    -0.30
YAKUTSK    061213 300  023400-023900   00     207.60 1006.1    212.26     0.70     0.70
YAKUTSK    061213 300  023900-024400   00     205.42 1006.1    210.04    -0.30    -0.30
YAKUTSK    061213 300  024400-024900   00     206.22 1006.1    210.84     0.00     0.00
YAKUTSK    061213 300  024900-025400   00     205.52 1006.1    210.16    -0.30    -0.30
YAKUTSK    061213 300  025400-025900   00     208.42 1006.1    213.08     1.10     1.10
YAKUTSK    061213 300  025900-030400   00     208.68 1006.1    213.38     1.20     1.20
YAKUTSK    061213 300  030400-030900   00     218.24 1006.1    223.22     5.90     5.90
YAKUTSK    061213 300  030900-031400   00     225.26 1006.1    230.30     9.30     9.30
YAKUTSK    061213 300  031400-031900   00     229.98 1006.1    235.12    11.60    11.60
YAKUTSK    061213 300  031900-032400   00     236.54 1006.2    241.98    14.80    14.80
YAKUTSK    061213 300  032400-032900   00     238.46 1006.2    243.92    15.70    15.70
YAKUTSK    061213 300  032900-033400   00     239.48 1006.1    244.82    16.20    16.20
YAKUTSK    061213 300  033400-033900   00     239.64 1006.0    244.94    16.20    16.20
YAKUTSK    061213 300  033900-034400   00     238.42 1006.1    243.76    15.70    15.70
YAKUTSK    061213 300  034400-034900   00     238.04 1006.1    243.38    15.50    15.50
YAKUTSK    061213 300  034900-035400   00     238.38 1006.2    243.90    15.70    15.70
YAKUTSK    061213 300  035400-035900   00     233.80 1006.2    239.22    13.50    13.50
YAKUTSK    061213 300  035900-040400   00     233.32 1006.2    238.70    13.30    13.30
YAKUTSK    061213 300  040400-040900   00     231.84 1006.2    237.28    12.60    12.60
YAKUTSK    061213 300  040900-041400   00     228.84 1006.2    234.16    11.10    11.10
YAKUTSK    061213 300  041400-041900   00     226.44 1006.2    231.68     9.90     9.90
YAKUTSK    061213 300  041900-042400   00     226.62 1006.2    231.86    10.00    10.00
YAKUTSK    061213 300  042400-042900   00     227.44 1006.2    232.70    10.40    10.40
YAKUTSK    061213 300  042900-043400   00     223.56 1006.2    228.70     8.50     8.50
YAKUTSK    061213 300  043400-043900   00     223.36 1006.3    228.68     8.50     8.50
YAKUTSK    061213 300  043900-044400   00     222.10 1006.3    227.38     7.90     7.90
YAKUTSK    061213 300  044400-044900   00     221.16 1006.3    226.44     7.40     7.40
YAKUTSK    061213 300  044900-045400   00     220.52 1006.3    225.76     7.10     7.10
YAKUTSK    061213 300  045400-045900   00     217.16 1006.3    222.34     5.50     5.50
YAKUTSK    061213 300  045900-050400   00     218.90 1006.3    224.12     6.30     6.30
YAKUTSK    061213 300  050400-050900   00     218.60 1006.3    223.74     6.20     6.20
YAKUTSK    061213 300  050900-051400   00     218.70 1006.3    223.90     6.20     6.20
YAKUTSK    061213 300  051400-051900   00     216.52 1006.3    221.68     5.20     5.20
YAKUTSK    061213 300  051900-052400   00     215.52 1006.2    220.52     4.60     4.60
YAKUTSK    061213 300  052400-052900   00     216.52 1006.2    221.54     5.10     5.10
YAKUTSK    061213 300  052900-053400   00     217.02 1006.2    222.04     5.30     5.30
YAKUTSK    061213 300  053400-053900   00     214.68 1006.2    219.64     4.20     4.20
YAKUTSK    061213 300  053900-054400   00     214.04 1006.2    218.98     3.90     3.90
YAKUTSK    061213 300  054400-054900   00     213.48 1006.2    218.42     3.60     3.60
YAKUTSK    061213 300  054900-055400   00     213.62 1006.2    218.58     3.70     3.70
YAKUTSK    061213 300  055400-055900   00     215.40 1006.2    220.40     4.60     4.60
YAKUTSK    061213 300  055900-060400   00     213.38 1006.3    218.44     3.60     3.60
YAKUTSK    061213 300  060400-060900   00     211.50 1006.3    216.56     2.70     2.70
YAKUTSK    061213 300  060900-061400   00     210.90 1006.3    215.96     2.50     2.50
YAKUTSK    061213 300  061400-061900   00     214.16 1006.4    219.42     4.10     4.10
YAKUTSK    061213 300  061900-062400   00     210.80 1006.4    216.00     2.50     2.50
YAKUTSK    061213 300  062400-062900   00     212.26 1006.5    217.64     3.30     3.30
YAKUTSK    061213 300  062900-063400   00     211.60 1006.4    216.88     2.90     2.90
YAKUTSK    061213 300  063400-063900   00     210.62 1006.5    215.96     2.50     2.50
YAKUTSK    061213 300  063900-064400   00     212.70 1006.5    218.12     3.50     3.50
YAKUTSK    061213 300  064400-064900   00     210.96 1006.6    216.40     2.70     2.70
YAKUTSK    061213 300  064900-065400   00     210.56 1006.5    215.96     2.50     2.50
YAKUTSK    061213 300  065400-065900   00     212.04 1006.6    217.62     3.20     3.20
YAKUTSK    061213 300  065900-070400   00     209.90 1006.7    215.54     2.30     2.30
YAKUTSK    061213 300  070400-070900   00     210.64 1006.7    216.20     2.60     2.60
YAKUTSK    061213 300  070900-071400   00     208.64 1006.7    214.24     1.60     1.60
YAKUTSK    061213 300  071400-071900   00     211.52 1006.7    217.18     3.00     3.00
YAKUTSK    061213 300  071900-072400   00     210.64 1006.7    216.36     2.70     2.70
YAKUTSK    061213 300  072400-072900   00     210.36 1006.8    216.14     2.50     2.50
YAKUTSK    061213 300  072900-073400   00     208.18 1006.8    214.00     1.50     1.50
YAKUTSK    061213 300  073400-073900   00     207.42 1006.9    213.24     1.20     1.20
YAKUTSK    061213 300  073900-074400   00     208.30 1006.9    214.20     1.60     1.60
YAKUTSK    061213 300  074400-074900   00     207.64 1006.9    213.46     1.30     1.30
YAKUTSK    061213 300  074900-075400   00     206.06 1006.8    211.74     0.50     0.50
YAKUTSK    061213 300  075400-075900   00     209.52 1006.8    215.30     2.10     2.10
YAKUTSK    061213 300  075900-080400   00     208.22 1006.8    213.96     1.50     1.50
YAKUTSK    061213 300  080400-080900   00     206.92 1006.8    212.64     0.90     0.90
YAKUTSK    061213 300  080900-081400   00     208.40 1006.8    214.18     1.60     1.60
YAKUTSK    061213 300  081400-081900   00     206.40 1006.8    212.08     0.60     0.60
YAKUTSK    061213 300  081900-082400   00     207.58 1006.9    213.40     1.20     1.20
YAKUTSK    061213 300  082400-082900   00     209.12 1006.9    215.04     2.00     2.00
YAKUTSK    061213 300  082900-083400   00     207.24 1006.9    213.10     1.10     1.10
YAKUTSK    061213 300  083400-083900   00     206.62 1007.0    212.58     0.90     0.90
YAKUTSK    061213 300  083900-084400   00     204.98 1007.0    210.94     0.10     0.10
YAKUTSK    061213 300  084400-084900   00     206.64 1007.0    212.64     0.90     0.90
YAKUTSK    061213 300  084900-085400   00     205.38 1007.0    211.36     0.30     0.30
YAKUTSK    061213 300  085400-085900   00     206.18 1006.9    212.06     0.60     0.60
YAKUTSK    061213 300  085900-090400   00     205.36 1007.0    211.26     0.20     0.20
YAKUTSK    061213 300  090400-090900   00     208.96 1006.9    214.86     1.90     1.90
YAKUTSK    061213 300  090900-091400   00     205.48 1007.0    211.36     0.30     0.30
YAKUTSK    061213 300  091400-091900   00     205.26 1007.0    211.14     0.20     0.20
YAKUTSK    061213 300  091900-092400   00     205.84 1006.9    211.66     0.40     0.40
YAKUTSK    061213 300  092400-092900   00     203.26 1007.0    209.16    -0.80    -0.80
YAKUTSK    061213 300  092900-093400   00     203.92 1007.1    209.98    -0.40    -0.40
YAKUTSK    061213 300  093400-093900   00     206.74 1007.2    213.00     1.10     1.10
YAKUTSK    061213 300  093900-094400   00     201.38 1007.2    207.54    -1.50    -1.50
YAKUTSK    061213 300  094400-094900   00     206.38 1007.2    212.66     0.90     0.90
YAKUTSK    061213 300  094900-095400   00     205.30 1007.2    211.56     0.40     0.40
YAKUTSK    061213 300  095400-095900   00     204.24 1007.2    210.48    -0.10    -0.10
YAKUTSK    061213 300  095900-100400   00     204.72 1007.2    210.96     0.10    -9999
YAKUTSK    061213 300  100400-100900   00     204.64 1007.3    211.02     0.10    -9999
YAKUTSK    061213 300  100900-101400   00     204.56 1007.3    210.96     0.10    -9999
YAKUTSK    061213 300  101400-101900   00     203.46 1007.3    209.76    -0.50    -9999
YAKUTSK    061213 300  101900-102400   00     202.76 1007.2    208.92    -0.90    -9999
YAKUTSK    061213 300  102400-102900   00     203.14 1007.2    209.36    -0.70    -9999
YAKUTSK    061213 300  102900-103400   00     202.52 1007.3    208.78    -0.90    -9999
YAKUTSK    061213 300  103400-103900   00     203.32 1007.2    209.52    -0.60    -9999
YAKUTSK    061213 300  103900-104400   00     205.26 1007.2    211.52     0.40    -9999
YAKUTSK    061213 300  104400-104900   00     202.10 1007.3    208.42    -1.10    -9999
YAKUTSK    061213 300  104900-105400   00     204.66 1007.3    211.06     0.10    -9999
YAKUTSK    061213 300  105400-105900   00     204.24 1007.3    210.66    -0.10    -9999
YAKUTSK    061213 300  105900-110400   00     203.08 1007.3    209.44    -0.60    -9999
YAKUTSK    061213 300  110400-110900   00     204.74 1007.4    211.32     0.30    -9999
YAKUTSK    061213 300  110900-111400   00     202.54 1007.5    209.12    -0.80    -9999
YAKUTSK    061213 300  111400-111900   00     202.94 1007.5    209.54    -0.60    -9999
YAKUTSK    061213 300  111900-112400   00     203.70 1007.5    210.36    -0.20    -9999
YAKUTSK    061213 300  112400-112900   00     205.00 1007.6    211.82     0.50    -9999
YAKUTSK    061213 300  112900-113400   00     203.82 1007.6    210.66    -0.10    -9999
YAKUTSK    061213 300  113400-113900   00     201.98 1007.7    208.86    -0.90    -9999
YAKUTSK    061213 300  113900-114400   00     202.08 1007.7    208.98    -0.80    -9999
YAKUTSK    061213 300  114400-114900   00     201.52 1007.7    208.46    -1.10    -9999
YAKUTSK    061213 300  114900-115400   00     202.76 1007.6    209.62    -0.50    -9999
YAKUTSK    061213 300  115400-115900   00     203.02 1007.6    209.80    -0.50    -9999
YAKUTSK    061213 300  115900-120400   00     201.46 1007.7    208.32    -1.20    -9999
YAKUTSK    061213 300  120400-120900   00     201.74 1007.7    208.66    -1.00    -9999
YAKUTSK    061213 300  120900-121400   00     203.98 1007.8    211.02     0.10    -9999
YAKUTSK    061213 300  121400-121900   00     203.34 1007.8    210.46    -0.10    -9999
YAKUTSK    061213 300  121900-122400   00     201.90 1007.8    208.88    -0.90    -9999
YAKUTSK    061213 300  122400-122900   00     202.54 1007.8    209.60    -0.60    -9999
YAKUTSK    061213 300  122900-123400   00     200.24 1007.8    207.22    -1.70    -9999
YAKUTSK    061213 300  123400-123900   00     201.60 1007.7    208.52    -1.10    -9999
YAKUTSK    061213 300  123900-124400   00     201.40 1007.7    208.34    -1.20    -9999
YAKUTSK    061213 300  124400-124900   00     202.30 1007.8    209.34    -0.70    -9999
YAKUTSK    061213 300  124900-125400   00     202.70 1007.7    209.66    -0.50    -9999
YAKUTSK    061213 300  125400-125900   00     201.60 1007.8    208.60    -1.00    -9999
YAKUTSK    061213 300  125900-130400   00     201.62 1007.8    208.66    -1.00    -9999
YAKUTSK    061213 300  130400-130900   00     203.12 1007.8    210.18    -0.30    -9999
YAKUTSK    061213 300  130900-131400   00     203.18 1007.8    210.26    -0.20    -9999
YAKUTSK    061213 300  131400-131900   00     200.44 1007.8    207.42    -1.60    -9999
YAKUTSK    061213 300  131900-132400   00     201.02 1007.9    208.14    -1.20    -9999
YAKUTSK    061213 300  132400-132900   00     200.62 1007.9    207.70    -1.50    -9999
YAKUTSK    061213 300  132900-133400   00     202.74 1007.9    209.98    -0.40    -9999
YAKUTSK    061213 300  133400-133900   00     203.96 1007.8    211.08     0.10    -9999
YAKUTSK    061213 300  133900-134400   00     203.72 1007.8    210.86     0.00    -9999
YAKUTSK    061213 300  134400-134900   00     202.04 1007.8    209.12    -0.80    -9999
YAKUTSK    061213 300  134900-135400   00     200.90 1007.9    208.06    -1.30    -9999
YAKUTSK    061213 300  135400-135900   00     201.56 1007.9    208.72    -1.00    -9999
YAKUTSK    061213 300  135900-140400   00     203.20 1007.9    210.48    -0.10    -9999
YAKUTSK    061213 300  140400-140900   00     203.72 1007.9    210.96     0.10    -9999
YAKUTSK    061213 300  140900-141400   00     201.32 1007.9    208.52    -1.10    -9999
YAKUTSK    061213 300  141400-141900   00     202.74 1007.9    209.98    -0.40    -9999
YAKUTSK    061213 300  141900-142400   00     201.48 1008.0    208.76    -1.00    -9999
YAKUTSK    061213 300  142400-142900   00     204.24 1008.0    211.58     0.40    -9999
YAKUTSK    061213 300  142900-143400   00     199.74 1007.9    206.96    -1.80    -9999
YAKUTSK    061213 300  143400-143900   00     201.80 1008.0    209.14    -0.80    -9999
YAKUTSK    061213 300  143900-144400   00     202.90 1008.0    210.28    -0.20    -9999
YAKUTSK    061213 300  144400-144900   00     202.00 1007.9    209.18    -0.80    -9999
YAKUTSK    061213 300  144900-145400   00     200.54 1007.9    207.70    -1.50    -9999
YAKUTSK    061213 300  145400-145900   00     203.50 1008.0    210.90     0.10    -9999
YAKUTSK    061213 300  145900-150400   00     202.10 1008.0    209.48    -0.60    -9999
YAKUTSK    061213 300  150400-150900   00     201.42 1008.0    208.74    -1.00    -9999
YAKUTSK    061213 300  150900-151400   00     202.48 1008.0    209.86    -0.40    -9999
YAKUTSK    061213 300  151400-151900   00     199.58 1008.0    206.86    -1.90    -9999
YAKUTSK    061213 300  151900-152400   00     201.78 1007.9    209.02    -0.80    -9999
YAKUTSK    061213 300  152400-152900   00     201.64 1008.0    208.96    -0.90    -9999
YAKUTSK    061213 300  152900-153400   00     199.36 1008.0    206.58    -2.00    -9999
YAKUTSK    061213 300  153400-153900   00     201.94 1007.9    209.20    -0.70    -9999
YAKUTSK    061213 300  153900-154400   00     202.80 1007.9    210.02    -0.40    -9999
YAKUTSK    061213 300  154400-154900   00     201.12 1007.9    208.30    -1.20    -9999
YAKUTSK    061213 300  154900-155400   00     202.40 1007.9    209.58    -0.60    -9999
YAKUTSK    061213 300  155400-155900   00     202.94 1007.9    210.12    -0.30    -9999
YAKUTSK    061213 300  155900-160400   00     201.30 1007.9    208.54    -1.10    -9999
YAKUTSK    061213 300  160400-160900   00     200.48 1008.0    207.78    -1.40    -9999
YAKUTSK    061213 300  160900-161400   00     201.10 1008.1    208.54    -1.10    -9999
YAKUTSK    061213 300  161400-161900   00     202.54 1008.2    210.18    -0.30    -9999
YAKUTSK    061213 300  161900-162400   00     200.80 1008.2    208.40    -1.10    -9999
YAKUTSK    061213 300  162400-162900   00     202.44 1008.2    210.12    -0.30    -9999
YAKUTSK    061213 300  162900-163400   00     201.72 1008.3    209.48    -0.60    -9999
YAKUTSK    061213 300  163400-163900   00     200.78 1008.3    208.52    -1.10    -9999
YAKUTSK    061213 300  163900-164400   00     201.60 1008.3    209.38    -0.70    -9999
YAKUTSK    061213 300  164400-164900   00     202.64 1008.3    210.42    -0.20    -9999
YAKUTSK    061213 300  164900-165400   00     201.00 1008.3    208.78    -0.90    -9999
YAKUTSK    061213 300  165400-165900   00     201.06 1008.3    208.82    -0.90    -9999
YAKUTSK    061213 300  165900-170400   00     201.40 1008.3    209.14    -0.80    -9999
YAKUTSK    061213 300  170400-170900   00     203.26 1008.3    211.10     0.20    -9999
YAKUTSK    061213 300  170900-171400   00     203.06 1008.3    210.84     0.00    -9999
YAKUTSK    061213 300  171400-171900   00     203.36 1008.3    211.20     0.20    -9999
YAKUTSK    061213 300  171900-172400   00     204.26 1008.4    212.26     0.70    -9999
YAKUTSK    061213 300  172400-172900   00     200.16 1008.4    207.94    -1.30    -9999
YAKUTSK    061213 300  172900-173400   00     200.66 1008.4    208.54    -1.10    -9999
YAKUTSK    061213 300  173400-173900   00     200.94 1008.4    208.84    -0.90    -9999
YAKUTSK    061213 300  173900-174400   00     203.22 1008.4    211.22     0.20    -9999
YAKUTSK    061213 300  174400-174900   00     202.00 1008.4    209.94    -0.40    -9999
YAKUTSK    061213 300  174900-175400   00     202.48 1008.3    210.34    -0.20    -9999
YAKUTSK    061213 300  175400-175900   00     201.60 1008.3    209.40    -0.60    -9999
YAKUTSK    061213 300  175900-180400   00     199.56 1008.3    207.32    -1.60    -9999
YAKUTSK    061213 300  180400-180900   00     202.24 1008.4    210.22    -0.30    -9999
YAKUTSK    061213 300  180900-181400   00     201.58 1008.5    209.66    -0.50    -9999
YAKUTSK    061213 300  181400-181900   00     202.14 1008.6    210.38    -0.20    -9999
YAKUTSK    061213 300  181900-182400   00     200.26 1008.6    208.44    -1.10    -9999
YAKUTSK    061213 300  182400-182900   00     200.50 1008.7    208.80    -0.90    -9999
YAKUTSK    061213 300  182900-183400   00     199.38 1008.7    207.66    -1.50    -9999
YAKUTSK    061213 300  183400-183900   00     200.78 1008.7    209.14    -0.80    -9999
YAKUTSK    061213 300  183900-184400   00     200.62 1008.8    209.06    -0.80    -9999
YAKUTSK    061213 300  184400-184900   00     200.94 1008.8    209.44    -0.60    -9999
YAKUTSK    061213 300  184900-185400   00     200.12 1008.8    208.56    -1.00    -9999
YAKUTSK    061213 300  185400-185900   00     201.44 1008.8    209.98    -0.40    -9999
YAKUTSK    061213 300  185900-190400   00     201.94 1008.8    210.50    -0.10    -9999
YAKUTSK    061213 300  190400-190900   00     200.38 1008.9    209.02    -0.80    -9999
YAKUTSK    061213 300  190900-191400   00     201.62 1008.9    210.24    -0.30    -9999
YAKUTSK    061213 300  191400-191900   00     200.40 1008.8    208.90    -0.90    -9999
YAKUTSK    061213 300  191900-192400   00     197.38 1008.9    205.90    -2.30    -9999
YAKUTSK    061213 300  192400-192900   00     198.34 1009.0    207.02    -1.80    -9999
YAKUTSK    061213 300  192900-193400   00     200.32 1009.0    209.06    -0.80    -9999
YAKUTSK    061213 300  193400-193900   00     200.30 1008.9    208.90    -0.90    -9999
YAKUTSK    061213 300  193900-194400   00     199.52 1008.9    208.12    -1.30    -9999
YAKUTSK    061213 300  194400-194900   00     200.44 1008.9    209.08    -0.80    -9999
YAKUTSK    061213 300  194900-195400   00     200.54 1009.0    209.26    -0.70    -9999
YAKUTSK    061213 300  195400-195900   00     199.14 1009.1    207.98    -1.30    -9999
YAKUTSK    061213 300  195900-200400   00     197.14 1009.1    205.94    -2.30    -9999
YAKUTSK    061213 300  200400-200900   00     198.68 1009.1    207.52    -1.50    -9999
YAKUTSK    061213 300  200900-201400   00     200.18 1009.2    209.20    -0.70    -9999
YAKUTSK    061213 300  201400-201900   00     198.70 1009.2    207.70    -1.50    -9999
YAKUTSK    061213 300  201900-202400   00     198.56 1009.2    207.56    -1.50    -9999
YAKUTSK    061213 300  202400-202900   00     197.88 1009.3    206.98    -1.80    -9999
YAKUTSK    061213 300  202900-203400   00     199.18 1009.3    208.36    -1.10    -9999
YAKUTSK    061213 300  203400-203900   00     197.54 1009.4    206.76    -1.90    -9999
YAKUTSK    061213 300  203900-204400   00     198.48 1009.4    207.76    -1.40    -9999
YAKUTSK    061213 300  204400-204900   00     197.12 1009.5    206.44    -2.10    -9999
YAKUTSK    061213 300  204900-205400   00     199.82 1009.5    209.32    -0.70    -9999
YAKUTSK    061213 300  205400-205900   00     199.86 1009.4    209.24    -0.70    -9999
YAKUTSK    061213 300  205900-210400   00     200.14 1009.5    209.62    -0.50    -9999
YAKUTSK    061213 300  210400-210900   00     198.70 1009.5    208.14    -1.20    -9999
YAKUTSK    061213 300  210900-211400   00     198.04 1009.5    207.48    -1.60    -9999
YAKUTSK    061213 300  211400-211900   00     199.20 1009.5    208.68    -1.00    -9999
YAKUTSK    061213 300  211900-212400   00     197.04 1009.5    206.46    -2.00    -9999
YAKUTSK    061213 300  212400-212900   00     198.48 1009.6    208.08    -1.30    -9999
YAKUTSK    061213 300  212900-213400   00     199.02 1009.6    208.62    -1.00    -9999
YAKUTSK    061213 300  213400-213900   00     199.90 1009.6    209.60    -0.60    -9999
YAKUTSK    061213 300  213900-214400   00     199.38 1009.7    209.16    -0.80    -9999
YAKUTSK    061213 300  214400-214900   00     199.18 1009.7    208.96    -0.90    -9999
YAKUTSK    061213 300  214900-215400   00     199.28 1009.7    209.04    -0.80    -9999
YAKUTSK    061213 300  215400-215900   00     198.74 1009.8    208.66    -1.00    -9999
YAKUTSK    061213 300  215900-220400   00     199.12 1009.8    209.04    -0.80    -9999
YAKUTSK    061213 300  220400-220900   00     199.62 1009.8    209.60    -0.60    -9999
YAKUTSK    061213 300  220900-221400   00     199.74 1009.8    209.74    -0.50    -9999
YAKUTSK    061213 300  221400-221900   00     199.30 1009.8    209.22    -0.70    -9999
YAKUTSK    061213 300  221900-222400   00     198.40 1009.9    208.38    -1.10    -9999
YAKUTSK    061213 300  222400-222900   00     198.92 1009.9    209.02    -0.80    -9999
YAKUTSK    061213 300  222900-223400   00     196.76 1010.0    206.80    -1.90    -9999
YAKUTSK    061213 300  223400-223900   00     200.56 1010.0    210.86     0.00    -9999
YAKUTSK    061213 300  223900-224400   00     197.60 1010.0    207.74    -1.40    -9999
YAKUTSK    061213 300  224400-224900   00     198.30 1010.0    208.44    -1.10    -9999
YAKUTSK    061213 300  224900-225400   00     196.78 1010.0    206.88    -1.80    -9999
YAKUTSK    061213 300  225400-225900   00     198.08 1010.0    208.26    -1.20    -9999
YAKUTSK    061213 300  225900-230400   00     198.56 1010.1    208.90    -0.90    -9999
YAKUTSK    061213 300  230400-230900   00     197.62 1010.1    207.94    -1.30    -9999
YAKUTSK    061213 300  230900-231400   00     199.70 1010.1    210.18    -0.30    -9999
YAKUTSK    061213 300  231400-231900   00     199.22 1010.2    209.66    -0.50    -9999
YAKUTSK    061213 300  231900-232400   00     199.80 1010.2    210.36    -0.20    -9999
YAKUTSK    061213 300  232400-232900   00     196.18 1010.2    206.54    -2.00    -9999
YAKUTSK    061213 300  232900-233400   00     200.10 1010.2    210.66    -0.10    -9999
YAKUTSK    061213 300  233400-233900   00     198.86 1010.2    209.40    -0.60    -9999
YAKUTSK    061213 300  233900-234400   00     198.34 1010.2    208.82    -0.90    -9999
YAKUTSK    061213 300  234400-234900   00     199.60 1010.3    210.24    -0.30    -9999
YAKUTSK    061213 300  234900-235400   00     197.80 1010.3    208.42    -1.10    -9999
YAKUTSK    061213 300  235400-235900   00     199.22 1010.3    209.90    -0.40    -9999
*
COMMENT: File was created by V.P.Chuprova	
COMMENT UNIVERISTY OF OULU: FILE GENERATED FROM DATABASE AND OBTAINED FROM
COMMENT https://gle.oulu.fi at 2023-02-24 11:29:29 +00:00
COMMENT FOR HISTORICAL/ORIGINAL TEXT FILES SEE https://gle.oulu.fi/txtarchive/
COMMENT ORIGINAL AT https://gle.oulu.fi/txtarchive/GLE70/C070YKTK_cor.DAT
COMMENT DETRENDED DATA SHOW -9999 IF EQUAL TO INC% COLUMN 