HERMANUS   LATITUDE    -34.42    LONGITUDE     19.22     ALTITUDE    26 M
HERMANUS   INSTRUMENT   12NM64    NEUTRON MONITOR     
HERMANUS   STANDARD PRESSURE    760     MMHG   COEFFICIENT   0.95      % / MMHG
HERMANUS   PRE-INCREASE BASELINE TIME INTERVAL    061213    010000-020000   UT
HERMANUS   PRE-INCREASE AVERAGE COUNTING RATE    119.84      COUNTS PER SECOND
HERMANUS   TIME INTERVALS    300         3600     
HERMANUS   SCALE FACTORS     1           1        
STATION    YYMMDD  SEC   TIME (UT)   CODE    UNCORR. PRESS.    CORR.    % INC.	DETRENDED
                         INTERVAL    TD      C/S    (MMHG)     C/S
HERMANUS   061212 3600 000000-010000   00    -999.00 -999.0    119.17    -0.60    -9999
HERMANUS   061212 3600 010000-020000   00    -999.00 -999.0    119.08    -0.60    -9999
HERMANUS   061212 3600 020000-030000   00    -999.00 -999.0    119.47    -0.30    -9999
HERMANUS   061212 3600 030000-040000   00    -999.00 -999.0    118.92    -0.80    -9999
HERMANUS   061212 3600 040000-050000   00    -999.00 -999.0    119.20    -0.50    -9999
HERMANUS   061212 3600 050000-060000   00    -999.00 -999.0    119.00    -0.70    -9999
HERMANUS   061212 3600 060000-070000   00    -999.00 -999.0    118.89    -0.80    -9999
HERMANUS   061212 3600 070000-080000   00    -999.00 -999.0    119.67    -0.10    -9999
HERMANUS   061212 3600 080000-090000   00    -999.00 -999.0    120.17     0.30    -9999
HERMANUS   061212 3600 090000-100000   00    -999.00 -999.0    120.36     0.40    -9999
HERMANUS   061212 3600 100000-110000   00    -999.00 -999.0    120.11     0.20    -9999
HERMANUS   061212 3600 110000-120000   00    -999.00 -999.0    120.36     0.40    -9999
HERMANUS   061212 3600 120000-130000   00    -999.00 -999.0    119.67    -0.10    -9999
HERMANUS   061212 3600 130000-140000   00    -999.00 -999.0    120.81     0.80    -9999
HERMANUS   061212 3600 140000-150000   00    -999.00 -999.0    120.17     0.30    -9999
HERMANUS   061212 3600 150000-160000   00    -999.00 -999.0    120.50     0.60    -9999
HERMANUS   061212 3600 160000-170000   00    -999.00 -999.0    120.25     0.30    -9999
HERMANUS   061212 3600 170000-180000   00    -999.00 -999.0    120.00     0.10    -9999
HERMANUS   061212 3600 180000-190000   00    -999.00 -999.0    119.97     0.10    -9999
HERMANUS   061212 3600 190000-200000   00    -999.00 -999.0    119.58    -0.20    -9999
HERMANUS   061212 3600 200000-210000   00    -999.00 -999.0    119.69    -0.10    -9999
HERMANUS   061212 3600 210000-220000   00    -999.00 -999.0    119.92     0.10    -9999
HERMANUS   061212 3600 220000-230000   00    -999.00 -999.0    120.00     0.10    -9999
HERMANUS   061212 3600 230000-240000   00    -999.00 -999.0    119.50    -0.30    -9999
HERMANUS   061213 300  000000-000500   00     120.30  758.1    118.14    -1.40    -9999
HERMANUS   061213 300  000500-001000   00     122.13  758.1    119.95     0.10    -9999
HERMANUS   061213 300  001000-001500   00     120.51  758.0    118.29    -1.30    -9999
HERMANUS   061213 300  001500-002000   00     121.49  758.1    119.34    -0.40    -9999
HERMANUS   061213 300  002000-002500   00     122.23  758.2    120.16     0.30    -9999
HERMANUS   061213 300  002500-003000   00     121.90  758.2    119.79    -0.10    -9999
HERMANUS   061213 300  003000-003500   00     122.21  758.1    120.00     0.10    -9999
HERMANUS   061213 300  003500-004000   00     123.35  758.0    121.03     1.00    -9999
HERMANUS   061213 300  004000-004500   00     122.08  757.9    119.67    -0.10    -9999
HERMANUS   061213 300  004500-005000   00     124.72  757.8    122.14     1.90    -9999
HERMANUS   061213 300  005000-005500   00     122.57  757.8    120.03     0.20    -9999
HERMANUS   061213 300  005500-010000   00     122.31  757.8    119.76    -0.10    -9999
HERMANUS   061213 300  010000-010500   00     122.93  757.7    120.28     0.40    -9999
HERMANUS   061213 300  010500-011000   00     121.24  757.7    118.59    -1.10    -9999
HERMANUS   061213 300  011000-011500   00     122.74  757.6    119.97     0.10    -9999
HERMANUS   061213 300  011500-012000   00     123.10  757.6    120.32     0.40    -9999
HERMANUS   061213 300  012000-012500   00     121.87  757.5    119.06    -0.60    -9999
HERMANUS   061213 300  012500-013000   00     124.12  757.5    121.21     1.10    -9999
HERMANUS   061213 300  013000-013500   00     123.42  757.5    120.53     0.60    -9999
HERMANUS   061213 300  013500-014000   00     121.29  757.5    118.44    -1.20    -9999
HERMANUS   061213 300  014000-014500   00     122.73  757.5    119.80     0.00    -9999
HERMANUS   061213 300  014500-015000   00     123.35  757.4    120.30     0.40    -9999
HERMANUS   061213 300  015000-015500   00     121.41  757.3    118.33    -1.30    -9999
HERMANUS   061213 300  015500-020000   00     124.54  757.2    121.27     1.20    -9999
HERMANUS   061213 300  020000-020500   00     121.09  757.2    117.92    -1.60    -1.62
HERMANUS   061213 300  020500-021000   00     123.53  757.1    120.22     0.30     0.27
HERMANUS   061213 300  021000-021500   00     124.19  757.1    120.82     0.80     0.77
HERMANUS   061213 300  021500-022000   00     122.01  757.1    118.69    -1.00    -1.03
HERMANUS   061213 300  022000-022500   00     123.91  757.1    120.54     0.60     0.56
HERMANUS   061213 300  022500-023000   00     122.38  757.1    119.05    -0.70    -0.74
HERMANUS   061213 300  023000-023500   00     124.26  757.2    120.98     1.00     0.95
HERMANUS   061213 300  023500-024000   00     124.42  757.2    121.16     1.10     1.05
HERMANUS   061213 300  024000-024500   00     121.98  757.3    118.87    -0.80    -0.85
HERMANUS   061213 300  024500-025000   00     123.04  757.3    119.93     0.10     0.04
HERMANUS   061213 300  025000-025500   00     124.90  757.3    121.76     1.60     1.54
HERMANUS   061213 300  025500-030000   00     123.37  757.4    120.36     0.40     0.33
HERMANUS   061213 300  030000-030500   00     125.88  757.4    122.81     2.50     2.43
HERMANUS   061213 300  030500-031000   00     124.48  757.4    121.44     1.40     1.32
HERMANUS   061213 300  031000-031500   00     124.53  757.4    121.49     1.40     1.32
HERMANUS   061213 300  031500-032000   00     123.78  757.5    120.85     0.80     0.71
HERMANUS   061213 300  032000-032500   00     123.02  757.5    120.13     0.30     0.21
HERMANUS   061213 300  032500-033000   00     123.45  757.6    120.62     0.70     0.60
HERMANUS   061213 300  033000-033500   00     122.82  757.7    120.14     0.20     0.10
HERMANUS   061213 300  033500-034000   00     124.80  757.7    122.10     1.90     1.79
HERMANUS   061213 300  034000-034500   00     123.15  757.7    120.49     0.50     0.39
HERMANUS   061213 300  034500-035000   00     122.25  757.7    119.61    -0.20    -0.32
HERMANUS   061213 300  035000-035500   00     123.54  757.6    120.73     0.70     0.57
HERMANUS   061213 300  035500-040000   00     124.71  757.5    121.79     1.60     1.47
HERMANUS   061213 300  040000-040500   00     123.17  757.5    120.28     0.40     0.26
HERMANUS   061213 300  040500-041000   00     123.70  757.4    120.63     0.60     0.46
HERMANUS   061213 300  041000-041500   00     124.42  757.3    121.24     1.20     1.05
HERMANUS   061213 300  041500-042000   00     122.86  757.2    119.64    -0.20    -0.35
HERMANUS   061213 300  042000-042500   00     124.41  757.2    121.12     1.10     0.94
HERMANUS   061213 300  042500-043000   00     123.16  757.1    119.84     0.00    -0.17
HERMANUS   061213 300  043000-043500   00     124.59  757.2    121.32     1.20     1.03
HERMANUS   061213 300  043500-044000   00     123.65  757.1    120.34     0.40     0.22
HERMANUS   061213 300  044000-044500   00     125.25  757.0    121.74     1.60     1.41
HERMANUS   061213 300  044500-045000   00     123.75  756.9    120.16     0.30     0.11
HERMANUS   061213 300  045000-045500   00     123.80  756.9    120.21     0.30     0.10
HERMANUS   061213 300  045500-050000   00     123.87  756.9    120.27     0.40     0.19
HERMANUS   061213 300  050000-050500   00     123.70  756.9    120.11     0.20    -0.01
HERMANUS   061213 300  050500-051000   00     123.47  756.9    119.89     0.00    -0.22
HERMANUS   061213 300  051000-051500   00     122.61  757.0    119.14    -0.60    -0.83
HERMANUS   061213 300  051500-052000   00     124.85  757.1    121.46     1.40     1.17
HERMANUS   061213 300  052000-052500   00     124.55  757.1    121.21     1.10     0.86
HERMANUS   061213 300  052500-053000   00     122.99  757.2    119.78     0.00    -0.25
HERMANUS   061213 300  053000-053500   00     124.47  757.3    121.32     1.20     0.94
HERMANUS   061213 300  053500-054000   00     122.98  757.4    119.97     0.10    -0.16
HERMANUS   061213 300  054000-054500   00     122.77  757.4    119.82     0.00    -0.27
HERMANUS   061213 300  054500-055000   00     122.55  757.5    119.70    -0.10    -0.38
HERMANUS   061213 300  055000-055500   00     121.77  757.6    119.03    -0.70    -0.99
HERMANUS   061213 300  055500-060000   00     122.94  757.6    120.17     0.30     0.01
HERMANUS   061213 300  060000-060500   00     123.50  757.6    120.67     0.70     0.40
HERMANUS   061213 300  060500-061000   00     122.46  757.5    119.54    -0.30    -0.61
HERMANUS   061213 300  061000-061500   00     122.63  757.3    119.57    -0.20    -0.52
HERMANUS   061213 300  061500-062000   00     124.44  757.2    121.17     1.10     0.78
HERMANUS   061213 300  062000-062500   00     123.36  757.2    120.12     0.20    -0.13
HERMANUS   061213 300  062500-063000   00     123.97  757.2    120.71     0.70     0.36
HERMANUS   061213 300  063000-063500   00     124.26  757.2    121.00     0.90     0.55
HERMANUS   061213 300  063500-064000   00     123.16  757.2    119.90     0.00    -0.36
HERMANUS   061213 300  064000-064500   00     124.65  757.1    121.26     1.20     0.83
HERMANUS   061213 300  064500-065000   00     122.94  757.1    119.60    -0.20    -0.57
HERMANUS   061213 300  065000-065500   00     121.92  757.1    118.58    -1.00    -1.38
HERMANUS   061213 300  065500-070000   00     122.86  757.0    119.39    -0.40    -0.79
HERMANUS   061213 300  070000-070500   00     125.71  756.9    122.06     1.80     1.40
HERMANUS   061213 300  070500-071000   00     125.18  756.9    121.54     1.40     0.99
HERMANUS   061213 300  071000-071500   00     125.24  757.0    121.67     1.50     1.08
HERMANUS   061213 300  071500-072000   00     123.86  757.0    120.34     0.40    -0.03
HERMANUS   061213 300  072000-072500   00     123.35  756.9    119.77    -0.10    -0.54
HERMANUS   061213 300  072500-073000   00     122.99  757.0    119.54    -0.30    -0.75
HERMANUS   061213 300  073000-073500   00     124.81  757.0    121.30     1.20     0.74
HERMANUS   061213 300  073500-074000   00     123.18  757.0    119.72    -0.10    -0.57
HERMANUS   061213 300  074000-074500   00     122.79  757.1    119.41    -0.40    -0.87
HERMANUS   061213 300  074500-075000   00     125.28  757.1    121.87     1.70     1.22
HERMANUS   061213 300  075000-075500   00     123.97  757.1    120.57     0.60     0.11
HERMANUS   061213 300  075500-080000   00     123.96  757.1    120.59     0.60     0.10
HERMANUS   061213 300  080000-080500   00     124.93  757.1    121.49     1.40     0.89
HERMANUS   061213 300  080500-081000   00     123.71  757.0    120.24     0.30    -9999
HERMANUS   061213 300  081000-081500   00     124.99  756.9    121.38     1.30    -9999
HERMANUS   061213 300  081500-082000   00     124.84  757.0    121.36     1.30    -9999
HERMANUS   061213 300  082000-082500   00     122.72  757.1    119.38    -0.40    -9999
HERMANUS   061213 300  082500-083000   00     124.87  757.1    121.47     1.40    -9999
HERMANUS   061213 300  083000-083500   00     123.10  757.1    119.80     0.00    -9999
HERMANUS   061213 300  083500-084000   00     123.52  757.1    120.16     0.30    -9999
HERMANUS   061213 300  084000-084500   00     123.69  757.2    120.40     0.50    -9999
HERMANUS   061213 300  084500-085000   00     124.26  757.2    120.95     0.90    -9999
HERMANUS   061213 300  085000-085500   00     123.51  757.2    120.25     0.30    -9999
HERMANUS   061213 300  085500-090000   00     123.66  757.1    120.30     0.40    -9999
HERMANUS   061213 300  090000-090500   00     123.34  757.1    119.97     0.10    -9999
HERMANUS   061213 300  090500-091000   00     122.93  757.0    119.48    -0.30    -9999
HERMANUS   061213 300  091000-091500   00     124.76  756.9    121.14     1.10    -9999
HERMANUS   061213 300  091500-092000   00     122.31  756.8    118.64    -1.00    -9999
HERMANUS   061213 300  092000-092500   00     123.71  756.7    119.92     0.10    -9999
HERMANUS   061213 300  092500-093000   00     124.01  756.7    120.16     0.30    -9999
HERMANUS   061213 300  093000-093500   00     124.97  756.5    120.94     0.90    -9999
HERMANUS   061213 300  093500-094000   00     125.04  756.5    120.95     0.90    -9999
HERMANUS   061213 300  094000-094500   00     124.34  756.4    120.19     0.30    -9999
HERMANUS   061213 300  094500-095000   00     123.97  756.3    119.69    -0.10    -9999
HERMANUS   061213 300  095000-095500   00     125.73  756.3    121.39     1.30    -9999
HERMANUS   061213 300  095500-100000   00     125.17  756.3    120.84     0.80    -9999
HERMANUS   061213 300  100000-100500   00     126.50  756.3    122.13     1.90    -9999
HERMANUS   061213 300  100500-101000   00     126.45  756.3    122.08     1.90    -9999
HERMANUS   061213 300  101000-101500   00     125.99  756.3    121.63     1.50    -9999
HERMANUS   061213 300  101500-102000   00     124.36  756.3    120.06     0.20    -9999
HERMANUS   061213 300  102000-102500   00     124.52  756.3    120.22     0.30    -9999
HERMANUS   061213 300  102500-103000   00     125.52  756.2    121.12     1.10    -9999
HERMANUS   061213 300  103000-103500   00     125.44  756.2    120.99     1.00    -9999
HERMANUS   061213 300  103500-104000   00     125.52  756.2    121.08     1.00    -9999
HERMANUS   061213 300  104000-104500   00     125.26  756.2    120.84     0.80    -9999
HERMANUS   061213 300  104500-105000   00     125.78  756.2    121.32     1.20    -9999
HERMANUS   061213 300  105000-105500   00     126.55  756.2    122.02     1.80    -9999
HERMANUS   061213 300  105500-110000   00     123.73  756.1    119.19    -0.60    -9999
HERMANUS   061213 300  110000-110500   00     125.77  756.0    121.08     1.00    -9999
HERMANUS   061213 300  110500-111000   00     124.78  755.9    120.04     0.20    -9999
HERMANUS   061213 300  111000-111500   00     125.23  755.9    120.42     0.50    -9999
HERMANUS   061213 300  111500-112000   00     126.71  755.8    121.75     1.60    -9999
HERMANUS   061213 300  112000-112500   00     125.69  755.8    120.78     0.80    -9999
HERMANUS   061213 300  112500-113000   00     126.30  755.8    121.31     1.20    -9999
HERMANUS   061213 300  113000-113500   00     124.12  755.7    119.15    -0.60    -9999
HERMANUS   061213 300  113500-114000   00     126.00  755.7    120.96     0.90    -9999
HERMANUS   061213 300  114000-114500   00     126.45  755.7    121.38     1.30    -9999
HERMANUS   061213 300  114500-115000   00     126.14  755.7    121.08     1.00    -9999
HERMANUS   061213 300  115000-115500   00     125.24  755.7    120.25     0.30    -9999
HERMANUS   061213 300  115500-120000   00     125.99  755.7    120.97     0.90    -9999
HERMANUS   061213 300  120000-120500   00     125.49  755.8    120.58     0.60    -9999
HERMANUS   061213 300  120500-121000   00     126.25  755.9    121.40     1.30    -9999
HERMANUS   061213 300  121500-122000   00     124.47  755.9    119.70    -0.10    -9999
HERMANUS   061213 300  122000-122500   00     125.82  755.8    120.89     0.90    -9999
HERMANUS   061213 300  122500-123000   00     125.15  755.9    120.34     0.40    -9999
HERMANUS   061213 300  123000-123500   00     124.90  755.8    120.04     0.20    -9999
HERMANUS   061213 300  123500-124000   00     126.72  755.8    121.76     1.60    -9999
HERMANUS   061213 300  124000-124500   00     124.52  755.8    119.63    -0.20    -9999
HERMANUS   061213 300  124500-125000   00     126.64  755.8    121.69     1.60    -9999
HERMANUS   061213 300  125000-125500   00     125.57  755.8    120.64     0.70    -9999
HERMANUS   061213 300  125500-130000   00     124.43  755.7    119.45    -0.30    -9999
HERMANUS   061213 300  130000-130500   00     124.93  755.8    120.02     0.20    -9999
HERMANUS   061213 300  130500-131000   00     124.89  755.8    120.01     0.20    -9999
HERMANUS   061213 300  131000-131500   00     127.66  755.8    122.66     2.40    -9999
HERMANUS   061213 300  131500-132000   00     126.94  755.8    121.97     1.80    -9999
HERMANUS   061213 300  132000-132500   00     124.11  755.8    119.26    -0.50    -9999
HERMANUS   061213 300  132500-133000   00     125.51  755.8    120.60     0.60    -9999
HERMANUS   061213 300  133000-133500   00     125.67  755.8    120.75     0.80    -9999
HERMANUS   061213 300  133500-134000   00     126.67  755.8    121.76     1.60    -9999
HERMANUS   061213 300  134000-134500   00     126.39  755.8    121.45     1.30    -9999
HERMANUS   061213 300  134500-135000   00     124.54  755.8    119.70    -0.10    -9999
HERMANUS   061213 300  135000-135500   00     124.44  755.9    119.68    -0.10    -9999
HERMANUS   061213 300  135500-140000   00     124.75  756.0    120.08     0.20    -9999
HERMANUS   061213 300  140000-140500   00     124.86  756.0    120.25     0.30    -9999
HERMANUS   061213 300  140500-141000   00     123.43  756.2    119.01    -0.70    -9999
HERMANUS   061213 300  141000-141500   00     126.01  756.3    121.61     1.50    -9999
HERMANUS   061213 300  141500-142000   00     123.86  756.3    119.63    -0.20    -9999
HERMANUS   061213 300  142000-142500   00     124.96  756.5    120.85     0.90    -9999
HERMANUS   061213 300  142500-143000   00     124.19  756.6    120.20     0.30    -9999
HERMANUS   061213 300  143000-143500   00     123.86  756.7    120.01     0.10    -9999
HERMANUS   061213 300  143500-144000   00     124.93  756.7    121.09     1.00    -9999
HERMANUS   061213 300  144000-144500   00     122.80  756.9    119.19    -0.50    -9999
HERMANUS   061213 300  144500-145000   00     123.43  756.9    119.89     0.00    -9999
HERMANUS   061213 300  145000-145500   00     124.72  757.1    121.28     1.20    -9999
HERMANUS   061213 300  145500-150000   00     124.00  757.1    120.63     0.60    -9999
HERMANUS   061213 300  150000-150500   00     121.93  757.1    118.66    -1.00    -9999
HERMANUS   061213 300  150500-151000   00     122.54  757.2    119.28    -0.50    -9999
HERMANUS   061213 300  151000-151500   00     122.19  757.2    118.98    -0.70    -9999
HERMANUS   061213 300  151500-152000   00     123.60  757.1    120.29     0.40    -9999
HERMANUS   061213 300  152000-152500   00     122.26  757.1    118.96    -0.80    -9999
HERMANUS   061213 300  152500-153000   00     124.12  757.2    120.86     0.80    -9999
HERMANUS   061213 300  153000-153500   00     125.37  757.2    122.08     1.90    -9999
HERMANUS   061213 300  153500-154000   00     122.54  757.2    119.32    -0.50    -9999
HERMANUS   061213 300  154000-154500   00     123.75  757.2    120.51     0.50    -9999
HERMANUS   061213 300  154500-155000   00     124.21  757.2    120.95     0.90    -9999
HERMANUS   061213 300  155000-155500   00     123.51  757.2    120.27     0.40    -9999
HERMANUS   061213 300  155500-160000   00     123.93  757.2    120.68     0.70    -9999
HERMANUS   061213 300  160000-160500   00     124.46  757.2    121.19     1.10    -9999
HERMANUS   061213 300  160500-161000   00     123.57  757.3    120.40     0.50    -9999
HERMANUS   061213 300  161000-161500   00     123.18  757.3    120.02     0.10    -9999
HERMANUS   061213 300  161500-162000   00     123.81  757.3    120.67     0.70    -9999
HERMANUS   061213 300  162000-162500   00     123.21  757.4    120.15     0.30    -9999
HERMANUS   061213 300  162500-163000   00     124.95  757.5    121.99     1.80    -9999
HERMANUS   061213 300  163000-163500   00     121.48  757.6    118.74    -0.90    -9999
HERMANUS   061213 300  163500-164000   00     122.97  757.6    120.24     0.30    -9999
HERMANUS   061213 300  164000-164500   00     120.94  757.7    118.33    -1.30    -9999
HERMANUS   061213 300  164500-165000   00     123.08  757.8    120.49     0.50    -9999
HERMANUS   061213 300  165000-165500   00     122.39  757.8    119.86     0.00    -9999
HERMANUS   061213 300  165500-170000   00     121.99  757.8    119.49    -0.30    -9999
HERMANUS   061213 300  170000-170500   00     124.59  757.9    122.13     1.90    -9999
HERMANUS   061213 300  170500-171000   00     120.97  757.9    118.58    -1.00    -9999
HERMANUS   061213 300  171000-171500   00     121.43  758.0    119.12    -0.60    -9999
HERMANUS   061213 300  171500-172000   00     120.98  758.1    118.77    -0.90    -9999
HERMANUS   061213 300  172000-172500   00     121.56  758.1    119.39    -0.40    -9999
HERMANUS   061213 300  172500-173000   00     121.41  758.2    119.35    -0.40    -9999
HERMANUS   061213 300  173000-173500   00     121.37  758.2    119.32    -0.40    -9999
HERMANUS   061213 300  173500-174000   00     123.06  758.3    121.09     1.00    -9999
HERMANUS   061213 300  174000-174500   00     121.99  758.3    120.03     0.20    -9999
HERMANUS   061213 300  174500-175000   00     121.22  758.4    119.35    -0.40    -9999
HERMANUS   061213 300  175000-175500   00     121.01  758.5    119.26    -0.50    -9999
HERMANUS   061213 300  175500-180000   00     121.20  758.5    119.44    -0.30    -9999
HERMANUS   061213 300  180000-180500   00     122.00  758.5    120.28     0.40    -9999
HERMANUS   061213 300  180500-181000   00     121.34  758.5    119.62    -0.20    -9999
HERMANUS   061213 300  181000-181500   00     121.58  758.6    119.93     0.10    -9999
HERMANUS   061213 300  181500-182000   00     121.39  758.6    119.78    -0.10    -9999
HERMANUS   061213 300  182000-182500   00     121.66  758.6    120.10     0.20    -9999
HERMANUS   061213 300  182500-183000   00     122.64  758.7    121.09     1.10    -9999
HERMANUS   061213 300  183000-183500   00     123.79  758.7    122.27     2.00    -9999
HERMANUS   061213 300  183500-184000   00     121.47  758.8    120.09     0.20    -9999
HERMANUS   061213 300  184000-184500   00     121.85  758.8    120.44     0.50    -9999
HERMANUS   061213 300  184500-185000   00     121.33  758.7    119.84     0.00    -9999
HERMANUS   061213 300  185000-185500   00     121.60  758.7    120.06     0.20    -9999
HERMANUS   061213 300  185500-190000   00     122.54  758.6    120.92     0.90    -9999
HERMANUS   061213 300  190000-190500   00     120.69  758.6    119.09    -0.60    -9999
HERMANUS   061213 300  190500-191000   00     121.08  758.6    119.48    -0.30    -9999
HERMANUS   061213 300  191000-191500   00     124.02  758.5    122.31     2.10    -9999
HERMANUS   061213 300  191500-192000   00     121.25  758.6    119.65    -0.20    -9999
HERMANUS   061213 300  192000-192500   00     119.85  758.6    118.26    -1.30    -9999
HERMANUS   061213 300  192500-193000   00     120.79  758.6    119.20    -0.50    -9999
HERMANUS   061213 300  193000-193500   00     121.95  758.7    120.41     0.50    -9999
HERMANUS   061213 300  193500-194000   00     120.59  758.7    119.11    -0.60    -9999
HERMANUS   061213 300  194000-194500   00     119.68  758.7    118.21    -1.40    -9999
HERMANUS   061213 300  194500-195000   00     121.02  758.7    119.58    -0.20    -9999
HERMANUS   061213 300  195000-195500   00     120.46  758.8    119.09    -0.60    -9999
HERMANUS   061213 300  195500-200000   00     120.92  758.7    119.48    -0.30    -9999
HERMANUS   061213 300  200000-200500   00     121.79  758.7    120.34     0.40    -9999
HERMANUS   061213 300  200500-201000   00     121.23  758.8    119.90     0.10    -9999
HERMANUS   061213 300  201000-201500   00     122.04  758.9    120.77     0.80    -9999
HERMANUS   061213 300  201500-202000   00     122.01  758.9    120.74     0.70    -9999
HERMANUS   061213 300  202000-202500   00     120.45  758.9    119.19    -0.60    -9999
HERMANUS   061213 300  202500-203000   00     120.98  758.9    119.72    -0.10    -9999
HERMANUS   061213 300  203000-203500   00     121.51  758.9    120.25     0.30    -9999
HERMANUS   061213 300  203500-204000   00     119.86  758.9    118.66    -1.00    -9999
HERMANUS   061213 300  204000-204500   00     123.46  758.9    122.22     2.00    -9999
HERMANUS   061213 300  204500-205000   00     119.62  759.0    118.49    -1.10    -9999
HERMANUS   061213 300  205000-205500   00     120.50  759.1    119.45    -0.30    -9999
HERMANUS   061213 300  205500-210000   00     121.14  759.1    120.15     0.30    -9999
HERMANUS   061213 300  210000-210500   00     121.36  759.1    120.33     0.40    -9999
HERMANUS   061213 300  210500-211000   00     120.20  759.3    119.36    -0.40    -9999
HERMANUS   061213 300  211000-211500   00     122.40  759.3    121.59     1.50    -9999
HERMANUS   061213 300  211500-212000   00     119.71  759.4    118.98    -0.70    -9999
HERMANUS   061213 300  212000-212500   00     121.39  759.4    120.70     0.70    -9999
HERMANUS   061213 300  212500-213000   00     120.52  759.4    119.78    -0.10    -9999
HERMANUS   061213 300  213000-213500   00     121.81  759.3    121.00     1.00    -9999
HERMANUS   061213 300  213500-214000   00     120.35  759.3    119.56    -0.20    -9999
HERMANUS   061213 300  214000-214500   00     121.00  759.3    120.20     0.30    -9999
HERMANUS   061213 300  214500-215000   00     120.21  759.3    119.41    -0.30    -9999
HERMANUS   061213 300  215000-215500   00     120.38  759.3    119.54    -0.20    -9999
HERMANUS   061213 300  215500-220000   00     118.47  759.2    117.58    -1.90    -9999
HERMANUS   061213 300  220000-220500   00     120.02  759.1    119.00    -0.70    -9999
HERMANUS   061213 300  220500-221000   00     120.07  759.1    119.05    -0.70    -9999
HERMANUS   061213 300  221000-221500   00     120.04  759.1    119.01    -0.70    -9999
HERMANUS   061213 300  221500-222000   00     122.75  759.0    121.61     1.50    -9999
HERMANUS   061213 300  222000-222500   00     120.48  758.9    119.27    -0.50    -9999
HERMANUS   061213 300  222500-223000   00     120.89  758.9    119.63    -0.20    -9999
HERMANUS   061213 300  223000-223500   00     120.81  758.9    119.51    -0.30    -9999
HERMANUS   061213 300  223500-224000   00     118.92  758.9    117.66    -1.80    -9999
HERMANUS   061213 300  224000-224500   00     121.92  758.7    120.45     0.50    -9999
HERMANUS   061213 300  224500-225000   00     121.91  758.7    120.39     0.40    -9999
HERMANUS   061213 300  225000-225500   00     120.51  758.7    119.08    -0.60    -9999
HERMANUS   061213 300  225500-230000   00     121.28  758.7    119.79     0.00    -9999
HERMANUS   061213 300  230000-230500   00     119.59  758.8    118.21    -1.40    -9999
HERMANUS   061213 300  230500-231000   00     120.97  758.8    119.55    -0.20    -9999
HERMANUS   061213 300  231000-231500   00     120.84  758.7    119.38    -0.40    -9999
HERMANUS   061213 300  231500-232000   00     121.40  758.4    119.62    -0.20    -9999
HERMANUS   061213 300  232000-232500   00     121.14  758.4    119.32    -0.50    -9999
HERMANUS   061213 300  232500-233000   00     121.90  758.4    120.05     0.20    -9999
HERMANUS   061213 300  233000-233500   00     120.13  758.3    118.25    -1.30    -9999
HERMANUS   061213 300  233500-234000   00     120.89  758.4    119.07    -0.60    -9999
HERMANUS   061213 300  234000-234500   00     122.81  758.5    121.05     1.00    -9999
HERMANUS   061213 300  234500-235000   00     121.27  758.4    119.48    -0.30    -9999
HERMANUS   061213 300  235000-235500   00     120.83  758.4    119.05    -0.70    -9999
HERMANUS   061213 300  235500-240000   00     119.86  758.6    118.28    -1.30    -9999
*
COMMENT UNIVERISTY OF OULU: FILE GENERATED FROM DATABASE AND OBTAINED FROM
COMMENT https://gle.oulu.fi at 2023-02-24 11:29:29 +00:00
COMMENT FOR HISTORICAL/ORIGINAL TEXT FILES SEE https://gle.oulu.fi/txtarchive/
COMMENT ORIGINAL AT https://gle.oulu.fi/txtarchive/GLE70/C070HRMS_cor.DAT
COMMENT DETRENDED DATA SHOW -9999 IF EQUAL TO INC% COLUMN 