LARC       LATITUDE    -62.2     LONGITUDE     301.04    ALTITUDE    40 M
LARC       INSTRUMENT   6-NM-64  NEUTRON MONITOR
LARC       STANDARD PRESSURE    980     mb     COEFFICIENT   -0.74     % / mb
LARC       PRE-INCREASE BASELINE TIME INTERVAL    061213    010000-020000   UT
LARC       PRE-INCREASE AVERAGE COUNTING RATE     75.82      COUNTS PER SECOND
LARC       TIME INTERVALS    300         3600     
LARC       SCALE FACTORS     1           1        
STATION    YYMMDD  SEC   TIME (UT)   CODE    UNCORR. PRESS.    CORR.    % INC.	DETRENDED
                         INTERVAL    TD      C/S     (mb)      C/S
LARC       061212 3600 000000-010000   00      84.25  964.3     75.04    -1.00    -9999
LARC       061212 3600 010000-020000   00      84.25  964.0     74.83    -1.30    -9999
LARC       061212 3600 020000-030000   00      83.85  963.9     74.42    -1.90    -9999
LARC       061212 3600 030000-040000   00      84.41  963.8     74.85    -1.30    -9999
LARC       061212 3600 040000-050000   00      84.20  964.2     74.92    -1.20    -9999
LARC       061212 3600 050000-060000   00      82.76  965.8     74.52    -1.70    -9999
LARC       061212 3600 060000-070000   00      82.97  967.1     75.43    -0.50    -9999
LARC       061212 3600 070000-080000   00      81.62  967.9     74.62    -1.60    -9999
LARC       061212 3600 080000-090000   00      81.48  968.5     74.82    -1.30    -9999
LARC       061212 3600 090000-100000   00      80.97  969.0     74.64    -1.60    -9999
LARC       061212 3600 100000-110000   00      81.29  969.6     75.24    -0.80    -9999
LARC       061212 3600 110000-120000   00      81.01  969.9     75.16    -0.90    -9999
LARC       061212 3600 120000-130000   00      80.93  970.1     75.19    -0.80    -9999
LARC       061212 3600 130000-140000   00      80.85  970.3     75.27    -0.70    -9999
LARC       061212 3600 140000-150000   00      81.55  970.4     75.95     0.20    -9999
LARC       061212 3600 150000-160000   00      81.68  970.4     76.05     0.30    -9999
LARC       061212 3600 160000-170000   00      82.05  970.1     76.23     0.50    -9999
LARC       061212 3600 170000-180000   00      82.26  969.5     76.13     0.40    -9999
LARC       061212 3600 180000-190000   00      82.83  968.6     76.15     0.40    -9999
LARC       061212 3600 190000-200000   00      83.04  968.3     76.14     0.40    -9999
LARC       061212 3600 200000-210000   00      83.21  967.3     75.73    -0.10    -9999
LARC       061212 3600 210000-220000   00      83.70  966.8     75.91     0.10    -9999
LARC       061212 3600 220000-230000   00      84.17  965.8     75.78    -0.10    -9999
LARC       061212 3600 230000-240000   00      85.14  964.5     75.92     0.10    -9999
LARC       061213 3600 000000-010000   00      85.68  963.2     75.66    -0.20    -9999
LARC       061213 300  010000-010500   00      86.20  962.4     75.66    -0.20    -9999
LARC       061213 300  010500-011000   00      86.64  962.3     75.99     0.20    -9999
LARC       061213 300  011000-011500   00      86.85  962.2     76.14     0.40    -9999
LARC       061213 300  011500-012000   00      86.31  962.1     75.60    -0.30    -9999
LARC       061213 300  012000-012500   00      86.49  962.1     75.73    -0.10    -9999
LARC       061213 300  012500-013000   00      87.12  962.0     76.23     0.60    -9999
LARC       061213 300  013000-013500   00      87.29  961.9     76.33     0.70    -9999
LARC       061213 300  013500-014000   00      85.38  961.7     74.60    -1.60    -9999
LARC       061213 300  014000-014500   00      85.22  961.7     74.45    -1.80    -9999
LARC       061213 300  014500-015000   00      88.18  961.6     76.98     1.50    -9999
LARC       061213 300  015000-015500   00      88.89  961.6     77.57     2.30    -9999
LARC       061213 300  015500-020000   00      85.19  961.7     74.43    -1.80    -9999
LARC       061213 300  020000-020500   00      87.55  961.6     76.43     0.80     0.80
LARC       061213 300  020500-021000   00      86.72  961.7     75.73    -0.10    -0.10
LARC       061213 300  021000-021500   00      86.18  961.7     75.24    -0.70    -0.70
LARC       061213 300  021500-022000   00      86.16  961.6     75.17    -0.80    -0.80
LARC       061213 300  022000-022500   00      86.24  961.5     75.19    -0.80    -0.80
LARC       061213 300  022500-023000   00      86.93  961.5     75.79     0.00     0.00
LARC       061213 300  023000-023500   00      86.54  961.4     75.43    -0.50    -0.50
LARC       061213 300  023500-024000   00      86.37  961.5     75.34    -0.60    -0.60
LARC       061213 300  024000-024500   00      85.93  961.5     74.91    -1.20    -1.20
LARC       061213 300  024500-025000   00      87.34  961.5     76.16     0.50     0.50
LARC       061213 300  025000-025500   00      89.11  961.5     77.69     2.50     2.50
LARC       061213 300  025500-030000   00      97.36  961.5     84.91    12.00    12.00
LARC       061213 300  030000-030500   00     106.43  961.4     92.78    22.40    22.40
LARC       061213 300  030500-031000   00     103.77  961.5     90.47    19.30    19.30
LARC       061213 300  031000-031500   00      98.42  961.5     85.81    13.20    13.20
LARC       061213 300  031500-032000   00      95.90  961.5     83.64    10.30    10.30
LARC       061213 300  032000-032500   00      94.54  961.5     82.44     8.70     8.70
LARC       061213 300  032500-033000   00      93.14  961.5     81.23     7.20     7.20
LARC       061213 300  033000-033500   00      93.08  961.6     81.23     7.20     7.20
LARC       061213 300  033500-034000   00      92.42  961.5     80.62     6.30     6.30
LARC       061213 300  034000-034500   00      91.16  961.6     79.55     4.90     4.90
LARC       061213 300  034500-035000   00      91.00  961.6     79.42     4.80     4.80
LARC       061213 300  035000-035500   00      91.43  961.6     79.78     5.20     5.20
LARC       061213 300  035500-040000   00      90.56  961.6     79.03     4.20     4.20
LARC       061213 300  040000-040500   00      90.38  961.6     78.87     4.00     4.00
LARC       061213 300  040500-041000   00      88.91  961.5     77.53     2.30     2.30
LARC       061213 300  041000-041500   00      89.95  961.5     78.45     3.50     3.50
LARC       061213 300  041500-042000   00      90.58  961.5     79.02     4.20     4.20
LARC       061213 300  042000-042500   00      88.59  961.6     77.32     2.00     2.00
LARC       061213 300  042500-043000   00      88.41  961.5     77.10     1.70     1.70
LARC       061213 300  043000-043500   00      89.78  961.7     78.38     3.40     3.40
LARC       061213 300  043500-044000   00      88.64  961.7     77.42     2.10     2.10
LARC       061213 300  044000-044500   00      89.31  961.7     78.01     2.90     2.90
LARC       061213 300  044500-045000   00      88.17  961.7     77.01     1.60     1.60
LARC       061213 300  045000-045500   00      88.11  961.8     77.00     1.60     1.60
LARC       061213 300  045500-050000   00      87.58  961.7     76.50     0.90     0.90
LARC       061213 300  050000-050500   00      87.52  961.8     76.47     0.90     0.90
LARC       061213 300  050500-051000   00      87.82  961.7     76.73     1.20     1.20
LARC       061213 300  051000-051500   00      87.25  961.8     76.25     0.60     0.60
LARC       061213 300  051500-052000   00      88.66  961.9     77.53     2.30     2.30
LARC       061213 300  052000-052500   00      87.23  962.0     76.33     0.70     0.70
LARC       061213 300  052500-053000   00      87.37  962.0     76.46     0.90     0.90
LARC       061213 300  053000-053500   00      86.96  961.9     76.05     0.30     0.30
LARC       061213 300  053500-054000   00      87.44  962.0     76.51     0.90     0.90
LARC       061213 300  054000-054500   00      86.39  962.0     75.62    -0.30    -0.30
LARC       061213 300  054500-055000   00      86.80  962.1     76.00     0.30     0.30
LARC       061213 300  055000-055500   00      87.18  962.0     76.30     0.60     0.60
LARC       061213 300  055500-060000   00      87.69  962.1     76.80     1.30     1.30
LARC       061213 300  060000-060500   00      87.60  962.2     76.78     1.30     1.30
LARC       061213 300  060500-061000   00      86.89  962.2     76.15     0.40     0.40
LARC       061213 300  061000-061500   00      88.13  962.3     77.34     2.00     2.00
LARC       061213 300  061500-062000   00      87.39  962.3     76.69     1.20     1.20
LARC       061213 300  062000-062500   00      87.42  962.4     76.73     1.20     1.20
LARC       061213 300  062500-063000   00      86.42  962.4     75.88     0.10     0.10
LARC       061213 300  063000-063500   00      86.72  962.4     76.16     0.50     0.50
LARC       061213 300  063500-064000   00      86.61  962.5     76.10     0.40     0.40
LARC       061213 300  064000-064500   00      85.96  962.6     75.60    -0.30    -0.30
LARC       061213 300  064500-065000   00      86.77  962.7     76.34     0.70     0.70
LARC       061213 300  065000-065500   00      87.17  962.7     76.70     1.20     1.20
LARC       061213 300  065500-070000   00      85.81  962.8     75.54    -0.30    -0.30
LARC       061213 300  070000-070500   00      84.94  962.8     74.79    -1.30    -9999
LARC       061213 300  070500-071000   00      85.15  962.8     74.98    -1.10    -9999
LARC       061213 300  071000-071500   00      86.83  962.9     76.48     0.90    -9999
LARC       061213 300  071500-072000   00      86.17  962.9     75.93     0.20    -9999
LARC       061213 300  072000-072500   00      85.91  962.9     75.71    -0.10    -9999
LARC       061213 300  072500-073000   00      85.05  963.0     74.97    -1.10    -9999
LARC       061213 300  073000-073500   00      85.07  963.1     75.04    -1.00    -9999
LARC       061213 300  073500-074000   00      88.02  963.1     77.67     2.40    -9999
LARC       061213 300  074000-074500   00      84.75  963.1     74.82    -1.30    -9999
LARC       061213 300  074500-075000   00      85.65  963.2     75.64    -0.20    -9999
LARC       061213 300  075000-075500   00      85.77  963.3     75.78     0.00    -9999
LARC       061213 300  075500-080000   00      85.42  963.3     75.52    -0.40    -9999
LARC       061213 300  080000-080500   00      85.54  963.3     75.60    -0.30    -9999
LARC       061213 300  080500-081000   00      84.86  963.4     75.03    -1.00    -9999
LARC       061213 300  081000-081500   00      86.55  963.4     76.54     1.00    -9999
LARC       061213 300  081500-082000   00      84.50  963.5     74.76    -1.40    -9999
LARC       061213 300  082000-082500   00      86.07  963.5     76.17     0.50    -9999
LARC       061213 300  082500-083000   00      85.48  963.5     75.63    -0.20    -9999
LARC       061213 300  083000-083500   00      85.32  963.5     75.53    -0.40    -9999
LARC       061213 300  083500-084000   00      84.91  963.7     75.25    -0.70    -9999
LARC       061213 300  084000-084500   00      85.40  963.7     75.70    -0.10    -9999
LARC       061213 300  084500-085000   00      84.26  963.6     74.66    -1.50    -9999
LARC       061213 300  085000-085500   00      86.83  963.7     76.98     1.50    -9999
LARC       061213 300  085500-090000   00      85.82  963.8     76.14     0.40    -9999
LARC       061213 300  090000-090500   00      84.77  963.9     75.28    -0.70    -9999
LARC       061213 300  090500-091000   00      85.51  964.0     75.95     0.20    -9999
LARC       061213 300  091000-091500   00      87.02  964.0     77.31     2.00    -9999
LARC       061213 300  091500-092000   00      86.33  964.1     76.72     1.20    -9999
LARC       061213 300  092000-092500   00      85.25  964.1     75.80     0.00    -9999
LARC       061213 300  092500-093000   00      86.85  964.2     77.24     1.90    -9999
LARC       061213 300  093000-093500   00      84.99  964.1     75.57    -0.30    -9999
LARC       061213 300  093500-094000   00      84.29  964.2     74.98    -1.10    -9999
LARC       061213 300  094000-094500   00      85.48  964.2     76.06     0.30    -9999
LARC       061213 300  094500-095000   00      83.96  964.2     74.70    -1.50    -9999
LARC       061213 300  095000-095500   00      84.18  964.2     74.87    -1.20    -9999
LARC       061213 300  095500-100000   00      85.30  964.3     75.93     0.20    -9999
LARC       061213 300  100000-100500   00      85.01  964.3     75.68    -0.20    -9999
LARC       061213 300  100500-101000   00      85.30  964.3     75.95     0.20    -9999
LARC       061213 300  101000-101500   00      86.71  964.3     77.19     1.80    -9999
LARC       061213 300  101500-102000   00      85.60  964.4     76.28     0.60    -9999
LARC       061213 300  102000-102500   00      84.15  964.5     75.03    -1.00    -9999
LARC       061213 300  102500-103000   00      84.30  964.5     75.16    -0.90    -9999
LARC       061213 300  103000-103500   00      84.52  964.6     75.39    -0.50    -9999
LARC       061213 300  103500-104000   00      84.99  964.6     75.83     0.00    -9999
LARC       061213 300  104000-104500   00      83.96  964.7     74.95    -1.10    -9999
LARC       061213 300  104500-105000   00      84.37  964.6     75.29    -0.70    -9999
LARC       061213 300  105000-105500   00      84.41  964.7     75.35    -0.60    -9999
LARC       061213 300  105500-110000   00      84.93  964.6     75.77    -0.10    -9999
LARC       061213 300  110000-110500   00      84.91  964.7     75.82     0.00    -9999
LARC       061213 300  110500-111000   00      84.91  964.7     75.84     0.00    -9999
LARC       061213 300  111000-111500   00      83.89  964.7     74.93    -1.20    -9999
LARC       061213 300  111500-112000   00      84.41  964.7     75.40    -0.50    -9999
LARC       061213 300  112000-112500   00      84.87  964.8     75.85     0.10    -9999
LARC       061213 300  112500-113000   00      84.34  964.9     75.39    -0.50    -9999
LARC       061213 300  113000-113500   00      84.41  964.9     75.50    -0.40    -9999
LARC       061213 300  113500-114000   00      85.70  965.0     76.68     1.10    -9999
LARC       061213 300  114000-114500   00      84.92  965.0     76.02     0.30    -9999
LARC       061213 300  114500-115000   00      86.39  965.1     77.39     2.10    -9999
LARC       061213 300  115000-115500   00      84.22  965.1     75.42    -0.50    -9999
LARC       061213 300  115500-120000   00      84.99  965.1     76.15     0.40    -9999
LARC       061213 300  120000-120500   00      85.57  965.2     76.68     1.20    -9999
LARC       061213 300  120500-121000   00      85.42  965.2     76.54     1.00    -9999
LARC       061213 300  121000-121500   00      86.12  965.3     77.21     1.90    -9999
LARC       061213 300  121500-122000   00      83.36  965.4     74.82    -1.30    -9999
LARC       061213 300  122000-122500   00      84.84  965.5     76.18     0.50    -9999
LARC       061213 300  122500-123000   00      85.38  965.5     76.69     1.20    -9999
LARC       061213 300  123000-123500   00      83.96  965.6     75.46    -0.50    -9999
LARC       061213 300  123500-124000   00      84.15  965.6     75.67    -0.20    -9999
LARC       061213 300  124000-124500   00      83.80  965.7     75.37    -0.60    -9999
LARC       061213 300  124500-125000   00      84.52  965.7     76.04     0.30    -9999
LARC       061213 300  125000-125500   00      84.09  965.7     75.67    -0.20    -9999
LARC       061213 300  125500-130000   00      83.32  965.8     75.00    -1.10    -9999
LARC       061213 300  130000-130500   00      83.91  965.8     75.52    -0.40    -9999
LARC       061213 300  130500-131000   00      85.15  965.8     76.68     1.10    -9999
LARC       061213 300  131000-131500   00      83.76  965.9     75.43    -0.50    -9999
LARC       061213 300  131500-132000   00      84.47  965.9     76.11     0.40    -9999
LARC       061213 300  132000-132500   00      85.44  966.0     77.02     1.60    -9999
LARC       061213 300  132500-133000   00      85.87  966.0     77.40     2.10    -9999
LARC       061213 300  133000-133500   00      84.72  966.1     76.41     0.80    -9999
LARC       061213 300  133500-134000   00      85.26  966.1     76.90     1.40    -9999
LARC       061213 300  134000-134500   00      85.22  966.0     76.86     1.40    -9999
LARC       061213 300  134500-135000   00      82.83  966.1     74.72    -1.40    -9999
LARC       061213 300  135000-135500   00      84.71  966.1     76.43     0.80    -9999
LARC       061213 300  135500-140000   00      83.49  966.2     75.37    -0.60    -9999
LARC       061213 300  140000-140500   00      84.36  966.2     76.17     0.50    -9999
LARC       061213 300  140500-141000   00      83.78  966.2     75.67    -0.20    -9999
LARC       061213 300  141000-141500   00      83.83  966.3     75.73    -0.10    -9999
LARC       061213 300  141500-142000   00      84.78  966.2     76.54     1.00    -9999
LARC       061213 300  142000-142500   00      84.79  966.2     76.56     1.00    -9999
LARC       061213 300  142500-143000   00      84.21  966.2     76.05     0.30    -9999
LARC       061213 300  143000-143500   00      84.38  966.3     76.24     0.60    -9999
LARC       061213 300  143500-144000   00      85.03  966.3     76.82     1.30    -9999
LARC       061213 300  144000-144500   00      82.64  966.4     74.73    -1.40    -9999
LARC       061213 300  144500-145000   00      84.32  966.5     76.28     0.60    -9999
LARC       061213 300  145000-145500   00      84.12  966.5     76.12     0.40    -9999
LARC       061213 300  145500-150000   00      85.06  966.4     76.90     1.40    -9999
LARC       061213 300  150000-150500   00      82.92  966.5     75.04    -1.00    -9999
LARC       061213 300  150500-151000   00      85.14  966.5     77.06     1.70    -9999
LARC       061213 300  151000-151500   00      84.90  966.5     76.83     1.30    -9999
LARC       061213 300  151500-152000   00      83.44  966.5     75.52    -0.40    -9999
LARC       061213 300  152000-152500   00      84.77  966.6     76.77     1.30    -9999
LARC       061213 300  152500-153000   00      84.47  966.5     76.45     0.80    -9999
LARC       061213 300  153000-153500   00      84.30  966.6     76.35     0.70    -9999
LARC       061213 300  153500-154000   00      85.01  966.6     77.00     1.60    -9999
LARC       061213 300  154000-154500   00      84.56  966.6     76.58     1.00    -9999
LARC       061213 300  154500-155000   00      84.11  966.6     76.19     0.50    -9999
LARC       061213 300  155000-155500   00      83.71  966.7     75.88     0.10    -9999
LARC       061213 300  155500-160000   00      84.44  966.7     76.54     1.00    -9999
LARC       061213 300  160000-160500   00      85.65  966.8     77.67     2.50    -9999
LARC       061213 300  160500-161000   00      83.43  966.8     75.68    -0.20    -9999
LARC       061213 300  161000-161500   00      83.31  966.8     75.56    -0.30    -9999
LARC       061213 300  161500-162000   00      84.02  966.8     76.21     0.50    -9999
LARC       061213 300  162000-162500   00      84.16  966.9     76.39     0.80    -9999
LARC       061213 300  162500-163000   00      82.45  967.0     74.89    -1.20    -9999
LARC       061213 300  163000-163500   00      84.23  967.0     76.50     0.90    -9999
LARC       061213 300  163500-164000   00      84.33  967.0     76.58     1.00    -9999
LARC       061213 300  164000-164500   00      85.00  967.0     77.18     1.80    -9999
LARC       061213 300  164500-165000   00      85.16  967.0     77.37     2.10    -9999
LARC       061213 300  165000-165500   00      85.69  967.0     77.84     2.70    -9999
LARC       061213 300  165500-170000   00      84.23  967.1     76.55     1.00    -9999
LARC       061213 300  170000-170500   00      84.96  967.1     77.25     1.90    -9999
LARC       061213 300  170500-171000   00      83.94  967.2     76.36     0.70    -9999
LARC       061213 300  171000-171500   00      83.16  967.2     75.63    -0.20    -9999
LARC       061213 300  171500-172000   00      83.90  967.2     76.33     0.70    -9999
LARC       061213 300  172000-172500   00      84.34  967.3     76.76     1.30    -9999
LARC       061213 300  172500-173000   00      83.92  967.3     76.40     0.80    -9999
LARC       061213 300  173000-173500   00      83.02  967.4     75.62    -0.30    -9999
LARC       061213 300  173500-174000   00      84.99  967.4     77.43     2.10    -9999
LARC       061213 300  174000-174500   00      84.02  967.4     76.57     1.00    -9999
LARC       061213 300  174500-175000   00      82.77  967.5     75.45    -0.50    -9999
LARC       061213 300  175000-175500   00      82.53  967.4     75.20    -0.80    -9999
LARC       061213 300  175500-180000   00      83.95  967.5     76.55     1.00    -9999
LARC       061213 300  180000-180500   00      83.73  967.5     76.33     0.70    -9999
LARC       061213 300  180500-181000   00      83.59  967.5     76.20     0.50    -9999
LARC       061213 300  181000-181500   00      83.27  967.6     75.96     0.20    -9999
LARC       061213 300  181500-182000   00      83.40  967.6     76.07     0.30    -9999
LARC       061213 300  182000-182500   00      84.19  967.6     76.80     1.30    -9999
LARC       061213 300  182500-183000   00      84.26  967.6     76.85     1.40    -9999
LARC       061213 300  183000-183500   00      82.42  967.7     75.25    -0.70    -9999
LARC       061213 300  183500-184000   00      83.69  967.7     76.42     0.80    -9999
LARC       061213 300  184000-184500   00      84.40  967.7     77.08     1.70    -9999
LARC       061213 300  184500-185000   00      83.95  967.8     76.71     1.20    -9999
LARC       061213 300  185000-185500   00      84.71  967.8     77.38     2.10    -9999
LARC       061213 300  185500-190000   00      84.16  967.8     76.91     1.50    -9999
LARC       061213 300  190000-190500   00      82.05  967.9     75.02    -1.00    -9999
LARC       061213 300  190500-191000   00      83.74  967.9     76.58     1.00    -9999
LARC       061213 300  191000-191500   00      84.35  967.9     77.11     1.70    -9999
LARC       061213 300  191500-192000   00      84.03  967.9     76.83     1.40    -9999
LARC       061213 300  192000-192500   00      82.68  967.9     75.61    -0.30    -9999
LARC       061213 300  192500-193000   00      83.21  968.0     76.12     0.40    -9999
LARC       061213 300  193000-193500   00      82.42  968.0     75.39    -0.60    -9999
LARC       061213 300  193500-194000   00      83.10  968.0     76.04     0.30    -9999
LARC       061213 300  194000-194500   00      84.83  968.1     77.66     2.40    -9999
LARC       061213 300  194500-195000   00      82.39  968.1     75.47    -0.40    -9999
LARC       061213 300  195000-195500   00      84.90  968.1     77.76     2.60    -9999
LARC       061213 300  195500-200000   00      83.79  968.2     76.77     1.30    -9999
LARC       061213 300  200000-200500   00      84.25  968.2     77.23     1.90    -9999
LARC       061213 300  200500-201000   00      83.88  968.2     76.88     1.40    -9999
LARC       061213 300  201000-201500   00      83.47  968.2     76.50     0.90    -9999
LARC       061213 300  201500-202000   00      82.25  968.3     75.42    -0.50    -9999
LARC       061213 300  202000-202500   00      82.70  968.3     75.83     0.00    -9999
LARC       061213 300  202500-203000   00      81.58  968.3     74.79    -1.30    -9999
LARC       061213 300  203000-203500   00      82.95  968.2     76.03     0.30    -9999
LARC       061213 300  203500-204000   00      83.70  968.2     76.72     1.20    -9999
LARC       061213 300  204000-204500   00      82.39  968.4     75.59    -0.30    -9999
LARC       061213 300  204500-205000   00      82.86  968.4     76.03     0.30    -9999
LARC       061213 300  205000-205500   00      83.25  968.4     76.40     0.80    -9999
LARC       061213 300  205500-210000   00      83.65  968.4     76.76     1.30    -9999
LARC       061213 300  210000-210500   00      81.38  968.4     74.68    -1.50    -9999
LARC       061213 300  210500-211000   00      81.46  968.4     74.77    -1.40    -9999
LARC       061213 300  211000-212100   00      82.40  968.5     75.65    -0.20    -9999
LARC       061213 300  212000-212500   00      83.25  968.5     76.48     0.90    -9999
LARC       061213 300  212100-212000   00      81.60  968.5     74.95    -1.10    -9999
LARC       061213 300  212500-213000   00      82.50  968.5     75.77    -0.10    -9999
LARC       061213 300  213000-213500   00      84.20  968.5     77.34     2.00    -9999
LARC       061213 300  213500-214000   00      82.58  968.6     75.89     0.10    -9999
LARC       061213 300  214000-214500   00      82.49  968.6     75.82     0.00    -9999
LARC       061213 300  214500-215000   00      82.35  968.6     75.71    -0.10    -9999
LARC       061213 300  215000-215500   00      83.75  968.6     76.99     1.60    -9999
LARC       061213 300  215500-220000   00      83.11  968.6     76.39     0.80    -9999
LARC       061213 300  220000-220500   00      81.19  968.6     74.60    -1.60    -9999
LARC       061213 300  220500-221000   00      83.53  968.6     76.79     1.30    -9999
LARC       061213 300  221000-221500   00      83.13  968.6     76.40     0.80    -9999
LARC       061213 300  221500-222000   00      82.82  968.5     76.08     0.40    -9999
LARC       061213 300  222000-222500   00      83.40  968.6     76.63     1.10    -9999
LARC       061213 300  222500-223000   00      83.20  968.5     76.41     0.80    -9999
LARC       061213 300  223000-223500   00      81.32  968.6     74.72    -1.40    -9999
LARC       061213 300  223500-224000   00      82.06  968.6     75.40    -0.50    -9999
LARC       061213 300  224000-224500   00      83.52  968.5     76.70     1.20    -9999
LARC       061213 300  224500-225000   00      81.94  968.5     75.25    -0.70    -9999
LARC       061213 300  225000-225500   00      82.50  968.5     75.78     0.00    -9999
LARC       061213 300  225500-230000   00      82.17  968.5     75.47    -0.50    -9999
LARC       061213 300  230000-230500   00      82.31  968.5     75.58    -0.30    -9999
LARC       061213 300  230500-231000   00      82.55  968.5     75.80     0.00    -9999
LARC       061213 300  231000-231500   00      80.91  968.5     74.29    -2.00    -9999
LARC       061213 300  231500-232000   00      82.74  968.5     75.99     0.20    -9999
LARC       061213 300  232000-232500   00      82.01  968.5     75.32    -0.70    -9999
LARC       061213 300  232500-233000   00      81.84  968.5     75.16    -0.90    -9999
LARC       061213 300  233000-233500   00      81.22  968.6     74.62    -1.60    -9999
LARC       061213 300  233500-234000   00      82.15  968.6     75.49    -0.40    -9999
LARC       061213 300  234000-234500   00      82.24  968.5     75.56    -0.30    -9999
LARC       061213 300  234500-235000   00      81.97  968.6     75.36    -0.60    -9999
LARC       061213 300  235000-235500   00      82.96  968.5     76.22     0.50    -9999
LARC       061213 300  235500-240000   00      80.36  968.5     73.81    -2.60    -9999
*
*COMMENT   ALERT FROM M.STORINI - CONFIRMED BY E. OLIVARES CANOUET
*COMMENT   PROMPT DATA PREPARED BY E.OLIVARES CANOUET: 21-12-2006
*COMMENT   TO ACKNOWLEDGE: CHILE/ITALY COLLABORATION FOR LARC
"*COMMENT   CITATION: E.O. Olivares, M. Storini, E.G. Cordaro, LARC response "
"*COMMENT   to GLE 70, Report INAF/IFSI-2007-2"
COMMENT UNIVERISTY OF OULU: FILE GENERATED FROM DATABASE AND OBTAINED FROM
COMMENT https://gle.oulu.fi at 2023-02-24 11:29:29 +00:00
COMMENT FOR HISTORICAL/ORIGINAL TEXT FILES SEE https://gle.oulu.fi/txtarchive/
COMMENT ORIGINAL AT https://gle.oulu.fi/txtarchive/GLE70/C070LARC_cor.DAT
COMMENT DETRENDED DATA SHOW -9999 IF EQUAL TO INC% COLUMN 