ALMA-ATA-B LATITUDE    43.14     LONGITUDE     76.6      ALTITUDE    3340 M
ALMA-ATA-B INSTRUMENT   18NM64    NEUTRON MONITOR     
ALMA-ATA-B STANDARD PRESSURE    675.7   MB     COEFFICIENT   -0.74     % / MB
ALMA-ATA-B PRE-INCREASE BASELINE TIME INTERVAL    061213    010000-020000   UT
ALMA-ATA-B PRE-INCREASE AVERAGE COUNTING RATE    126.07      COUNTS PER SECOND
ALMA-ATA-B TIME INTERVALS    300         3600     
ALMA-ATA-B SCALE FACTORS     1           1        
STATION    YYMMDD  SEC   TIME (UT)   CODE    UNCORR. PRESS.    CORR.    % INC.	DETRENDED
                         INTERVAL    TD      C/S     (MB)      C/S
ALMA-ATA-B 061212 3600 000000-010000   00     122.31  679.0    125.33    -0.59    -9999
ALMA-ATA-B 061212 3600 010000-020000   00     122.01  678.8    124.84    -0.98    -9999
ALMA-ATA-B 061212 3600 020000-030000   00     122.49  678.6    125.15    -0.73    -9999
ALMA-ATA-B 061212 3600 030000-040000   00     122.79  678.5    125.36    -0.56    -9999
ALMA-ATA-B 061212 3600 040000-050000   00     123.64  678.3    126.04    -0.03    -9999
ALMA-ATA-B 061212 3600 050000-060000   00     124.31  678.2    126.63     0.44    -9999
ALMA-ATA-B 061212 3600 060000-070000   00     124.94  677.9    127.00     0.73    -9999
ALMA-ATA-B 061212 3600 070000-080000   00     125.19  677.5    126.86     0.63    -9999
ALMA-ATA-B 061212 3600 080000-090000   00     125.26  677.3    126.75     0.54    -9999
ALMA-ATA-B 061212 3600 090000-100000   00     125.19  677.3    126.68     0.49    -9999
ALMA-ATA-B 061212 3600 100000-110000   00     125.39  677.3    126.89     0.65    -9999
ALMA-ATA-B 061212 3600 110000-120000   00     125.46  677.1    126.77     0.55    -9999
ALMA-ATA-B 061212 3600 120000-130000   00     125.02  677.1    126.32     0.20    -9999
ALMA-ATA-B 061212 3600 130000-140000   00     125.02  677.1    126.32     0.20    -9999
ALMA-ATA-B 061212 3600 140000-150000   00     125.02  677.0    126.22     0.12    -9999
ALMA-ATA-B 061212 3600 150000-160000   00     124.81  676.9    125.93    -0.12    -9999
ALMA-ATA-B 061212 3600 160000-170000   00     125.19  676.6    126.03    -0.03    -9999
ALMA-ATA-B 061212 3600 170000-180000   00     124.92  676.4    125.56    -0.40    -9999
ALMA-ATA-B 061212 3600 180000-190000   00     125.51  676.2    125.98    -0.07    -9999
ALMA-ATA-B 061212 3600 190000-200000   00     125.54  676.2    126.01    -0.05    -9999
ALMA-ATA-B 061212 3600 200000-210000   00     125.88  675.9    126.07     0.00    -9999
ALMA-ATA-B 061212 3600 210000-220000   00     125.80  675.9    125.98    -0.07    -9999
ALMA-ATA-B 061212 3600 220000-230000   00     125.83  675.8    125.92    -0.12    -9999
ALMA-ATA-B 061212 3600 230000-240000   00     125.77  675.7    125.77    -0.24    -9999
ALMA-ATA-B 061213 3600 000000-010000   00     126.12  675.7    126.12     0.04    -9999
ALMA-ATA-B 061213 300  010000-010500   00     125.81  675.7    125.81    -0.21    -9999
ALMA-ATA-B 061213 300  010500-011000   00     125.66  675.7    125.66    -0.32    -9999
ALMA-ATA-B 061213 300  011000-011500   00     126.20  675.7    126.20     0.10    -9999
ALMA-ATA-B 061213 300  011500-012000   00     126.07  675.7    126.07     0.00    -9999
ALMA-ATA-B 061213 300  012000-012500   00     125.28  675.7    125.28    -0.62    -9999
ALMA-ATA-B 061213 300  012500-013000   00     125.96  675.7    125.96    -0.09    -9999
ALMA-ATA-B 061213 300  013000-013500   00     125.32  675.7    125.32    -0.59    -9999
ALMA-ATA-B 061213 300  013500-014000   00     126.55  675.7    126.55     0.38    -9999
ALMA-ATA-B 061213 300  014000-014500   00     126.43  675.7    126.43     0.28    -9999
ALMA-ATA-B 061213 300  014500-015000   00     126.16  675.7    126.16     0.07    -9999
ALMA-ATA-B 061213 300  015000-015500   00     126.21  675.7    126.21     0.11    -9999
ALMA-ATA-B 061213 300  015500-020000   00     127.21  675.7    127.21     0.90    -9999
ALMA-ATA-B 061213 300  020000-020500   00     126.46  675.7    126.47     0.32    -9999
ALMA-ATA-B 061213 300  020500-021000   00     126.38  675.7    126.42     0.28    -9999
ALMA-ATA-B 061213 300  021000-021500   00     127.27  675.8    127.33     1.00    -9999
ALMA-ATA-B 061213 300  021500-022000   00     126.74  675.8    126.82     0.60    -9999
ALMA-ATA-B 061213 300  022000-022500   00     125.96  675.8    126.06    -0.01    -9999
ALMA-ATA-B 061213 300  022500-023000   00     126.90  675.8    127.02     0.76    -9999
ALMA-ATA-B 061213 300  023000-023500   00     126.39  675.9    126.54     0.37    -9999
ALMA-ATA-B 061213 300  023500-024000   00     126.69  675.9    126.86     0.63    -9999
ALMA-ATA-B 061213 300  024000-024500   00     126.37  675.9    126.57     0.39    -9999
ALMA-ATA-B 061213 300  024500-025000   00     126.60  675.9    126.83     0.60    -9999
ALMA-ATA-B 061213 300  025000-025500   00     126.46  676.0    126.71     0.50    -9999
ALMA-ATA-B 061213 300  025500-030000   00     126.04  676.0    126.31     0.19    -9999
ALMA-ATA-B 061213 300  030000-030500   00     126.68  676.0    126.97     0.71    -9999
ALMA-ATA-B 061213 300  030500-031000   00     127.59  676.0    127.89     1.45    -9999
ALMA-ATA-B 061213 300  031000-031500   00     126.78  676.0    127.10     0.82    -9999
ALMA-ATA-B 061213 300  031500-032000   00     127.11  676.1    127.44     1.09    -9999
ALMA-ATA-B 061213 300  032000-032500   00     127.79  676.1    128.14     1.64    -9999
ALMA-ATA-B 061213 300  032500-033000   00     126.46  676.1    126.83     0.60    -9999
ALMA-ATA-B 061213 300  033000-033500   00     126.35  676.1    126.73     0.52    -9999
ALMA-ATA-B 061213 300  033500-034000   00     126.46  676.1    126.85     0.62    -9999
ALMA-ATA-B 061213 300  034000-034500   00     126.60  676.1    127.01     0.75    -9999
ALMA-ATA-B 061213 300  034500-035000   00     126.69  676.2    127.12     0.83    -9999
ALMA-ATA-B 061213 300  035000-035500   00     126.96  676.2    127.41     1.06    -9999
ALMA-ATA-B 061213 300  035500-040000   00     126.65  676.2    127.11     0.82    -9999
ALMA-ATA-B 061213 300  040000-040500   00     126.82  676.2    127.30     0.97    -9999
ALMA-ATA-B 061213 300  040500-041000   00     127.21  676.2    127.71     1.30    -9999
ALMA-ATA-B 061213 300  041000-041500   00     127.17  676.2    127.68     1.27    -9999
ALMA-ATA-B 061213 300  041500-042000   00     126.79  676.3    127.31     0.98    -9999
ALMA-ATA-B 061213 300  042000-042500   00     126.37  676.3    126.91     0.66    -9999
ALMA-ATA-B 061213 300  042500-043000   00     126.42  676.3    126.98     0.72    -9999
ALMA-ATA-B 061213 300  043000-043500   00     126.71  676.3    127.28     0.96    -9999
ALMA-ATA-B 061213 300  043500-044000   00     127.30  676.3    127.88     1.44    -9999
ALMA-ATA-B 061213 300  044000-044500   00     127.50  676.3    128.11     1.61    -9999
ALMA-ATA-B 061213 300  044500-045000   00     126.86  676.4    127.47     1.11    -9999
ALMA-ATA-B 061213 300  045000-045500   00     127.08  676.4    127.72     1.30    -9999
ALMA-ATA-B 061213 300  045500-050000   00     126.58  676.4    127.22     0.91    -9999
ALMA-ATA-B 061213 300  050000-050500   00     126.40  676.4    127.05     0.78    -9999
ALMA-ATA-B 061213 300  050500-051000   00     126.03  676.4    126.68     0.48    -9999
ALMA-ATA-B 061213 300  051000-051500   00     127.08  676.4    127.72     1.31    -9999
ALMA-ATA-B 061213 300  051500-052000   00     125.81  676.4    126.44     0.29    -9999
ALMA-ATA-B 061213 300  052000-052500   00     126.04  676.4    126.66     0.46    -9999
ALMA-ATA-B 061213 300  052500-053000   00     126.78  676.4    127.40     1.05    -9999
ALMA-ATA-B 061213 300  053000-053500   00     125.98  676.3    126.58     0.41    -9999
ALMA-ATA-B 061213 300  053500-054000   00     126.17  676.3    126.76     0.55    -9999
ALMA-ATA-B 061213 300  054000-054500   00     125.95  676.3    126.54     0.37    -9999
ALMA-ATA-B 061213 300  054500-055000   00     126.47  676.3    127.06     0.78    -9999
ALMA-ATA-B 061213 300  055000-055500   00     126.63  676.3    127.21     0.90    -9999
ALMA-ATA-B 061213 300  055500-060000   00     126.08  676.3    126.65     0.46    -9999
ALMA-ATA-B 061213 300  060000-060500   00     126.64  676.3    127.21     0.90    -9999
ALMA-ATA-B 061213 300  060500-061000   00     126.18  676.3    126.75     0.54    -9999
ALMA-ATA-B 061213 300  061000-061500   00     125.70  676.3    126.28     0.16    -9999
ALMA-ATA-B 061213 300  061500-062000   00     126.50  676.3    127.09     0.80    -9999
ALMA-ATA-B 061213 300  062000-062500   00     126.42  676.3    127.02     0.75    -9999
ALMA-ATA-B 061213 300  062500-063000   00     126.17  676.3    126.77     0.55    -9999
ALMA-ATA-B 061213 300  063000-063500   00     126.43  676.4    127.04     0.77    -9999
ALMA-ATA-B 061213 300  063500-064000   00     126.92  676.4    127.54     1.17    -9999
ALMA-ATA-B 061213 300  064000-064500   00     125.62  676.4    126.24     0.13    -9999
ALMA-ATA-B 061213 300  064500-065000   00     126.56  676.4    127.20     0.89    -9999
ALMA-ATA-B 061213 300  065000-065500   00     126.19  676.4    126.83     0.60    -9999
ALMA-ATA-B 061213 300  065500-070000   00     126.06  676.4    126.71     0.50    -9999
ALMA-ATA-B 061213 300  070000-070500   00     126.48  676.4    127.13     0.84    -9999
ALMA-ATA-B 061213 300  070500-071000   00     126.22  676.4    126.87     0.64    -9999
ALMA-ATA-B 061213 300  071000-071500   00     126.37  676.4    127.03     0.76    -9999
ALMA-ATA-B 061213 300  071500-072000   00     126.05  676.4    126.70     0.50    -9999
ALMA-ATA-B 061213 300  072000-072500   00     126.10  676.4    126.76     0.54    -9999
ALMA-ATA-B 061213 300  072500-073000   00     125.67  676.4    126.32     0.20    -9999
ALMA-ATA-B 061213 300  073000-073500   00     126.34  676.4    126.99     0.73    -9999
ALMA-ATA-B 061213 300  073500-074000   00     126.52  676.4    127.18     0.88    -9999
ALMA-ATA-B 061213 300  074000-074500   00     126.09  676.4    126.75     0.54    -9999
ALMA-ATA-B 061213 300  074500-075000   00     125.65  676.4    126.30     0.18    -9999
ALMA-ATA-B 061213 300  075000-075500   00     126.02  676.4    126.68     0.48    -9999
ALMA-ATA-B 061213 300  075500-080000   00     126.45  676.4    127.11     0.82    -9999
ALMA-ATA-B 061213 3600 080000-090000   00     125.83  676.6    126.67     0.47    -9999
ALMA-ATA-B 061213 3600 090000-100000   00     125.37  676.8    126.40     0.26    -9999
ALMA-ATA-B 061213 3600 100000-110000   00     124.60  677.1    125.89    -0.14    -9999
ALMA-ATA-B 061213 3600 110000-120000   00     124.23  677.2    125.62    -0.36    -9999
ALMA-ATA-B 061213 3600 120000-130000   00     123.85  677.5    125.51    -0.45    -9999
ALMA-ATA-B 061213 3600 130000-140000   00     123.28  677.8    125.21    -0.68    -9999
ALMA-ATA-B 061213 3600 140000-150000   00     122.73  678.1    124.93    -0.90    -9999
ALMA-ATA-B 061213 3600 150000-160000   00     122.80  678.1    125.00    -0.85    -9999
ALMA-ATA-B 061213 3600 160000-170000   00     122.21  678.3    124.59    -1.18    -9999
ALMA-ATA-B 061213 3600 170000-180000   00     122.50  678.5    125.06    -0.80    -9999
ALMA-ATA-B 061213 3600 180000-190000   00     121.95  678.7    124.68    -1.10    -9999
ALMA-ATA-B 061213 3600 190000-200000   00     122.08  678.9    125.01    -0.84    -9999
ALMA-ATA-B 061213 3600 200000-210000   00     121.69  679.1    124.79    -1.02    -9999
ALMA-ATA-B 061213 3600 210000-220000   00     121.69  679.1    124.80    -1.01    -9999
ALMA-ATA-B 061213 3600 220000-230000   00     121.79  679.3    125.08    -0.79    -9999
ALMA-ATA-B 061213 3600 230000-240000   00     121.36  679.5    124.82    -0.99    -9999
*
Comment: The Clock of Regisrator is fast on +0 sec;
COMMENT UNIVERISTY OF OULU: FILE GENERATED FROM DATABASE AND OBTAINED FROM
COMMENT https://gle.oulu.fi at 2023-02-24 11:29:29 +00:00
COMMENT FOR HISTORICAL/ORIGINAL TEXT FILES SEE https://gle.oulu.fi/txtarchive/
COMMENT ORIGINAL AT https://gle.oulu.fi/txtarchive/GLE70/C070AATB.DAT
COMMENT DETRENDED DATA SHOW -9999 IF EQUAL TO INC% COLUMN 