IRKUTSK2   LATITUDE    52.28     LONGITUDE     104.02    ALTITUDE    2000 M
IRKUTSK2   INSTRUMENT   12NM64    NEUTRON MONITOR     
IRKUTSK2   STANDARD PRESSURE    789.2   mb     COEFFICIENT   -0.713    % / mb
IRKUTSK2   PRE-INCREASE BASELINE TIME INTERVAL    061213    010000-020000   UT
IRKUTSK2   PRE-INCREASE AVERAGE COUNTING RATE    451.78      COUNTS PER SECOND
IRKUTSK2   TIME INTERVALS    300         3600     
IRKUTSK2   SCALE FACTORS     1           1        
STATION    YYMMDD  SEC   TIME (UT)   CODE    UNCORR. PRESS.    CORR.    % INC.	DETRENDED
                         INTERVAL    TD      C/S     (mb)      C/S
IRKUTSK2   061212 3600 000000-010000   00     455.47  787.9    451.27    -0.11    -9999
IRKUTSK2   061212 3600 010000-020000   00     454.21  788.1    450.66    -0.25    -9999
IRKUTSK2   061212 3600 020000-030000   00     452.27  788.5    450.01    -0.39    -9999
IRKUTSK2   061212 3600 030000-040000   00     453.28  788.6    451.34    -0.10    -9999
IRKUTSK2   061212 3600 040000-050000   00     454.54  788.7    452.92     0.25    -9999
IRKUTSK2   061212 3600 050000-060000   00     456.00  788.7    454.38     0.57    -9999
IRKUTSK2   061212 3600 060000-070000   00     456.00  789.1    455.67     0.86    -9999
IRKUTSK2   061212 3600 070000-080000   00     452.29  789.6    453.58     0.40    -9999
IRKUTSK2   061212 3600 080000-090000   00     447.98  790.3    451.51    -0.06    -9999
IRKUTSK2   061212 3600 090000-100000   00     445.14  790.9    450.56    -0.27    -9999
IRKUTSK2   061212 3600 100000-110000   00     445.76  791.2    452.16     0.08    -9999
IRKUTSK2   061212 3600 110000-120000   00     444.55  791.4    451.58    -0.04    -9999
IRKUTSK2   061212 3600 120000-130000   00     440.35  791.7    448.27    -0.78    -9999
IRKUTSK2   061212 3600 130000-140000   00     441.80  791.7    449.75    -0.45    -9999
IRKUTSK2   061212 3600 140000-150000   00     441.65  791.7    449.59    -0.48    -9999
IRKUTSK2   061212 3600 150000-160000   00     442.35  791.4    449.34    -0.54    -9999
IRKUTSK2   061212 3600 160000-170000   00     442.87  791.2    449.23    -0.56    -9999
IRKUTSK2   061212 3600 170000-180000   00     444.15  790.9    449.56    -0.49    -9999
IRKUTSK2   061212 3600 180000-190000   00     447.23  790.5    451.40    -0.08    -9999
IRKUTSK2   061212 3600 190000-200000   00     447.01  790.3    450.53    -0.28    -9999
IRKUTSK2   061212 3600 200000-210000   00     448.62  789.9    450.87    -0.20    -9999
IRKUTSK2   061212 3600 210000-220000   00     449.38  789.7    450.98    -0.18    -9999
IRKUTSK2   061212 3600 220000-230000   00     448.45  789.6    449.73    -0.45    -9999
IRKUTSK2   061212 3600 230000-240000   00     448.80  789.5    449.76    -0.45    -9999
IRKUTSK2   061213 3600 000000-010000   00     450.56  789.4    451.20    -0.13    -9999
IRKUTSK2   061213 300  010000-010500   00     450.53  789.2    450.50    -0.28    -9999
IRKUTSK2   061213 300  010500-011000   00     451.09  789.2    451.01    -0.17    -9999
IRKUTSK2   061213 300  011000-011500   00     451.78  789.2    451.65    -0.03    -9999
IRKUTSK2   061213 300  011500-012000   00     451.44  789.1    451.26    -0.11    -9999
IRKUTSK2   061213 300  012000-012500   00     449.57  789.1    449.34    -0.54    -9999
IRKUTSK2   061213 300  012500-013000   00     450.81  789.1    450.52    -0.28    -9999
IRKUTSK2   061213 300  013000-013500   00     453.71  789.1    453.36     0.35    -9999
IRKUTSK2   061213 300  013500-014000   00     451.11  789.1    450.71    -0.24    -9999
IRKUTSK2   061213 300  014000-014500   00     452.89  789.1    452.43     0.14    -9999
IRKUTSK2   061213 300  014500-015000   00     451.59  789.0    451.09    -0.15    -9999
IRKUTSK2   061213 300  015000-015500   00     452.90  789.0    452.34     0.12    -9999
IRKUTSK2   061213 300  015500-020000   00     453.97  789.0    453.35     0.35    -9999
IRKUTSK2   061213 300  020000-020500   00     453.80  789.0    453.15     0.30     0.30
IRKUTSK2   061213 300  020500-021000   00     453.88  789.0    453.19     0.31     0.30
IRKUTSK2   061213 300  021000-021500   00     455.09  789.0    454.38     0.58     0.56
IRKUTSK2   061213 300  021500-022000   00     451.67  789.0    450.94    -0.19    -0.22
IRKUTSK2   061213 300  022000-022500   00     456.18  789.0    455.41     0.80     0.76
IRKUTSK2   061213 300  022500-023000   00     452.46  789.0    451.67    -0.02    -0.07
IRKUTSK2   061213 300  023000-023500   00     456.76  788.9    455.94     0.92     0.86
IRKUTSK2   061213 300  023500-024000   00     451.75  788.9    450.90    -0.19    -0.26
IRKUTSK2   061213 300  024000-024500   00     451.85  788.9    450.98    -0.18    -0.26
IRKUTSK2   061213 300  024500-025000   00     455.38  788.9    454.47     0.60     0.51
IRKUTSK2   061213 300  025000-025500   00     461.85  788.9    460.90     2.02     1.92
IRKUTSK2   061213 300  025500-030000   00     465.56  788.9    464.59     2.84     2.73
IRKUTSK2   061213 300  030000-030500   00     472.33  788.9    471.27     4.31     4.19
IRKUTSK2   061213 300  030500-031000   00     473.37  788.9    472.20     4.52     4.40
IRKUTSK2   061213 300  031000-031500   00     471.28  788.8    470.00     4.03     3.90
IRKUTSK2   061213 300  031500-032000   00     469.71  788.8    468.33     3.66     3.52
IRKUTSK2   061213 300  032000-032500   00     472.47  788.8    470.97     4.25     4.10
IRKUTSK2   061213 300  032500-033000   00     470.23  788.7    468.63     3.73     3.58
IRKUTSK2   061213 300  033000-033500   00     467.79  788.7    466.08     3.16     3.00
IRKUTSK2   061213 300  033500-034000   00     466.53  788.7    464.71     2.86     2.69
IRKUTSK2   061213 300  034000-034500   00     464.44  788.6    462.53     2.38     2.21
IRKUTSK2   061213 300  034500-035000   00     466.28  788.6    464.25     2.76     2.58
IRKUTSK2   061213 300  035000-035500   00     465.32  788.6    463.18     2.52     2.33
IRKUTSK2   061213 300  035500-040000   00     469.42  788.5    467.15     3.40     3.21
IRKUTSK2   061213 300  040000-040500   00     465.16  788.5    462.82     2.44     2.24
IRKUTSK2   061213 300  040500-041000   00     465.57  788.5    463.18     2.52     2.32
IRKUTSK2   061213 300  041000-041500   00     467.99  788.5    465.53     3.04     2.83
IRKUTSK2   061213 300  041500-042000   00     465.27  788.4    462.76     2.43     2.22
IRKUTSK2   061213 300  042000-042500   00     464.05  788.4    461.50     2.15     1.94
IRKUTSK2   061213 300  042500-043000   00     465.32  788.4    462.70     2.42     2.20
IRKUTSK2   061213 300  043000-043500   00     464.68  788.4    462.01     2.26     2.04
IRKUTSK2   061213 300  043500-044000   00     465.56  788.4    462.83     2.45     2.22
IRKUTSK2   061213 300  044000-044500   00     465.46  788.4    462.68     2.41     2.18
IRKUTSK2   061213 300  044500-045000   00     462.17  788.3    459.36     1.68     1.45
IRKUTSK2   061213 300  045000-045500   00     466.27  788.3    463.38     2.57     2.34
IRKUTSK2   061213 300  045500-050000   00     463.34  788.3    460.41     1.91     1.67
IRKUTSK2   061213 300  050000-050500   00     464.55  788.3    461.54     2.16     1.92
IRKUTSK2   061213 300  050500-051000   00     462.69  788.3    459.62     1.73     1.49
IRKUTSK2   061213 300  051000-051500   00     463.77  788.2    460.60     1.95     1.71
IRKUTSK2   061213 300  051500-052000   00     462.16  788.2    458.92     1.58     1.34
IRKUTSK2   061213 300  052000-052500   00     461.61  788.2    458.30     1.44     1.20
IRKUTSK2   061213 300  052500-053000   00     459.47  788.2    456.09     0.96     0.71
IRKUTSK2   061213 300  053000-053500   00     460.24  788.1    456.78     1.11     0.86
IRKUTSK2   061213 300  053500-054000   00     461.88  788.1    458.32     1.45     1.20
IRKUTSK2   061213 300  054000-054500   00     461.20  788.1    457.56     1.28     1.03
IRKUTSK2   061213 300  054500-055000   00     458.95  788.1    455.25     0.77     0.52
IRKUTSK2   061213 300  055000-055500   00     461.43  788.0    457.62     1.30     1.05
IRKUTSK2   061213 300  055500-060000   00     458.16  788.0    454.30     0.56     0.31
IRKUTSK2   061213 300  060000-060500   00     462.23  788.0    458.29     1.44     1.19
IRKUTSK2   061213 300  060500-061000   00     459.15  788.0    455.24     0.77     0.53
IRKUTSK2   061213 300  061000-061500   00     460.93  788.0    457.00     1.16     0.92
IRKUTSK2   061213 300  061500-062000   00     458.64  788.0    454.73     0.65     0.41
IRKUTSK2   061213 300  062000-062500   00     458.73  788.0    454.82     0.67     0.43
IRKUTSK2   061213 300  062500-063000   00     461.88  788.0    457.95     1.37     1.13
IRKUTSK2   061213 300  063000-063500   00     461.64  788.0    457.71     1.31     1.08
IRKUTSK2   061213 300  063500-064000   00     460.38  788.0    456.46     1.04     0.81
IRKUTSK2   061213 300  064000-064500   00     463.97  788.0    460.02     1.82     1.59
IRKUTSK2   061213 300  064500-065000   00     461.91  788.0    457.97     1.37     1.14
IRKUTSK2   061213 300  065000-065500   00     462.58  788.0    458.64     1.52     1.30
IRKUTSK2   061213 300  065500-070000   00     462.26  788.0    458.33     1.45     1.23
IRKUTSK2   061213 300  070000-070500   00     460.38  788.0    456.46     1.04     0.82
IRKUTSK2   061213 300  070500-071000   00     459.43  788.0    455.51     0.83     0.62
IRKUTSK2   061213 300  071000-071500   00     459.72  788.0    455.81     0.89     0.68
IRKUTSK2   061213 300  071500-072000   00     460.26  788.0    456.34     1.01     0.81
IRKUTSK2   061213 300  072000-072500   00     461.20  788.0    457.27     1.21     1.01
IRKUTSK2   061213 300  072500-073000   00     458.08  788.0    454.18     0.53     0.34
IRKUTSK2   061213 300  073000-073500   00     456.45  788.0    452.56     0.17    -0.02
IRKUTSK2   061213 300  073500-074000   00     458.10  788.0    454.19     0.53     0.35
IRKUTSK2   061213 300  074000-074500   00     459.04  788.0    455.13     0.74     0.56
IRKUTSK2   061213 300  074500-075000   00     455.81  788.0    451.93     0.03    -0.14
IRKUTSK2   061213 300  075000-075500   00     458.36  788.0    454.45     0.59     0.43
IRKUTSK2   061213 300  075500-080000   00     461.14  788.0    457.21     1.20     1.04
IRKUTSK2   061213 3600 080000-090000   00     458.18  788.1    454.60     0.62     0.47
IRKUTSK2   061213 3600 090000-100000   00     454.89  788.5    452.62     0.19     0.14
IRKUTSK2   061213 3600 100000-110000   00     454.15  788.9    453.18     0.31     0.40
IRKUTSK2   061213 3600 110000-120000   00     450.61  789.2    450.61    -0.26    -9999
IRKUTSK2   061213 3600 120000-130000   00     448.63  789.5    449.59    -0.49    -9999
IRKUTSK2   061213 3600 130000-140000   00     446.59  789.8    448.51    -0.72    -9999
IRKUTSK2   061213 3600 140000-150000   00     446.23  790.2    449.42    -0.52    -9999
IRKUTSK2   061213 3600 150000-160000   00     444.74  790.5    448.88    -0.64    -9999
IRKUTSK2   061213 3600 160000-170000   00     443.57  791.0    449.30    -0.55    -9999
IRKUTSK2   061213 3600 170000-180000   00     443.05  791.2    449.42    -0.52    -9999
IRKUTSK2   061213 3600 180000-190000   00     442.50  791.5    449.82    -0.43    -9999
IRKUTSK2   061213 3600 190000-200000   00     439.50  792.1    448.69    -0.68    -9999
IRKUTSK2   061213 3600 200000-210000   00     438.16  792.4    448.28    -0.78    -9999
IRKUTSK2   061213 3600 210000-220000   00     436.92  792.8    448.28    -0.77    -9999
IRKUTSK2   061213 3600 220000-230000   00     436.42  793.1    448.72    -0.68    -9999
IRKUTSK2   061213 3600 230000-240000   00     436.03  793.5    449.60    -0.48    -9999
*
Comment: The Clock of Regisrator is fast on+sec (slow on-sec) is supporting by G
COMMENT UNIVERISTY OF OULU: FILE GENERATED FROM DATABASE AND OBTAINED FROM
COMMENT https://gle.oulu.fi at 2023-02-24 11:29:29 +00:00
COMMENT FOR HISTORICAL/ORIGINAL TEXT FILES SEE https://gle.oulu.fi/txtarchive/
COMMENT ORIGINAL AT https://gle.oulu.fi/txtarchive/GLE70/C070IRK2_cor.DAT
COMMENT DETRENDED DATA SHOW -9999 IF EQUAL TO INC% COLUMN 