KIEL       LATITUDE    54.3      LONGITUDE     10.1      ALTITUDE    54 M
KIEL       INSTRUMENT   18NM64    NEUTRON MONITOR	
KIEL       STANDARD PRESSURE    1004.3  mb     COEFFICIENT   -0.721    % / mb
KIEL       PRE-INCREASE BASELINE TIME INTERVAL    061213    010000-020000   UT
KIEL       PRE-INCREASE AVERAGE COUNTING RATE    171.74      COUNTS PER SECOND
KIEL       TIME INTERVALS    300         3600     
KIEL       SCALE FACTORS     1           1        
STATION    YYMMDD  SEC   TIME (UT)   CODE    UNCORR. PRESS.    CORR.    % INC.	DETRENDED
                         INTERVAL    TD      C/S     (mb)      C/S
KIEL       061212 3600 000000-010000   00     169.43 1005.1    170.41    -0.77    -9999
KIEL       061212 3600 010000-020000   00     168.96 1005.3    170.18    -0.91    -9999
KIEL       061212 3600 020000-030000   00     168.82 1005.7    170.54    -0.70    -9999
KIEL       061212 3600 030000-040000   00     168.56 1006.0    170.64    -0.64    -9999
KIEL       061212 3600 040000-050000   00     167.79 1006.2    170.11    -0.95    -9999
KIEL       061212 3600 050000-060000   00     168.14 1006.7    171.07    -0.39    -9999
KIEL       061212 3600 060000-070000   00     168.13 1007.0    171.44    -0.18    -9999
KIEL       061212 3600 070000-080000   00     166.57 1007.8    170.82    -0.53    -9999
KIEL       061212 3600 080000-090000   00     166.88 1008.3    171.76     0.01    -9999
KIEL       061212 3600 090000-100000   00     167.08 1008.6    172.34     0.35    -9999
KIEL       061212 3600 100000-110000   00     166.94 1008.9    172.57     0.48    -9999
KIEL       061212 3600 110000-120000   00     167.94 1008.8    173.48     1.01    -9999
KIEL       061212 3600 120000-130000   00     167.30 1008.6    172.57     0.48    -9999
KIEL       061212 3600 130000-140000   00     168.06 1008.2    172.85     0.65    -9999
KIEL       061212 3600 140000-150000   00     167.67 1008.0    172.20     0.27    -9999
KIEL       061212 3600 150000-160000   00     168.09 1008.0    172.64     0.52    -9999
KIEL       061212 3600 160000-170000   00     167.48 1007.6    171.51    -0.13    -9999
KIEL       061212 3600 170000-180000   00     168.93 1007.1    172.38     0.37    -9999
KIEL       061212 3600 180000-190000   00     169.25 1006.6    172.08     0.20    -9999
KIEL       061212 3600 190000-200000   00     169.09 1005.9    171.06    -0.40    -9999
KIEL       061212 3600 200000-210000   00     169.67 1005.2    170.78    -0.56    -9999
KIEL       061212 3600 210000-220000   00     171.07 1004.5    171.31    -0.25    -9999
KIEL       061212 3600 220000-230000   00     170.71 1004.2    170.58    -0.67    -9999
KIEL       061212 3600 230000-240000   00     171.86 1004.1    171.61    -0.07    -9999
KIEL       061213 3600 000000-010000   00     170.66 1004.1    170.41    -0.77    -9999
KIEL       061213 300  010000-010500   00     170.92 1004.3    170.93    -0.47    -9999
KIEL       061213 300  010500-011000   00     170.95 1004.3    170.98    -0.45    -9999
KIEL       061213 300  011000-011500   00     173.03 1004.3    173.08     0.78    -9999
KIEL       061213 300  011500-012000   00     172.05 1004.4    172.12     0.22    -9999
KIEL       061213 300  012000-012500   00     170.35 1004.4    170.44    -0.75    -9999
KIEL       061213 300  012500-013000   00     173.76 1004.4    173.87     1.24    -9999
KIEL       061213 300  013000-013500   00     172.88 1004.4    173.01     0.74    -9999
KIEL       061213 300  013500-014000   00     172.10 1004.4    172.25     0.30    -9999
KIEL       061213 300  014000-014500   00     173.64 1004.4    173.82     1.21    -9999
KIEL       061213 300  014500-015000   00     169.40 1004.5    169.59    -1.25    -9999
KIEL       061213 300  015000-015500   00     169.75 1004.5    169.97    -1.03    -9999
KIEL       061213 300  015500-020000   00     172.04 1004.5    172.27     0.31    -9999
KIEL       061213 300  020000-020500   00     172.36 1004.5    172.61     0.51     0.29
KIEL       061213 300  020500-021000   00     172.20 1004.5    172.45     0.41     0.17
KIEL       061213 300  021000-021500   00     172.48 1004.5    172.73     0.57     0.30
KIEL       061213 300  021500-022000   00     171.01 1004.5    171.25    -0.28    -0.58
KIEL       061213 300  022000-022500   00     172.05 1004.5    172.29     0.33     0.01
KIEL       061213 300  022500-023000   00     170.47 1004.5    170.71    -0.60    -0.95
KIEL       061213 300  023000-023500   00     171.01 1004.5    171.26    -0.28    -0.66
KIEL       061213 300  023500-024000   00     171.36 1004.5    171.61    -0.08    -0.48
KIEL       061213 300  024000-024500   00     168.75 1004.5    169.00    -1.60    -2.03
KIEL       061213 300  024500-025000   00     171.05 1004.5    171.29    -0.26    -0.71
KIEL       061213 300  025000-025500   00     184.57 1004.5    184.84     7.63     7.15
KIEL       061213 300  025500-030000   00     218.63 1004.5    218.95    27.49    26.99
KIEL       061213 300  030000-030500   00     226.46 1004.5    226.80    32.06    31.53
KIEL       061213 300  030500-031000   00     217.68 1004.5    218.07    26.98    26.43
KIEL       061213 300  031000-031500   00     200.04 1004.6    200.44    16.71    16.14
KIEL       061213 300  031500-032000   00     195.47 1004.6    195.91    14.07    13.48
KIEL       061213 300  032000-032500   00     192.22 1004.6    192.70    12.21    11.59
KIEL       061213 300  032500-033000   00     188.30 1004.7    188.82     9.94     9.30
KIEL       061213 300  033000-033500   00     188.27 1004.7    188.83     9.95     9.29
KIEL       061213 300  033500-034000   00     185.87 1004.7    186.47     8.58     7.90
KIEL       061213 300  034000-034500   00     184.72 1004.8    185.36     7.93     7.23
KIEL       061213 300  034500-035000   00     185.95 1004.8    186.64     8.68     7.96
KIEL       061213 300  035000-035500   00     185.27 1004.8    186.00     8.31     7.56
KIEL       061213 300  035500-040000   00     180.41 1004.9    181.16     5.49     4.72
KIEL       061213 300  040000-040500   00     180.45 1004.9    181.25     5.54     4.75
KIEL       061213 300  040500-041000   00     180.10 1004.9    180.95     5.36     4.56
KIEL       061213 300  041000-041500   00     180.39 1005.0    181.28     5.56     4.74
KIEL       061213 300  041500-042000   00     177.41 1005.0    178.32     3.83     2.99
KIEL       061213 300  042000-042500   00     176.32 1005.0    177.27     3.22     2.36
KIEL       061213 300  042500-043000   00     178.08 1005.1    179.08     4.27     3.39
KIEL       061213 300  043000-043500   00     175.30 1005.1    176.33     2.67     1.77
KIEL       061213 300  043500-044000   00     174.36 1005.1    175.43     2.15     1.24
KIEL       061213 300  044000-044500   00     177.04 1005.2    178.16     3.74     2.81
KIEL       061213 300  044500-045000   00     176.69 1005.2    177.86     3.56     2.61
KIEL       061213 300  045000-045500   00     175.39 1005.2    176.59     2.82     1.86
KIEL       061213 300  045500-050000   00     174.77 1005.3    176.01     2.49     1.51
KIEL       061213 300  050000-050500   00     176.48 1005.3    177.78     3.52     2.52
KIEL       061213 300  050500-051000   00     174.52 1005.4    175.89     2.41     1.40
KIEL       061213 300  051000-051500   00     172.08 1005.4    173.50     1.02    -0.01
KIEL       061213 300  051500-052000   00     173.53 1005.5    175.03     1.92     0.88
KIEL       061213 300  052000-052500   00     172.09 1005.6    173.65     1.11     0.06
KIEL       061213 300  052500-053000   00     174.04 1005.6    175.69     2.30     1.23
KIEL       061213 300  053000-053500   00     173.28 1005.7    175.00     1.90     0.82
KIEL       061213 300  053500-054000   00     174.60 1005.7    176.41     2.72     1.62
KIEL       061213 300  054000-054500   00     174.26 1005.8    176.14     2.57     1.46
KIEL       061213 300  054500-055000   00     171.32 1005.8    173.24     0.88    -0.24
KIEL       061213 300  055000-055500   00     172.78 1005.9    174.79     1.77     0.64
KIEL       061213 300  055500-060000   00     171.64 1006.0    173.71     1.15     0.00
KIEL       061213 300  060000-060500   00     173.17 1006.0    175.34     2.10     0.94
KIEL       061213 300  060500-061000   00     170.90 1006.1    173.16     0.83    -0.34
KIEL       061213 300  061000-061500   00     170.45 1006.2    172.81     0.62    -0.56
KIEL       061213 300  061500-062000   00     173.80 1006.3    176.31     2.66     1.47
KIEL       061213 300  062000-062500   00     173.04 1006.4    175.64     2.27     1.07
KIEL       061213 300  062500-063000   00     171.09 1006.5    173.77     1.18    -0.03
KIEL       061213 300  063000-063500   00     172.89 1006.5    175.70     2.30     1.08
KIEL       061213 300  063500-064000   00     168.17 1006.6    171.01    -0.43    -1.66
KIEL       061213 300  064000-064500   00     170.89 1006.7    173.88     1.25     0.01
KIEL       061213 300  064500-065000   00     171.26 1006.8    174.35     1.52     0.27
KIEL       061213 300  065000-065500   00     169.27 1006.9    172.43     0.40    -0.85
KIEL       061213 300  065500-070000   00     171.15 1007.0    174.45     1.58     0.32
KIEL       061213 300  070000-070500   00     174.04 1007.0    177.46     3.33     2.06
KIEL       061213 300  070500-071000   00     170.95 1007.0    174.31     1.50     0.22
KIEL       061213 300  071000-071500   00     170.69 1007.0    174.04     1.34     0.06
KIEL       061213 300  071500-072000   00     168.34 1007.0    171.65    -0.05    -1.34
KIEL       061213 300  072000-072500   00     169.99 1007.0    173.33     0.93    -0.37
KIEL       061213 300  072500-073000   00     170.55 1007.0    173.90     1.26    -0.04
KIEL       061213 300  073000-073500   00     167.44 1007.0    170.73    -0.59    -1.90
KIEL       061213 300  073500-074000   00     169.31 1007.0    172.64     0.53    -0.78
KIEL       061213 300  074000-074500   00     171.29 1007.0    174.65     1.70     0.38
KIEL       061213 300  074500-075000   00     171.87 1007.0    175.25     2.05     0.73
KIEL       061213 300  075000-075500   00     168.98 1007.0    172.30     0.33    -0.99
KIEL       061213 300  075500-080000   00     171.58 1007.0    174.95     1.87     0.54
KIEL       061213 3600 080000-090000   00     168.74 1008.1    173.43     0.99    -9999
KIEL       061213 3600 090000-100000   00     168.61 1009.1    174.54     1.63    -9999
KIEL       061213 3600 100000-110000   00     167.45 1009.5    173.85     1.23    -9999
KIEL       061213 3600 110000-120000   00     167.11 1009.8    173.87     1.24    -9999
KIEL       061213 3600 120000-130000   00     166.99 1009.9    173.87     1.24    -9999
KIEL       061213 3600 130000-140000   00     165.86 1009.9    172.69     0.56    -9999
KIEL       061213 3600 140000-150000   00     166.26 1010.0    173.24     0.87    -9999
KIEL       061213 3600 150000-160000   00     165.64 1010.0    172.59     0.49    -9999
KIEL       061213 3600 160000-170000   00     166.35 1009.4    172.58     0.49    -9999
KIEL       061213 3600 170000-180000   00     166.85 1008.7    172.23     0.29    -9999
KIEL       061213 3600 180000-190000   00     166.07 1008.5    171.17    -0.33    -9999
KIEL       061213 3600 190000-200000   00     167.19 1007.7    171.34    -0.23    -9999
KIEL       061213 3600 200000-210000   00     167.38 1007.4    171.17    -0.33    -9999
KIEL       061213 3600 210000-220000   00     167.36 1007.1    170.77    -0.56    -9999
KIEL       061213 3600 220000-230000   00     166.66 1007.3    170.30    -0.84    -9999
KIEL       061213 3600 230000-240000   00     166.27 1007.2    169.78    -1.14    -9999
*
"Comment: The Clock of Regisrator is supporting by InternetClockServer;"
COMMENT UNIVERISTY OF OULU: FILE GENERATED FROM DATABASE AND OBTAINED FROM
COMMENT https://gle.oulu.fi at 2023-02-24 11:29:29 +00:00
COMMENT FOR HISTORICAL/ORIGINAL TEXT FILES SEE https://gle.oulu.fi/txtarchive/
COMMENT ORIGINAL AT https://gle.oulu.fi/txtarchive/GLE70/C070KIEL_cor.DAT
COMMENT DETRENDED DATA SHOW -9999 IF EQUAL TO INC% COLUMN 