BARENSBURG LATITUDE    78.12     LONGITUDE     14.42     ALTITUDE    0 M
BARENSBURG INSTRUMENT   6NM64    NEUTRON MONITOR     	
BARENSBURG STANDARD PRESSURE    1000    mB     COEFFICIENT   -0.74     % / mB
BARENSBURG PRE-INCREASE BASELINE TIME INTERVAL    061213    010000-020000   UT
BARENSBURG PRE-INCREASE AVERAGE COUNTING RATE    144.71      COUNTS PER SECOND
BARENSBURG TIME INTERVALS    300         3600     
BARENSBURG SCALE FACTORS     1           1        
STATION    YYMMDD  SEC   TIME (UT)   CODE    UNCORR. PRESS.    CORR.    % INC.	DETRENDED
                         INTERVAL    TD      C/S     (mB)      C/S
BARENSBURG 061212 3600 000000-010000   00    -999.00 -999.0    143.63    -0.70    -9999
BARENSBURG 061212 3600 010000-020000   00    -999.00 -999.0    144.03    -0.50    -9999
BARENSBURG 061212 3600 020000-030000   00    -999.00 -999.0    143.41    -0.90    -9999
BARENSBURG 061212 3600 030000-040000   00    -999.00 -999.0    144.06    -0.40    -9999
BARENSBURG 061212 3600 040000-050000   00    -999.00 -999.0    144.25    -0.30    -9999
BARENSBURG 061212 3600 050000-060000   00    -999.00 -999.0    143.98    -0.50    -9999
BARENSBURG 061212 3600 060000-070000   00    -999.00 -999.0    144.36    -0.20    -9999
BARENSBURG 061212 3600 070000-080000   00    -999.00 -999.0    144.54    -0.10    -9999
BARENSBURG 061212 3600 080000-090000   00    -999.00 -999.0    144.24    -0.30    -9999
BARENSBURG 061212 3600 090000-100000   00    -999.00 -999.0    144.92     0.10    -9999
BARENSBURG 061212 3600 100000-110000   00    -999.00 -999.0    144.36    -0.20    -9999
BARENSBURG 061212 3600 110000-120000   00    -999.00 -999.0    144.56    -0.10    -9999
BARENSBURG 061212 3600 120000-130000   00    -999.00 -999.0    144.62    -0.10    -9999
BARENSBURG 061212 3600 130000-140000   00    -999.00 -999.0    144.66     0.00    -9999
BARENSBURG 061212 3600 140000-150000   00    -999.00 -999.0    145.34     0.40    -9999
BARENSBURG 061212 3600 150000-160000   00    -999.00 -999.0    145.15     0.30    -9999
BARENSBURG 061212 3600 160000-170000   00    -999.00 -999.0    145.27     0.40    -9999
BARENSBURG 061212 3600 170000-180000   00    -999.00 -999.0    144.84     0.10    -9999
BARENSBURG 061212 3600 180000-190000   00    -999.00 -999.0    144.47    -0.20    -9999
BARENSBURG 061212 3600 190000-200000   00    -999.00 -999.0    144.81     0.10    -9999
BARENSBURG 061212 3600 200000-210000   00    -999.00 -999.0    145.12     0.30    -9999
BARENSBURG 061212 3600 210000-220000   00    -999.00 -999.0    144.84     0.10    -9999
BARENSBURG 061212 3600 220000-230000   00    -999.00 -999.0    144.41    -0.20    -9999
BARENSBURG 061212 3600 230000-240000   00    -999.00 -999.0    144.59    -0.10    -9999
BARENSBURG 061213 300  000000-000500   00     211.03  962.3    144.72     0.00    -9999
BARENSBURG 061213 300  000500-001000   00     209.36  962.3    143.58    -0.80    -9999
BARENSBURG 061213 300  001000-001500   00     210.74  962.3    144.56    -0.10    -9999
BARENSBURG 061213 300  001500-002000   00     211.11  962.3    144.84     0.10    -9999
BARENSBURG 061213 300  002000-002500   00     211.74  962.4    145.38     0.50    -9999
BARENSBURG 061213 300  002500-003000   00     209.20  962.4    143.67    -0.70    -9999
BARENSBURG 061213 300  003000-003500   00     210.81  962.4    144.68     0.00    -9999
BARENSBURG 061213 300  003500-004000   00     210.08  962.4    144.30    -0.30    -9999
BARENSBURG 061213 300  004000-004500   00     212.09  962.4    145.67     0.70    -9999
BARENSBURG 061213 300  004500-005000   00     212.23  962.4    145.79     0.70    -9999
BARENSBURG 061213 300  005000-005500   00     210.08  962.4    144.29    -0.30    -9999
BARENSBURG 061213 300  005500-010000   00     211.79  962.3    145.35     0.40    -9999
BARENSBURG 061213 300  010000-010500   00     211.53  962.3    145.16     0.30    -9999
BARENSBURG 061213 300  010500-011000   00     211.46  962.4    145.13     0.30    -9999
BARENSBURG 061213 300  011000-011500   00     211.43  962.4    145.21     0.30    -9999
BARENSBURG 061213 300  011500-012000   00     211.53  962.5    145.39     0.50    -9999
BARENSBURG 061213 300  012000-012500   00     211.18  962.6    145.26     0.40    -9999
BARENSBURG 061213 300  012500-013000   00     210.20  962.7    144.75     0.00    -9999
BARENSBURG 061213 300  013000-013500   00     208.54  962.8    143.71    -0.70    -9999
BARENSBURG 061213 300  013500-014000   00     207.33  962.8    142.97    -1.20    -9999
BARENSBURG 061213 300  014000-014500   00     210.26  962.9    145.04     0.20    -9999
BARENSBURG 061213 300  014500-015000   00     211.58  962.8    145.89     0.80    -9999
BARENSBURG 061213 300  015000-015500   00     209.12  962.8    144.20    -0.40    -9999
BARENSBURG 061213 300  015500-020000   00     208.57  962.8    143.83    -0.60    -9999
BARENSBURG 061213 300  020000-020500   00     207.16  962.9    142.94    -1.20    -1.27
BARENSBURG 061213 300  020500-021000   00     210.59  962.9    145.37     0.50     0.42
BARENSBURG 061213 300  021000-021500   00     210.07  962.9    144.96     0.20     0.10
BARENSBURG 061213 300  021500-022000   00     210.05  962.9    144.98     0.20     0.09
BARENSBURG 061213 300  022000-022500   00     209.97  963.0    144.96     0.20     0.08
BARENSBURG 061213 300  022500-023000   00     210.53  963.0    145.35     0.40     0.27
BARENSBURG 061213 300  023000-023500   00     210.79  963.0    145.64     0.60     0.45
BARENSBURG 061213 300  023500-024000   00     209.01  963.0    144.44    -0.20    -0.36
BARENSBURG 061213 300  024000-024500   00     210.45  963.1    145.51     0.60     0.43
BARENSBURG 061213 300  024500-025000   00     209.25  963.2    144.76     0.00    -0.18
BARENSBURG 061213 300  025000-025500   00     211.69  963.1    146.43     1.20     1.00
BARENSBURG 061213 300  025500-030000   00     213.02  963.1    147.29     1.80     1.59
BARENSBURG 061213 300  030000-030500   00     217.25  963.1    150.16     3.80     3.58
BARENSBURG 061213 300  030500-031000   00     226.03  963.0    156.20     7.90     7.67
BARENSBURG 061213 300  031000-031500   00     240.39  963.0    166.09    14.80    14.55
BARENSBURG 061213 300  031500-032000   00     261.55  963.0    180.69    24.90    24.64
BARENSBURG 061213 300  032000-032500   00     273.51  963.0    188.89    30.50    30.23
BARENSBURG 061213 300  032500-033000   00     287.54  963.0    198.54    37.20    36.92
BARENSBURG 061213 300  033000-033500   00     279.37  963.0    192.96    33.30    33.01
BARENSBURG 061213 300  033500-034000   00     270.50  963.1    186.94    29.20    28.90
BARENSBURG 061213 300  034000-034500   00     263.99  963.1    182.55    26.10    25.78
BARENSBURG 061213 300  034500-035000   00     262.72  963.1    181.70    25.60    25.27
BARENSBURG 061213 300  035000-035500   00     261.55  963.2    181.01    25.10    24.76
BARENSBURG 061213 300  035500-040000   00     256.22  963.2    177.40    22.60    22.25
BARENSBURG 061213 300  040000-040500   00     252.30  963.3    174.73    20.70    20.34
BARENSBURG 061213 300  040500-041000   00     251.04  963.3    173.89    20.20    19.83
BARENSBURG 061213 300  041000-041500   00     251.53  963.3    174.21    20.40    20.01
BARENSBURG 061213 300  041500-042000   00     247.15  963.3    171.15    18.30    17.90
BARENSBURG 061213 300  042000-042500   00     247.82  963.3    171.63    18.60    18.19
BARENSBURG 061213 300  042500-043000   00     248.13  963.3    171.88    18.80    18.38
BARENSBURG 061213 300  043000-043500   00     244.26  963.3    169.24    17.00    16.57
BARENSBURG 061213 300  043500-044000   00     242.92  963.3    168.27    16.30    15.86
BARENSBURG 061213 300  044000-044500   00     239.50  963.2    165.80    14.60    14.15
BARENSBURG 061213 300  044500-045000   00     240.81  963.3    166.76    15.20    14.74
BARENSBURG 061213 300  045000-045500   00     236.84  963.3    164.15    13.40    12.93
BARENSBURG 061213 300  045500-050000   00     232.74  963.4    161.33    11.50    11.02
BARENSBURG 061213 300  050000-050500   00     231.01  963.4    160.13    10.70    10.21
BARENSBURG 061213 300  050500-051000   00     232.18  963.4    160.96    11.20    10.70
BARENSBURG 061213 300  051000-051500   00     229.63  963.4    159.17    10.00     9.49
BARENSBURG 061213 300  051500-052000   00     231.26  963.3    160.28    10.80    10.27
BARENSBURG 061213 300  052000-052500   00     228.50  963.4    158.53     9.60     9.06
BARENSBURG 061213 300  052500-053000   00     227.06  963.5    157.65     8.90     8.35
BARENSBURG 061213 300  053000-053500   00     230.31  963.6    160.00    10.60    10.04
BARENSBURG 061213 300  053500-054000   00     224.67  963.6    156.13     7.90     7.33
BARENSBURG 061213 300  054000-054500   00     224.61  963.7    156.19     7.90     7.32
BARENSBURG 061213 300  054500-055000   00     223.10  963.7    155.22     7.30     6.71
BARENSBURG 061213 300  055000-055500   00     223.11  963.7    155.19     7.20     6.60
BARENSBURG 061213 300  055500-060000   00     222.24  963.7    154.52     6.80     6.19
BARENSBURG 061213 300  060000-060500   00     220.55  963.7    153.42     6.00     5.38
BARENSBURG 061213 300  060500-061000   00     222.37  963.8    154.80     7.00     6.37
BARENSBURG 061213 300  061000-061500   00     222.05  963.8    154.65     6.90     6.26
BARENSBURG 061213 300  061500-062000   00     221.05  963.9    154.01     6.40     5.76
BARENSBURG 061213 300  062000-062500   00     220.47  963.9    153.63     6.20     5.55
BARENSBURG 061213 300  062500-063000   00     218.35  963.9    152.15     5.10     4.44
BARENSBURG 061213 300  063000-063500   00     220.86  963.9    153.99     6.40     5.73
BARENSBURG 061213 300  063500-064000   00     218.13  964.0    152.19     5.20     4.52
BARENSBURG 061213 300  064000-064500   00     218.18  964.0    152.29     5.20     4.51
BARENSBURG 061213 300  064500-065000   00     217.57  964.1    151.89     5.00     4.30
BARENSBURG 061213 300  065000-065500   00     216.50  964.0    151.10     4.40     3.69
BARENSBURG 061213 300  065500-070000   00     216.81  964.0    151.34     4.60     3.88
BARENSBURG 061213 300  070000-070500   00     216.43  964.1    151.12     4.40     3.67
BARENSBURG 061213 300  070500-071000   00     215.80  964.1    150.74     4.20     3.46
BARENSBURG 061213 300  071000-071500   00     216.69  964.1    151.38     4.60     3.85
BARENSBURG 061213 300  071500-072000   00     215.60  964.2    150.68     4.10     3.35
BARENSBURG 061213 300  072000-072500   00     214.72  964.2    150.13     3.70     2.94
BARENSBURG 061213 300  072500-073000   00     214.94  964.2    150.29     3.90     3.13
BARENSBURG 061213 300  073000-073500   00     213.68  964.3    149.52     3.30     2.52
BARENSBURG 061213 300  073500-074000   00     212.83  964.3    148.91     2.90     2.11
BARENSBURG 061213 300  074000-074500   00     216.75  964.3    151.63     4.80     4.00
BARENSBURG 061213 300  074500-075000   00     212.64  964.3    148.86     2.90     2.09
BARENSBURG 061213 300  075000-075500   00     213.96  964.4    149.85     3.60     2.79
BARENSBURG 061213 300  075500-080000   00     213.67  964.4    149.70     3.40     2.58
BARENSBURG 061213 300  080000-080500   00     212.11  964.4    148.60     2.70     1.87
BARENSBURG 061213 300  080500-081000   00     212.66  964.4    148.98     3.00     2.16
BARENSBURG 061213 300  081000-081500   00     215.51  964.4    151.03     4.40     3.55
BARENSBURG 061213 300  081500-082000   00     215.31  964.4    150.87     4.30     3.45
BARENSBURG 061213 300  082000-082500   00     213.54  964.5    149.65     3.40     2.54
BARENSBURG 061213 300  082500-083000   00     213.15  964.5    149.45     3.30     2.43
BARENSBURG 061213 300  083000-083500   00     215.20  964.6    150.99     4.30     3.42
BARENSBURG 061213 300  083500-084000   00     212.66  964.6    149.29     3.20     2.31
BARENSBURG 061213 300  084000-084500   00     211.28  964.6    148.28     2.50     1.61
BARENSBURG 061213 300  084500-085000   00     213.95  964.6    150.19     3.80     2.90
BARENSBURG 061213 300  085000-085500   00     211.02  964.6    148.14     2.40     1.49
BARENSBURG 061213 300  085500-090000   00     211.82  964.7    148.76     2.80     1.88
BARENSBURG 061213 300  090000-090500   00     215.51  964.7    151.43     4.60     3.68
BARENSBURG 061213 300  090500-091000   00     209.45  964.7    147.18     1.70     0.77
BARENSBURG 061213 300  091000-091500   00     213.05  964.7    149.74     3.50     2.56
BARENSBURG 061213 300  091500-092000   00     212.54  964.7    149.38     3.20     2.26
BARENSBURG 061213 300  092000-092500   00     210.13  964.8    147.71     2.10     1.15
BARENSBURG 061213 300  092500-093000   00     210.06  964.8    147.72     2.10     1.14
BARENSBURG 061213 300  093000-093500   00     211.64  964.8    148.89     2.90     1.93
BARENSBURG 061213 300  093500-094000   00     210.51  964.8    148.10     2.30     1.33
BARENSBURG 061213 300  094000-094500   00     212.84  964.8    149.69     3.40     2.42
BARENSBURG 061213 300  094500-095000   00     211.09  964.8    148.48     2.60     1.61
BARENSBURG 061213 300  095000-095500   00     211.24  964.9    148.66     2.70     1.71
BARENSBURG 061213 300  095500-100000   00     210.31  964.9    148.10     2.30     1.30
BARENSBURG 061213 300  100000-100500   00     211.72  965.0    149.16     3.10     2.09
BARENSBURG 061213 300  100500-101000   00     209.56  965.0    147.66     2.00     0.99
BARENSBURG 061213 300  101000-101500   00     211.46  965.0    149.05     3.00     1.98
BARENSBURG 061213 300  101500-102000   00     209.39  965.0    147.57     2.00     0.97
BARENSBURG 061213 300  102000-102500   00     212.62  965.0    149.84     3.50     2.47
BARENSBURG 061213 300  102500-103000   00     206.93  965.0    145.86     0.80    -0.24
BARENSBURG 061213 300  103000-103500   00     209.43  965.1    147.68     2.10     1.06
BARENSBURG 061213 300  103500-104000   00     210.18  965.1    148.21     2.40     1.35
BARENSBURG 061213 300  104000-104500   00     208.80  965.1    147.25     1.80     0.74
BARENSBURG 061213 300  104500-105000   00     210.13  965.1    148.21     2.40     1.34
BARENSBURG 061213 300  105000-105500   00     210.53  965.1    148.57     2.70     1.63
BARENSBURG 061213 300  105500-110000   00     210.59  965.2    148.68     2.70     1.63
BARENSBURG 061213 300  110000-110500   00     210.13  965.2    148.36     2.50     1.42
BARENSBURG 061213 300  110500-111000   00     210.23  965.2    148.44     2.60     1.52
BARENSBURG 061213 300  111000-111500   00     209.39  965.2    147.90     2.20     1.11
BARENSBURG 061213 300  111500-112000   00     209.53  965.2    148.02     2.30     1.20
BARENSBURG 061213 300  112000-112500   00     209.71  965.2    148.10     2.30     1.20
BARENSBURG 061213 300  112500-113000   00     210.12  965.2    148.33     2.50     1.39
BARENSBURG 061213 300  113000-113500   00     211.66  965.2    149.42     3.30     2.19
BARENSBURG 061213 300  113500-114000   00     208.26  965.2    147.05     1.60     0.48
BARENSBURG 061213 300  114000-114500   00     210.65  965.2    148.81     2.80     1.68
BARENSBURG 061213 300  114500-115000   00     210.09  965.3    148.48     2.60     1.47
BARENSBURG 061213 300  115000-115500   00     208.03  965.3    147.03     1.60     0.47
BARENSBURG 061213 300  115500-120000   00     210.00  965.3    148.46     2.60     1.46
BARENSBURG 061213 300  120000-120500   00     208.21  965.3    147.16     1.70     0.56
BARENSBURG 061213 300  120500-121000   00     208.39  965.3    147.26     1.80     0.65
BARENSBURG 061213 300  121000-121500   00     208.36  965.3    147.26     1.80     0.65
BARENSBURG 061213 300  121500-122000   00     208.98  965.3    147.71     2.10     0.94
BARENSBURG 061213 300  122000-122500   00     209.17  965.3    147.86     2.20     1.04
BARENSBURG 061213 300  122500-123000   00     207.61  965.3    146.78     1.40     0.23
BARENSBURG 061213 300  123000-123500   00     208.27  965.3    147.26     1.80     0.63
BARENSBURG 061213 300  123500-124000   00     205.78  965.3    145.49     0.50    -0.68
BARENSBURG 061213 300  124000-124500   00     209.14  965.3    147.81     2.10     0.92
BARENSBURG 061213 300  124500-125000   00     210.23  965.3    148.57     2.70     1.52
BARENSBURG 061213 300  125000-125500   00     209.25  965.3    147.90     2.20     1.01
BARENSBURG 061213 300  125500-130000   00     207.28  965.3    146.56     1.30     0.11
BARENSBURG 061213 300  130000-130500   00     208.77  965.3    147.62     2.00     0.80
BARENSBURG 061213 300  130500-131000   00     207.68  965.4    146.92     1.50     0.30
BARENSBURG 061213 300  131000-131500   00     207.52  965.4    146.87     1.50     0.29
BARENSBURG 061213 300  131500-132000   00     208.37  965.4    147.49     1.90     0.69
BARENSBURG 061213 300  132000-132500   00     207.47  965.4    146.86     1.50     0.29
BARENSBURG 061213 300  132500-133000   00     208.55  965.4    147.59     2.00     0.78
BARENSBURG 061213 300  133000-133500   00     209.34  965.4    148.13     2.40     1.18
BARENSBURG 061213 300  133500-134000   00     208.04  965.4    147.26     1.80     0.58
BARENSBURG 061213 300  134000-134500   00     209.02  965.5    148.00     2.30     1.07
BARENSBURG 061213 300  134500-135000   00     206.69  965.5    146.40     1.20    -0.03
BARENSBURG 061213 300  135000-135500   00     208.39  965.5    147.63     2.00     0.77
BARENSBURG 061213 300  135500-140000   00     207.75  965.5    147.19     1.70     0.46
BARENSBURG 061213 300  140000-140500   00     206.61  965.5    146.32     1.10    -0.14
BARENSBURG 061213 300  140500-141000   00     207.69  965.5    147.10     1.60     0.36
BARENSBURG 061213 300  141000-141500   00     207.82  965.5    147.22     1.70     0.45
BARENSBURG 061213 300  141500-142000   00     207.50  965.5    147.01     1.60     0.35
BARENSBURG 061213 300  142000-142500   00     208.89  965.5    147.95     2.20     0.95
BARENSBURG 061213 300  142500-143000   00     207.03  965.5    146.63     1.30     0.04
BARENSBURG 061213 300  143000-143500   00     206.04  965.5    145.91     0.80    -0.46
BARENSBURG 061213 300  143500-144000   00     206.91  965.5    146.46     1.20    -0.06
BARENSBURG 061213 300  144000-144500   00     206.81  965.4    146.39     1.20    -0.07
BARENSBURG 061213 300  144500-145000   00     207.91  965.5    147.19     1.70     0.43
BARENSBURG 061213 300  145000-145500   00     206.77  965.5    146.40     1.20    -0.07
BARENSBURG 061213 300  145500-150000   00     206.29  965.5    146.07     0.90    -0.37
BARENSBURG 061213 300  150000-150500   00     206.53  965.5    146.23     1.10    -0.18
BARENSBURG 061213 300  150500-151000   00     208.10  965.5    147.35     1.80     0.52
BARENSBURG 061213 300  151000-151500   00     209.15  965.5    148.10     2.30     1.02
BARENSBURG 061213 300  151500-152000   00     205.21  965.5    145.37     0.50    -0.78
BARENSBURG 061213 300  152000-152500   00     206.94  965.5    146.62     1.30     0.01
BARENSBURG 061213 300  152500-153000   00     207.94  965.5    147.34     1.80     0.51
BARENSBURG 061213 300  153000-153500   00     206.62  965.5    146.40     1.20    -0.09
BARENSBURG 061213 300  153500-154000   00     207.86  965.6    147.29     1.80     0.51
BARENSBURG 061213 300  154000-154500   00     208.01  965.5    147.32     1.80     0.51
BARENSBURG 061213 300  154500-155000   00     207.10  965.5    146.62     1.30     0.00
BARENSBURG 061213 300  155000-155500   00     207.95  965.5    147.28     1.80     0.50
BARENSBURG 061213 300  155500-160000   00     208.63  965.6    147.86     2.20     0.90
BARENSBURG 061213 300  160000-160500   00     205.88  965.6    145.92     0.80    -0.50
BARENSBURG 061213 300  160500-161000   00     207.09  965.6    146.81     1.50     0.20
BARENSBURG 061213 300  161000-161500   00     206.55  965.6    146.39     1.20    -0.10
BARENSBURG 061213 300  161500-162000   00     207.15  965.5    146.78     1.40     0.09
BARENSBURG 061213 300  162000-162500   00     204.61  965.5    144.98     0.20    -1.11
BARENSBURG 061213 300  162500-163000   00     207.75  965.5    147.20     1.70     0.39
BARENSBURG 061213 300  163000-163500   00     207.99  965.5    147.35     1.80     0.49
BARENSBURG 061213 300  163500-164000   00     208.12  965.5    147.36     1.80     0.49
BARENSBURG 061213 300  164000-164500   00     206.07  965.5    145.87     0.80    -0.51
BARENSBURG 061213 300  164500-165000   00     207.59  965.5    146.94     1.50     0.19
BARENSBURG 061213 300  165000-165500   00     206.43  965.5    146.24     1.10    -0.21
BARENSBURG 061213 300  165500-170000   00     205.73  965.6    145.87     0.80    -0.52
BARENSBURG 061213 300  170000-170500   00     205.97  965.6    146.06     0.90    -0.42
BARENSBURG 061213 300  170500-171000   00     207.68  965.7    147.36     1.80     0.48
BARENSBURG 061213 300  171000-171500   00     206.35  965.7    146.50     1.20    -0.12
BARENSBURG 061213 300  171500-172000   00     207.16  965.7    147.05     1.60     0.28
BARENSBURG 061213 300  172000-172500   00     207.75  965.7    147.49     1.90     0.58
BARENSBURG 061213 300  172500-173000   00     205.74  965.8    146.09     0.90    -0.42
BARENSBURG 061213 300  173000-173500   00     205.96  965.8    146.26     1.10    -0.22
BARENSBURG 061213 300  173500-174000   00     206.09  965.8    146.43     1.20    -0.12
BARENSBURG 061213 300  174000-174500   00     205.58  965.9    146.16     1.00    -0.32
BARENSBURG 061213 300  174500-175000   00     208.07  965.9    147.96     2.20     0.88
BARENSBURG 061213 300  175000-175500   00     206.53  966.0    146.96     1.60     0.28
BARENSBURG 061213 300  175500-180000   00     205.92  966.0    146.62     1.30    -0.02
BARENSBURG 061213 300  180000-180500   00     203.15  966.1    144.74     0.00    -1.32
BARENSBURG 061213 300  180500-181000   00     205.92  966.1    146.78     1.40    -9999
BARENSBURG 061213 300  181000-181500   00     207.23  966.2    147.81     2.10    -9999
BARENSBURG 061213 300  181500-182000   00     206.12  966.2    147.00     1.60    -9999
BARENSBURG 061213 300  182000-182500   00     206.81  966.2    147.45     1.90    -9999
BARENSBURG 061213 300  182500-183000   00     204.53  966.2    145.81     0.80    -9999
BARENSBURG 061213 300  183000-183500   00     206.33  966.2    147.11     1.70    -9999
BARENSBURG 061213 300  183500-184000   00     204.97  966.2    146.25     1.10    -9999
BARENSBURG 061213 300  184000-184500   00     206.14  966.3    147.12     1.70    -9999
BARENSBURG 061213 300  184500-185000   00     207.04  966.3    147.82     2.10    -9999
BARENSBURG 061213 300  185000-185500   00     206.63  966.4    147.64     2.00    -9999
BARENSBURG 061213 300  185500-190000   00     208.02  966.4    148.72     2.80    -9999
BARENSBURG 061213 300  190000-190500   00     204.29  966.4    146.04     0.90    -9999
BARENSBURG 061213 300  190500-191000   00     204.29  966.4    146.03     0.90    -9999
BARENSBURG 061213 300  191000-191500   00     204.69  966.4    146.30     1.10    -9999
BARENSBURG 061213 300  191500-192000   00     206.16  966.4    147.36     1.80    -9999
BARENSBURG 061213 300  192000-192500   00     204.12  966.5    145.97     0.90    -9999
BARENSBURG 061213 300  192500-193000   00     203.38  966.5    145.53     0.60    -9999
BARENSBURG 061213 300  193000-193500   00     202.37  966.6    144.84     0.10    -9999
BARENSBURG 061213 300  193500-194000   00     205.60  966.6    147.21     1.70    -9999
BARENSBURG 061213 300  194000-194500   00     204.74  966.6    146.63     1.30    -9999
BARENSBURG 061213 300  194500-195000   00     203.72  966.6    145.83     0.80    -9999
BARENSBURG 061213 300  195000-195500   00     204.25  966.5    146.16     1.00    -9999
BARENSBURG 061213 300  195500-200000   00     204.43  966.6    146.31     1.10    -9999
BARENSBURG 061213 300  200000-200500   00     201.78  966.6    144.43    -0.20    -9999
BARENSBURG 061213 300  200500-201000   00     204.92  966.6    146.73     1.40    -9999
BARENSBURG 061213 300  201000-201500   00     205.23  966.7    147.04     1.60    -9999
BARENSBURG 061213 300  201500-202000   00     204.75  966.8    146.86     1.50    -9999
BARENSBURG 061213 300  202000-202500   00     204.33  966.8    146.59     1.30    -9999
BARENSBURG 061213 300  202500-203000   00     204.47  966.8    146.66     1.30    -9999
BARENSBURG 061213 300  203000-203500   00     205.09  966.8    147.11     1.70    -9999
BARENSBURG 061213 300  203500-204000   00     203.70  966.8    146.20     1.00    -9999
BARENSBURG 061213 300  204000-204500   00     204.68  966.9    146.97     1.60    -9999
BARENSBURG 061213 300  204500-205000   00     205.06  966.9    147.22     1.70    -9999
BARENSBURG 061213 300  205000-205500   00     203.63  967.0    146.34     1.10    -9999
BARENSBURG 061213 300  205500-210000   00     203.22  966.9    146.00     0.90    -9999
BARENSBURG 061213 300  210000-210500   00     204.63  966.9    146.95     1.50    -9999
BARENSBURG 061213 300  210500-211000   00     203.93  966.9    146.45     1.20    -9999
BARENSBURG 061213 300  211000-211500   00     204.28  966.9    146.72     1.40    -9999
BARENSBURG 061213 300  211500-212000   00     204.16  966.9    146.58     1.30    -9999
BARENSBURG 061213 300  212000-212500   00     205.03  966.8    147.17     1.70    -9999
BARENSBURG 061213 300  212500-213000   00     206.93  966.9    148.60     2.70    -9999
BARENSBURG 061213 300  213000-213500   00     202.92  966.9    145.74     0.70    -9999
BARENSBURG 061213 300  213500-214000   00     202.50  966.9    145.47     0.50    -9999
BARENSBURG 061213 300  214000-214500   00     203.38  967.0    146.16     1.00    -9999
BARENSBURG 061213 300  214500-215000   00     206.13  966.9    148.10     2.30    -9999
BARENSBURG 061213 300  215000-215500   00     203.81  966.9    146.36     1.10    -9999
BARENSBURG 061213 300  215500-220000   00     203.04  966.9    145.89     0.80    -9999
BARENSBURG 061213 300  220000-220500   00     202.55  967.0    145.58     0.60    -9999
BARENSBURG 061213 300  220500-221000   00     204.89  967.0    147.32     1.80    -9999
BARENSBURG 061213 300  221000-221500   00     202.60  967.0    145.69     0.70    -9999
BARENSBURG 061213 300  221500-222000   00     203.51  967.0    146.36     1.10    -9999
BARENSBURG 061213 300  222000-222500   00     203.75  967.0    146.45     1.20    -9999
BARENSBURG 061213 300  222500-223000   00     203.67  967.0    146.38     1.20    -9999
BARENSBURG 061213 300  223000-223500   00     203.62  967.0    146.39     1.20    -9999
BARENSBURG 061213 300  223500-224000   00     204.29  967.0    146.83     1.50    -9999
BARENSBURG 061213 300  224000-224500   00     204.20  966.9    146.72     1.40    -9999
BARENSBURG 061213 300  224500-225000   00     203.66  966.9    146.31     1.10    -9999
BARENSBURG 061213 300  225000-225500   00     203.40  966.9    146.08     0.90    -9999
BARENSBURG 061213 300  225500-230000   00     205.82  966.9    147.87     2.20    -9999
BARENSBURG 061213 300  230000-230500   00     203.54  966.9    146.24     1.10    -9999
BARENSBURG 061213 300  230500-231000   00     202.62  967.0    145.62     0.60    -9999
BARENSBURG 061213 300  231000-231500   00     202.84  967.0    145.86     0.80    -9999
BARENSBURG 061213 300  231500-232000   00     204.67  967.0    147.21     1.70    -9999
BARENSBURG 061213 300  232000-232500   00     205.22  967.0    147.61     2.00    -9999
BARENSBURG 061213 300  232500-233000   00     204.17  967.0    146.79     1.40    -9999
BARENSBURG 061213 300  233000-233500   00     201.82  967.0    145.04     0.20    -9999
BARENSBURG 061213 300  233500-234000   00     204.94  966.9    147.22     1.70    -9999
BARENSBURG 061213 300  234000-234500   00     204.31  966.9    146.77     1.40    -9999
BARENSBURG 061213 300  234500-235000   00     204.26  966.9    146.72     1.40    -9999
BARENSBURG 061213 300  235000-235500   00     204.99  966.9    147.26     1.80    -9999
BARENSBURG 061213 300  235500-240000   00    -999.00 -999.0   -999.00    -9999    -9999
*
"Comment: The Clock of Regisrator is supporting by GPS;"
COMMENT UNIVERISTY OF OULU: FILE GENERATED FROM DATABASE AND OBTAINED FROM
COMMENT https://gle.oulu.fi at 2023-02-24 11:29:29 +00:00
COMMENT FOR HISTORICAL/ORIGINAL TEXT FILES SEE https://gle.oulu.fi/txtarchive/
COMMENT ORIGINAL AT https://gle.oulu.fi/txtarchive/GLE70/C070BRBG_cor.DAT
COMMENT DETRENDED DATA SHOW -9999 IF EQUAL TO INC% COLUMN 