IRKUTSK    LATITUDE    52.1      LONGITUDE     104       ALTITUDE    433 M
IRKUTSK    INSTRUMENT   18NM64    NEUTRON MONITOR     
IRKUTSK    STANDARD PRESSURE    956.5   mb     COEFFICIENT   -0.713    % / mb
IRKUTSK    PRE-INCREASE BASELINE TIME INTERVAL    061213    010000-020000   UT
IRKUTSK    PRE-INCREASE AVERAGE COUNTING RATE    221.08      COUNTS PER SECOND
IRKUTSK    TIME INTERVALS    300         3600     
IRKUTSK    SCALE FACTORS     1           1        
STATION    YYMMDD  SEC   TIME (UT)   CODE    UNCORR. PRESS.    CORR.    % INC.	DETRENDED
                         INTERVAL    TD      C/S     (mb)      C/S
IRKUTSK    061212 3600 000000-010000   00     223.82  954.1    220.04    -0.47    -9999
IRKUTSK    061212 3600 010000-020000   00     223.38  954.1    219.57    -0.68    -9999
IRKUTSK    061212 3600 020000-030000   00     223.83  954.3    220.34    -0.33    -9999
IRKUTSK    061212 3600 030000-040000   00     223.76  954.3    220.31    -0.35    -9999
IRKUTSK    061212 3600 040000-050000   00     225.11  954.3    221.56     0.21    -9999
IRKUTSK    061212 3600 050000-060000   00     225.00  954.2    221.36     0.12    -9999
IRKUTSK    061212 3600 060000-070000   00     224.77  955.2    222.63     0.70    -9999
IRKUTSK    061212 3600 070000-080000   00     222.26  956.5    222.24     0.52    -9999
IRKUTSK    061212 3600 080000-090000   00     217.81  958.1    220.28    -0.36    -9999
IRKUTSK    061212 3600 090000-100000   00     216.30  959.0    220.24    -0.38    -9999
IRKUTSK    061212 3600 100000-110000   00     215.44  960.0    220.93    -0.07    -9999
IRKUTSK    061212 3600 110000-120000   00     213.88  960.7    220.35    -0.33    -9999
IRKUTSK    061212 3600 120000-130000   00     212.25  961.2    219.49    -0.72    -9999
IRKUTSK    061212 3600 130000-140000   00     212.99  961.0    219.95    -0.51    -9999
IRKUTSK    061212 3600 140000-150000   00     212.89  960.8    219.52    -0.71    -9999
IRKUTSK    061212 3600 150000-160000   00     213.23  960.5    219.44    -0.74    -9999
IRKUTSK    061212 3600 160000-170000   00     214.37  960.0    219.82    -0.57    -9999
IRKUTSK    061212 3600 170000-180000   00     215.15  959.5    219.74    -0.61    -9999
IRKUTSK    061212 3600 180000-190000   00     216.02  958.9    219.81    -0.57    -9999
IRKUTSK    061212 3600 190000-200000   00     216.10  958.4    219.12    -0.89    -9999
IRKUTSK    061212 3600 200000-210000   00     217.49  957.9    219.72    -0.62    -9999
IRKUTSK    061212 3600 210000-220000   00     218.37  957.4    219.82    -0.57    -9999
IRKUTSK    061212 3600 220000-230000   00     219.21  957.0    219.93    -0.52    -9999
IRKUTSK    061212 3600 230000-240000   00     220.07  956.7    220.32    -0.34    -9999
IRKUTSK    061213 3600 000000-010000   00     219.42  956.6    219.57    -0.68    -9999
IRKUTSK    061213 300  010000-010500   00     221.44  956.5    221.43     0.16    -9999
IRKUTSK    061213 300  010500-011000   00     219.93  956.5    219.90    -0.54    -9999
IRKUTSK    061213 300  011000-011500   00     219.63  956.4    219.56    -0.69    -9999
IRKUTSK    061213 300  011500-012000   00     221.14  956.4    221.04    -0.02    -9999
IRKUTSK    061213 300  012000-012500   00     220.77  956.4    220.65    -0.20    -9999
IRKUTSK    061213 300  012500-013000   00     221.35  956.4    221.20     0.06    -9999
IRKUTSK    061213 300  013000-013500   00     221.73  956.4    221.55     0.21    -9999
IRKUTSK    061213 300  013500-014000   00     221.58  956.4    221.37     0.13    -9999
IRKUTSK    061213 300  014000-014500   00     219.25  956.3    219.02    -0.93    -9999
IRKUTSK    061213 300  014500-015000   00     223.39  956.3    223.13     0.93    -9999
IRKUTSK    061213 300  015000-015500   00     222.88  956.3    222.59     0.68    -9999
IRKUTSK    061213 300  015500-020000   00     219.89  956.3    219.58    -0.68    -9999
IRKUTSK    061213 300  020000-020500   00     220.98  956.3    220.63    -0.20    -0.20
IRKUTSK    061213 300  020500-021000   00     219.38  956.2    219.00    -0.94    -0.95
IRKUTSK    061213 300  021000-021500   00     224.95  956.2    224.51     1.55     1.53
IRKUTSK    061213 300  021500-022000   00     221.25  956.2    220.78    -0.13    -0.16
IRKUTSK    061213 300  022000-022500   00     222.75  956.2    222.23     0.52     0.48
IRKUTSK    061213 300  022500-023000   00     222.22  956.1    221.66     0.26     0.21
IRKUTSK    061213 300  023000-023500   00     223.16  956.1    222.56     0.67     0.61
IRKUTSK    061213 300  023500-024000   00     225.54  956.1    224.89     1.72     1.65
IRKUTSK    061213 300  024000-024500   00     222.48  956.1    221.80     0.32     0.24
IRKUTSK    061213 300  024500-025000   00     223.70  956.0    222.96     0.85     0.77
IRKUTSK    061213 300  025000-025500   00     221.33  956.0    220.57    -0.23    -0.32
IRKUTSK    061213 300  025500-030000   00     223.41  956.0    222.59     0.68     0.58
IRKUTSK    061213 300  030000-030500   00     226.22  955.9    225.35     1.93     1.82
IRKUTSK    061213 300  030500-031000   00     229.88  955.9    228.94     3.56     3.44
IRKUTSK    061213 300  031000-031500   00     229.05  955.9    228.08     3.17     3.05
IRKUTSK    061213 300  031500-032000   00     232.30  955.9    231.27     4.61     4.48
IRKUTSK    061213 300  032000-032500   00     230.72  955.8    229.64     3.87     3.73
IRKUTSK    061213 300  032500-033000   00     226.78  955.8    225.68     2.08     1.94
IRKUTSK    061213 300  033000-033500   00     230.23  955.8    229.07     3.61     3.46
IRKUTSK    061213 300  033500-034000   00     230.02  955.8    228.81     3.50     3.34
IRKUTSK    061213 300  034000-034500   00     229.91  955.7    228.65     3.42     3.26
IRKUTSK    061213 300  034500-035000   00     229.12  955.7    227.83     3.05     2.88
IRKUTSK    061213 300  035000-035500   00     228.20  955.7    226.86     2.61     2.44
IRKUTSK    061213 300  035500-040000   00     229.08  955.6    227.70     2.99     2.81
IRKUTSK    061213 300  040000-040500   00     228.56  955.6    227.13     2.74     2.55
IRKUTSK    061213 300  040500-041000   00     227.32  955.6    225.88     2.17     1.98
IRKUTSK    061213 300  041000-041500   00     230.62  955.6    229.14     3.65     3.46
IRKUTSK    061213 300  041500-042000   00     227.46  955.6    225.97     2.21     2.01
IRKUTSK    061213 300  042000-042500   00     227.86  955.6    226.34     2.38     2.18
IRKUTSK    061213 300  042500-043000   00     227.34  955.5    225.81     2.14     1.93
IRKUTSK    061213 300  043000-043500   00     227.11  955.5    225.55     2.02     1.81
IRKUTSK    061213 300  043500-044000   00     228.20  955.5    226.61     2.50     2.29
IRKUTSK    061213 300  044000-044500   00     227.82  955.5    226.20     2.32     2.10
IRKUTSK    061213 300  044500-045000   00     226.32  955.5    224.70     1.64     1.42
IRKUTSK    061213 300  045000-045500   00     226.98  955.5    225.33     1.92     1.70
IRKUTSK    061213 300  045500-050000   00     226.54  955.4    224.86     1.71     1.48
IRKUTSK    061213 300  050000-050500   00     224.34  955.4    222.66     0.72     0.49
IRKUTSK    061213 300  050500-051000   00     225.94  955.4    224.25     1.43     1.20
IRKUTSK    061213 300  051000-051500   00     226.31  955.4    224.61     1.59     1.36
IRKUTSK    061213 300  051500-052000   00     225.76  955.4    224.06     1.34     1.11
IRKUTSK    061213 300  052000-052500   00     225.02  955.4    223.32     1.02     0.78
IRKUTSK    061213 300  052500-053000   00     227.21  955.4    225.49     1.99     1.75
IRKUTSK    061213 300  053000-053500   00     223.06  955.4    221.37     0.13    -0.11
IRKUTSK    061213 300  053500-054000   00     224.39  955.4    222.68     0.72     0.48
IRKUTSK    061213 300  054000-054500   00     221.32  955.4    219.63    -0.65    -0.89
IRKUTSK    061213 300  054500-055000   00     225.67  955.4    223.94     1.29     1.05
IRKUTSK    061213 300  055000-055500   00     225.69  955.4    223.96     1.30     1.06
IRKUTSK    061213 300  055500-060000   00     224.50  955.4    222.76     0.76     0.52
IRKUTSK    061213 300  060000-060500   00     223.17  955.4    221.44     0.16    -0.08
IRKUTSK    061213 300  060500-061000   00     225.45  955.4    223.70     1.18     0.94
IRKUTSK    061213 300  061000-061500   00     225.44  955.4    223.68     1.18     0.94
IRKUTSK    061213 300  061500-062000   00     223.59  955.4    221.85     0.34     0.10
IRKUTSK    061213 300  062000-062500   00     226.07  955.4    224.30     1.46     1.23
IRKUTSK    061213 300  062500-063000   00     223.86  955.4    222.10     0.46     0.23
IRKUTSK    061213 300  063000-063500   00     221.95  955.4    220.20    -0.40    -0.63
IRKUTSK    061213 300  063500-064000   00     224.37  955.4    222.60     0.69     0.46
IRKUTSK    061213 300  064000-064500   00     222.51  955.4    220.75    -0.15    -0.38
IRKUTSK    061213 300  064500-065000   00     224.39  955.4    222.62     0.70     0.48
IRKUTSK    061213 300  065000-065500   00     225.62  955.4    223.83     1.24     1.02
IRKUTSK    061213 300  065500-070000   00     224.14  955.4    222.36     0.58     0.36
IRKUTSK    061213 300  070000-070500   00     226.47  955.4    224.67     1.62     1.40
IRKUTSK    061213 300  070500-071000   00     226.19  955.4    224.39     1.50     1.29
IRKUTSK    061213 300  071000-071500   00     224.59  955.4    222.80     0.78     0.57
IRKUTSK    061213 300  071500-072000   00     224.24  955.4    222.46     0.62     0.41
IRKUTSK    061213 300  072000-072500   00     223.58  955.4    221.80     0.33     0.13
IRKUTSK    061213 300  072500-073000   00     224.70  955.4    222.92     0.83     0.63
IRKUTSK    061213 300  073000-073500   00     223.40  955.4    221.63     0.25     0.06
IRKUTSK    061213 300  073500-074000   00     223.30  955.4    221.52     0.20     0.01
IRKUTSK    061213 300  074000-074500   00     222.77  955.4    221.00    -0.04    -0.22
IRKUTSK    061213 300  074500-075000   00     223.67  955.4    221.89     0.37     0.19
IRKUTSK    061213 300  075000-075500   00     222.42  955.4    220.65    -0.19    -0.36
IRKUTSK    061213 300  075500-080000   00     224.53  955.4    222.74     0.75     0.58
IRKUTSK    061213 3600 080000-090000   00     223.02  955.9    222.03     0.43    -9999
IRKUTSK    061213 3600 090000-100000   00     221.36  956.4    221.19     0.05    -9999
IRKUTSK    061213 3600 100000-110000   00     220.38  956.9    221.04    -0.02    -9999
IRKUTSK    061213 3600 110000-120000   00     218.91  957.3    220.14    -0.43    -9999
IRKUTSK    061213 3600 120000-130000   00     218.00  957.6    219.68    -0.63    -9999
IRKUTSK    061213 3600 130000-140000   00     217.39  958.0    219.71    -0.62    -9999
IRKUTSK    061213 3600 140000-150000   00     216.42  958.5    219.49    -0.72    -9999
IRKUTSK    061213 3600 150000-160000   00     216.14  958.8    219.80    -0.58    -9999
IRKUTSK    061213 3600 160000-170000   00     213.99  959.0    217.85    -1.46    -9999
IRKUTSK    061213 3600 170000-180000   00     215.51  959.3    219.85    -0.56    -9999
IRKUTSK    061213 3600 180000-190000   00     215.41  959.5    220.03    -0.48    -9999
IRKUTSK    061213 3600 190000-200000   00     214.06  959.7    219.07    -0.91    -9999
IRKUTSK    061213 3600 200000-210000   00     213.39  960.0    218.75    -1.05    -9999
IRKUTSK    061213 3600 210000-220000   00     213.44  960.3    219.35    -0.78    -9999
IRKUTSK    061213 3600 220000-230000   00     212.88  960.6    219.15    -0.88    -9999
IRKUTSK    061213 3600 230000-240000   00     212.83  960.8    219.40    -0.76    -9999
*
"Comment: The Clock of Regisrator is slow on -8 sec;"
COMMENT UNIVERISTY OF OULU: FILE GENERATED FROM DATABASE AND OBTAINED FROM
COMMENT https://gle.oulu.fi at 2023-02-24 11:29:29 +00:00
COMMENT FOR HISTORICAL/ORIGINAL TEXT FILES SEE https://gle.oulu.fi/txtarchive/
COMMENT ORIGINAL AT https://gle.oulu.fi/txtarchive/GLE70/C070IRKT_cor.DAT
COMMENT DETRENDED DATA SHOW -9999 IF EQUAL TO INC% COLUMN 