OLC        LATITUDE    -33.49    LONGITUDE     289.28    ALTITUDE    570 M
OLC        INSTRUMENT   6-NM-64  NEUTRON MONITOR
OLC        STANDARD PRESSURE    954.04  mb     COEFFICIENT   -0.74     % / mb
OLC        PRE-INCREASE BASELINE TIME INTERVAL    061213    010000-020000   UT
OLC        PRE-INCREASE AVERAGE COUNTING RATE     65.00      COUNTS PER SECOND
OLC        TIME INTERVALS    300         3600     
OLC        SCALE FACTORS     1           1        
STATION    YYMMDD  SEC   TIME (UT)   CODE    UNCORR. PRESS.    CORR.    % INC.	DETRENDED
                         INTERVAL    TD      C/S     (mb)      C/S
OLC        061212 3600 000000-010000   00      63.94  956.6     65.17     0.30    -9999
OLC        061212 3600 010000-020000   00      63.69  956.7     64.97     0.00    -9999
OLC        061212 3600 020000-030000   00      63.53  957.1     64.99     0.00    -9999
OLC        061212 3600 030000-040000   00      63.81  957.0     65.25     0.40    -9999
OLC        061212 3600 040000-050000   00      63.73  956.7     65.00     0.00    -9999
OLC        061212 3600 050000-060000   00      63.60  956.4     64.72    -0.40    -9999
OLC        061212 3600 060000-070000   00      64.13  956.0     65.08     0.10    -9999
OLC        061212 3600 070000-080000   00      64.31  955.7     65.11     0.20    -9999
OLC        061212 3600 080000-090000   00      64.35  955.8     65.19     0.30    -9999
OLC        061212 3600 090000-100000   00      64.08  956.1     65.04     0.10    -9999
OLC        061212 3600 100000-110000   00      63.78  956.3     64.84    -0.20    -9999
OLC        061212 3600 110000-120000   00      64.34  956.3     65.41     0.60    -9999
OLC        061212 3600 120000-130000   00      64.04  956.1     65.01     0.00    -9999
OLC        061212 3600 130000-140000   00      64.45  955.8     65.29     0.40    -9999
OLC        061212 3600 140000-150000   00      64.63  955.4     65.27     0.40    -9999
OLC        061212 3600 150000-160000   00      64.75  955.2     65.30     0.50    -9999
OLC        061212 3600 160000-170000   00      65.28  954.9     65.70     1.10    -9999
OLC        061212 3600 170000-180000   00      65.60  954.5     65.83     1.30    -9999
OLC        061212 3600 180000-190000   00      64.90  954.4     65.06     0.10    -9999
OLC        061212 3600 190000-200000   00      65.50  954.5     65.71     1.10    -9999
OLC        061212 3600 200000-210000   00      64.90  954.7     65.22     0.30    -9999
OLC        061212 3600 210000-220000   00      65.16  954.9     65.58     0.90    -9999
OLC        061212 3600 220000-230000   00      64.37  955.7     65.16     0.20    -9999
OLC        061212 3600 230000-240000   00      64.26  956.6     65.49     0.70    -9999
OLC        061213 3600 000000-010000   00      63.61  957.4     65.19     0.30    -9999
OLC        061213 300  010000-010500   00      64.20  957.7     65.94     1.40    -9999
OLC        061213 300  010500-011000   00      63.34  957.7     65.07     0.10    -9999
OLC        061213 300  011000-011500   00      63.33  957.7     65.05     0.10    -9999
OLC        061213 300  011500-012000   00      62.23  957.7     63.94    -1.70    -9999
OLC        061213 300  012000-012500   00      62.01  957.8     63.74    -1.90    -9999
OLC        061213 300  012500-013000   00      63.42  957.8     65.22     0.30    -9999
OLC        061213 300  013000-013500   00      64.59  957.9     66.43     2.20    -9999
OLC        061213 300  013500-014000   00      63.06  957.9     64.86    -0.20    -9999
OLC        061213 300  014000-014500   00      64.18  957.9     66.04     1.60    -9999
OLC        061213 300  014500-015000   00      63.36  957.9     65.20     0.30    -9999
OLC        061213 300  015000-015500   00      61.62  957.9     63.38    -2.50    -9999
OLC        061213 300  015500-020000   00      63.41  957.9     65.25     0.40    -9999
OLC        061213 300  020000-020500   00      63.63  957.9     65.46     0.70    -9999
OLC        061213 300  020500-021000   00      62.50  957.9     64.30    -1.10    -9999
OLC        061213 300  021000-021500   00      64.02  958.0     65.92     1.40    -9999
OLC        061213 300  021500-022000   00      63.29  958.0     65.16     0.20    -9999
OLC        061213 300  022000-022500   00      64.13  958.0     66.02     1.50    -9999
OLC        061213 300  022500-023000   00      62.45  957.9     64.28    -1.10    -9999
OLC        061213 300  023000-023500   00      61.25  958.0     63.06    -3.00    -9999
OLC        061213 300  023500-024000   00      63.69  958.0     65.59     0.90    -9999
OLC        061213 300  024000-024500   00      63.30  958.0     65.20     0.30    -9999
OLC        061213 300  024500-025000   00      63.88  958.0     65.80     1.20    -9999
OLC        061213 300  025000-025500   00      63.94  958.0     65.83     1.30    -9999
OLC        061213 300  025500-030000   00      64.04  957.9     65.91     1.40    -9999
OLC        061213 300  030000-030500   00      61.99  957.9     63.81    -1.80    -9999
OLC        061213 300  030500-031000   00      63.03  958.0     64.89    -0.20    -9999
OLC        061213 300  031000-031500   00      64.82  958.0     66.72     2.60    -9999
OLC        061213 300  031500-032000   00      64.08  958.0     65.97     1.50    -9999
OLC        061213 300  032000-032500   00      62.60  958.0     64.44    -0.90    -9999
OLC        061213 300  032500-033000   00      64.18  957.9     66.06     1.60    -9999
OLC        061213 300  033000-033500   00      63.72  957.9     65.57     0.90    -9999
OLC        061213 300  033500-034000   00      63.38  957.9     65.23     0.30    -9999
OLC        061213 300  034000-034500   00      63.15  957.9     64.96    -0.10    -9999
OLC        061213 300  034500-035000   00      62.60  957.8     64.38    -1.00    -9999
OLC        061213 300  035000-035500   00      63.79  957.8     65.59     0.90    -9999
OLC        061213 300  035500-040000   00      64.22  957.8     66.02     1.60    -9999
OLC        061213 300  040000-040500   00      63.94  957.8     65.74     1.10    -9999
OLC        061213 300  040500-041000   00      64.92  957.8     66.73     2.60    -9999
OLC        061213 300  041000-041500   00      61.98  957.8     63.74    -2.00    -9999
OLC        061213 300  041500-042000   00      63.63  957.8     65.42     0.60    -9999
OLC        061213 300  042000-042500   00      63.60  957.8     65.37     0.50    -9999
OLC        061213 300  042500-043000   00      63.51  957.6     65.23     0.30    -9999
OLC        061213 300  043000-043500   00      62.93  957.6     64.60    -0.60    -9999
OLC        061213 300  043500-044000   00      62.53  957.6     64.18    -1.30    -9999
OLC        061213 300  044000-044500   00      63.34  957.5     64.99     0.00    -9999
OLC        061213 300  044500-045000   00      63.25  957.5     64.90    -0.20    -9999
OLC        061213 300  045000-045500   00      63.65  957.4     65.25     0.40    -9999
OLC        061213 300  045500-050000   00      65.23  957.3     66.81     2.80    -9999
OLC        061213 300  050000-050500   00      63.94  957.2     65.47     0.70    -9999
OLC        061213 300  050500-051000   00      63.76  957.2     65.26     0.40    -9999
OLC        061213 300  051000-051500   00      63.46  957.1     64.90    -0.20    -9999
OLC        061213 300  051500-052000   00      64.30  957.0     65.71     1.10    -9999
OLC        061213 300  052000-052500   00      64.08  956.9     65.46     0.70    -9999
OLC        061213 300  052500-053000   00      64.60  957.0     66.02     1.60    -9999
OLC        061213 300  053000-053500   00      64.45  956.9     65.82     1.20    -9999
OLC        061213 300  053500-054000   00      66.00  956.9     67.40     3.70    -9999
OLC        061213 300  054000-054500   00      65.00  956.9     66.38     2.10    -9999
OLC        061213 300  054500-055000   00      63.37  956.9     64.70    -0.50    -9999
OLC        061213 300  055000-055500   00      65.22  956.9     66.60     2.40    -9999
OLC        061213 300  055500-060000   00      64.90  956.8     66.25     1.90    -9999
OLC        061213 300  060000-060500   00      64.69  956.8     66.02     1.50    -9999
OLC        061213 300  060500-061000   00      65.35  956.7     66.66     2.50    -9999
OLC        061213 300  061000-061500   00      63.68  956.8     64.97    -0.10    -9999
OLC        061213 300  061500-062000   00      64.58  956.7     65.88     1.30    -9999
OLC        061213 300  062000-062500   00      64.06  956.7     65.35     0.50    -9999
OLC        061213 300  062500-063000   00      64.32  956.8     65.66     1.00    -9999
OLC        061213 300  063000-063500   00      63.00  956.8     64.30    -1.10    -9999
OLC        061213 300  063500-064000   00      64.21  956.8     65.52     0.80    -9999
OLC        061213 300  064000-064500   00      63.36  956.8     64.65    -0.50    -9999
OLC        061213 300  064500-065000   00      64.82  956.7     66.13     1.70    -9999
OLC        061213 300  065000-065500   00      64.48  956.8     65.82     1.20    -9999
OLC        061213 300  065500-070000   00      64.07  956.8     65.38     0.60    -9999
OLC        061213 300  070000-070500   00      64.89  956.8     66.24     1.90    -9999
OLC        061213 300  070500-071000   00      64.43  956.9     65.78     1.20    -9999
OLC        061213 300  071000-071500   00      63.16  956.9     64.50    -0.80    -9999
OLC        061213 300  071500-072000   00      62.95  956.8     64.26    -1.20    -9999
OLC        061213 300  072000-072500   00      63.61  956.9     64.95    -0.10    -9999
OLC        061213 300  072500-073000   00      64.87  956.8     66.22     1.90    -9999
OLC        061213 300  073000-073500   00      62.55  956.8     63.85    -1.80    -9999
OLC        061213 300  073500-074000   00      62.82  956.8     64.10    -1.40    -9999
OLC        061213 300  074000-074500   00      65.04  956.7     66.34     2.00    -9999
OLC        061213 300  074500-075000   00      63.45  956.8     64.74    -0.40    -9999
OLC        061213 300  075000-075500   00      64.08  956.7     65.37     0.50    -9999
OLC        061213 300  075500-080000   00      63.22  956.7     64.48    -0.80    -9999
OLC        061213 300  080000-080500   00      63.20  956.7     64.47    -0.80    -9999
OLC        061213 300  080500-081000   00      63.82  956.8     65.12     0.20    -9999
OLC        061213 300  081000-081500   00      63.52  956.8     64.83    -0.30    -9999
OLC        061213 300  081500-082000   00      62.64  956.8     63.92    -1.70    -9999
OLC        061213 300  082000-082500   00      64.96  956.8     66.29     2.00    -9999
OLC        061213 300  082500-083000   00      64.05  956.8     65.37     0.60    -9999
OLC        061213 300  083000-083500   00      64.57  956.8     65.92     1.40    -9999
OLC        061213 300  083500-084000   00      63.44  956.9     64.80    -0.30    -9999
OLC        061213 300  084000-084500   00      64.03  957.0     65.42     0.60    -9999
OLC        061213 300  084500-085000   00      62.41  957.0     63.78    -1.90    -9999
OLC        061213 300  085000-085500   00      63.72  957.0     65.12     0.20    -9999
OLC        061213 300  085500-090000   00      63.41  957.0     64.83    -0.30    -9999
OLC        061213 300  090000-090500   00      63.22  957.1     64.66    -0.50    -9999
OLC        061213 300  090500-091000   00      63.28  957.2     64.77    -0.40    -9999
OLC        061213 300  091000-091500   00      64.78  957.2     66.32     2.00    -9999
OLC        061213 300  091500-092000   00      63.39  957.3     64.94    -0.10    -9999
OLC        061213 300  092000-092500   00      64.18  957.3     65.76     1.10    -9999
OLC        061213 300  092500-093000   00      63.58  957.4     65.16     0.20    -9999
OLC        061213 300  093000-093500   00      63.70  957.4     65.31     0.50    -9999
OLC        061213 300  093500-094000   00      62.32  957.4     63.88    -1.70    -9999
OLC        061213 300  094000-094500   00      62.66  957.5     64.26    -1.20    -9999
OLC        061213 300  094500-095000   00      63.81  957.5     65.47     0.70    -9999
OLC        061213 300  095000-095500   00      64.37  957.6     66.08     1.60    -9999
OLC        061213 300  095500-100000   00      63.79  957.6     65.50     0.70    -9999
OLC        061213 300  100000-100500   00      64.37  957.7     66.15     1.70    -9999
OLC        061213 300  100500-101000   00      63.01  957.8     64.78    -0.40    -9999
OLC        061213 300  101000-101500   00      63.20  957.8     64.99     0.00    -9999
OLC        061213 300  101500-102000   00      63.80  957.9     65.63     1.00    -9999
OLC        061213 300  102000-102500   00      62.46  957.9     64.26    -1.20    -9999
OLC        061213 300  102500-103000   00      63.63  957.9     65.48     0.70    -9999
OLC        061213 300  103000-103500   00      61.65  957.9     63.46    -2.40    -9999
OLC        061213 300  103500-104000   00      64.32  958.0     66.24     1.90    -9999
OLC        061213 300  104000-104500   00      63.81  958.1     65.75     1.10    -9999
OLC        061213 300  104500-105000   00      62.47  958.1     64.37    -1.00    -9999
OLC        061213 300  105000-105500   00      62.95  958.0     64.84    -0.30    -9999
OLC        061213 300  105500-110000   00      63.31  958.1     65.22     0.30    -9999
OLC        061213 300  110000-110500   00      64.36  958.1     66.30     2.00    -9999
OLC        061213 300  110500-111000   00      62.94  958.1     64.88    -0.20    -9999
OLC        061213 300  111000-111500   00      62.37  958.1     64.29    -1.10    -9999
OLC        061213 300  111500-112000   00      63.26  958.2     65.24     0.30    -9999
OLC        061213 300  112000-112500   00      62.35  958.2     64.28    -1.10    -9999
OLC        061213 300  112500-113000   00      62.93  958.2     64.89    -0.20    -9999
OLC        061213 300  113000-113500   00      62.38  958.1     64.31    -1.10    -9999
OLC        061213 300  113500-114000   00      63.87  958.2     65.87     1.30    -9999
OLC        061213 300  114000-114500   00      63.58  958.2     65.59     0.90    -9999
OLC        061213 300  114500-115000   00      63.79  958.2     65.80     1.20    -9999
OLC        061213 300  115000-115500   00      62.43  958.3     64.41    -0.90    -9999
OLC        061213 300  115500-120000   00      63.33  958.3     65.35     0.50    -9999
OLC        061213 300  120000-120500   00      62.57  958.4     64.61    -0.60    -9999
OLC        061213 300  120500-121000   00      62.42  958.3     64.44    -0.90    -9999
OLC        061213 300  121000-121500   00      64.71  958.4     66.81     2.80    -9999
OLC        061213 300  121500-122000   00      63.23  958.4     65.31     0.50    -9999
OLC        061213 300  122000-122500   00      62.97  958.5     65.06     0.10    -9999
OLC        061213 300  122500-123000   00      63.12  958.5     65.26     0.40    -9999
OLC        061213 300  123000-123500   00      62.48  958.6     64.60    -0.60    -9999
OLC        061213 300  123500-124000   00      64.34  958.6     66.52     2.30    -9999
OLC        061213 300  124000-124500   00      63.37  958.6     65.55     0.80    -9999
OLC        061213 300  124500-125000   00      63.62  958.7     65.83     1.30    -9999
OLC        061213 300  125000-125500   00      62.10  958.7     64.28    -1.10    -9999
OLC        061213 300  125500-130000   00      63.06  958.7     65.26     0.40    -9999
OLC        061213 300  130000-130500   00      63.39  958.7     65.60     0.90    -9999
OLC        061213 300  130500-131000   00      62.45  958.7     64.63    -0.60    -9999
OLC        061213 300  131000-131500   00      63.76  958.6     65.96     1.50    -9999
OLC        061213 300  131500-132000   00      63.74  958.6     65.93     1.40    -9999
OLC        061213 300  132000-132500   00      64.59  958.5     66.78     2.70    -9999
OLC        061213 300  132500-133000   00      64.00  958.5     66.16     1.80    -9999
OLC        061213 300  133000-133500   00      63.85  958.5     65.97     1.50    -9999
OLC        061213 300  133500-134000   00      63.36  958.4     65.44     0.70    -9999
OLC        061213 300  134000-134500   00      63.06  958.5     65.16     0.20    -9999
OLC        061213 300  134500-135000   00      64.54  958.4     66.65     2.50    -9999
OLC        061213 300  135000-135500   00      63.29  958.4     65.35     0.50    -9999
OLC        061213 300  135500-140000   00      64.25  958.4     66.33     2.00    -9999
OLC        061213 300  140000-140500   00      63.98  958.3     66.02     1.60    -9999
OLC        061213 300  140500-141000   00      63.78  958.3     65.82     1.20    -9999
OLC        061213 300  141000-141500   00      63.14  958.3     65.15     0.20    -9999
OLC        061213 300  141500-142000   00      63.03  958.3     65.03     0.00    -9999
OLC        061213 300  142000-142500   00      64.06  958.2     66.07     1.60    -9999
OLC        061213 300  142500-143000   00      62.72  958.2     64.69    -0.50    -9999
OLC        061213 300  143000-143500   00      64.09  958.2     66.07     1.60    -9999
OLC        061213 300  143500-144000   00      63.37  958.2     65.34     0.50    -9999
OLC        061213 300  144000-144500   00      63.31  958.1     65.24     0.40    -9999
OLC        061213 300  144500-145000   00      63.00  958.1     64.91    -0.20    -9999
OLC        061213 300  145000-145500   00      63.01  958.1     64.93    -0.10    -9999
OLC        061213 300  145500-150000   00      63.63  958.0     65.54     0.80    -9999
OLC        061213 300  150000-150500   00      64.27  958.0     66.16     1.80    -9999
OLC        061213 300  150500-151000   00      64.70  957.9     66.56     2.40    -9999
OLC        061213 300  151000-151500   00      63.91  957.8     65.70     1.10    -9999
OLC        061213 300  151500-152000   00      63.58  957.8     65.35     0.50    -9999
OLC        061213 300  152000-152500   00      63.95  957.7     65.71     1.10    -9999
OLC        061213 300  152500-153000   00      62.98  957.7     64.72    -0.40    -9999
OLC        061213 300  153000-153500   00      63.83  957.7     65.58     0.90    -9999
OLC        061213 300  153500-154000   00      62.87  957.6     64.55    -0.70    -9999
OLC        061213 300  154000-154500   00      63.61  957.5     65.28     0.40    -9999
OLC        061213 300  154500-155000   00      64.24  957.5     65.91     1.40    -9999
OLC        061213 300  155000-155500   00      64.29  957.5     65.94     1.40    -9999
OLC        061213 300  155500-160000   00      64.60  957.4     66.21     1.80    -9999
OLC        061213 300  160000-160500   00      62.87  957.4     64.45    -0.90    -9999
OLC        061213 300  160500-161000   00      64.56  957.3     66.13     1.70    -9999
OLC        061213 300  161000-161500   00      65.13  957.3     66.71     2.60    -9999
OLC        061213 300  161500-162000   00      64.35  957.3     65.91     1.40    -9999
OLC        061213 300  162000-162500   00      64.91  957.3     66.48     2.30    -9999
OLC        061213 300  162500-163000   00      64.13  957.2     65.67     1.00    -9999
OLC        061213 300  163000-163500   00      63.69  957.2     65.17     0.20    -9999
OLC        061213 300  163500-164000   00      65.19  957.2     66.71     2.60    -9999
OLC        061213 300  164000-164500   00      64.46  957.2     65.98     1.50    -9999
OLC        061213 300  164500-165000   00      63.41  957.1     64.87    -0.20    -9999
OLC        061213 300  165000-165500   00      64.55  957.1     66.00     1.50    -9999
OLC        061213 300  165500-170000   00      64.67  957.0     66.09     1.70    -9999
OLC        061213 300  170000-170500   00      63.92  956.9     65.31     0.50    -9999
OLC        061213 300  170500-171000   00      65.15  956.9     66.53     2.30    -9999
OLC        061213 300  171000-171500   00      63.46  956.8     64.77    -0.40    -9999
OLC        061213 300  171500-172000   00      62.98  956.8     64.26    -1.20    -9999
OLC        061213 300  172000-172500   00      65.94  956.7     67.25     3.40    -9999
OLC        061213 300  172500-173000   00      63.68  956.7     64.96    -0.10    -9999
OLC        061213 300  173000-173500   00      64.25  956.7     65.53     0.80    -9999
OLC        061213 300  173500-174000   00      63.22  956.6     64.45    -0.90    -9999
OLC        061213 300  174000-174500   00      63.25  956.5     64.43    -0.90    -9999
OLC        061213 300  174500-175000   00      64.08  956.5     65.23     0.30    -9999
OLC        061213 300  175000-175500   00      64.27  956.5     65.43     0.60    -9999
OLC        061213 300  175500-180000   00      63.83  956.5     64.98    -0.10    -9999
OLC        061213 300  180000-180500   00      64.02  956.4     65.16     0.20    -9999
OLC        061213 300  180500-181000   00      64.99  956.4     66.15     1.80    -9999
OLC        061213 300  181000-181500   00      64.94  956.5     66.12     1.70    -9999
OLC        061213 300  181500-182000   00      64.94  956.6     66.16     1.80    -9999
OLC        061213 300  182000-182500   00      64.25  956.5     65.44     0.70    -9999
OLC        061213 300  182500-183000   00      64.24  956.5     65.42     0.60    -9999
OLC        061213 300  183000-183500   00      64.62  956.5     65.80     1.20    -9999
OLC        061213 300  183500-184000   00      63.85  956.4     64.98    -0.10    -9999
OLC        061213 300  184000-184500   00      64.48  956.4     65.61     0.90    -9999
OLC        061213 300  184500-185000   00      64.32  956.3     65.41     0.60    -9999
OLC        061213 300  185000-185500   00      63.50  956.3     64.56    -0.70    -9999
OLC        061213 300  185500-190000   00      65.65  956.2     66.73     2.60    -9999
OLC        061213 300  190000-190500   00      64.09  956.2     65.12     0.20    -9999
OLC        061213 300  190500-191000   00      63.10  956.2     64.10    -1.40    -9999
OLC        061213 300  191000-191500   00      64.81  956.2     65.83     1.30    -9999
OLC        061213 300  191500-192000   00      64.81  956.1     65.81     1.20    -9999
OLC        061213 300  192000-192500   00      64.37  956.0     65.33     0.50    -9999
OLC        061213 300  192500-193000   00      64.78  956.0     65.73     1.10    -9999
OLC        061213 300  193000-193500   00      64.36  955.9     65.26     0.40    -9999
OLC        061213 300  193500-194000   00      65.08  955.9     65.97     1.50    -9999
OLC        061213 300  194000-194500   00      63.74  955.8     64.59    -0.70    -9999
OLC        061213 300  194500-195000   00      64.53  955.8     65.39     0.60    -9999
OLC        061213 300  195000-195500   00      66.19  955.8     67.07     3.20    -9999
OLC        061213 300  195500-200000   00      66.06  955.8     66.92     2.90    -9999
OLC        061213 300  200000-200500   00      64.17  955.8     65.00     0.00    -9999
OLC        061213 300  200500-201000   00      65.41  955.8     66.25     1.90    -9999
OLC        061213 300  201000-201500   00      65.01  955.7     65.82     1.20    -9999
OLC        061213 300  201500-202000   00      65.71  955.7     66.51     2.30    -9999
OLC        061213 300  202000-202500   00      65.68  955.7     66.49     2.30    -9999
OLC        061213 300  202500-203000   00      64.32  955.7     65.09     0.10    -9999
OLC        061213 300  203000-203500   00      64.15  955.6     64.91    -0.10    -9999
OLC        061213 300  203500-204000   00      63.74  955.6     64.50    -0.80    -9999
OLC        061213 300  204000-204500   00      64.48  955.6     65.22     0.30    -9999
OLC        061213 300  204500-205000   00      63.17  955.6     63.89    -1.70    -9999
OLC        061213 300  205000-205500   00      66.11  955.5     66.84     2.80    -9999
OLC        061213 300  205500-210000   00      65.08  955.5     65.80     1.20    -9999
OLC        061213 300  210000-210500   00      65.65  955.5     66.37     2.10    -9999
OLC        061213 300  210500-211000   00      65.39  955.5     66.09     1.70    -9999
OLC        061213 300  211000-212100   00      64.83  955.5     65.54     0.80    -9999
OLC        061213 300  212000-212500   00      64.78  955.6     65.52     0.80    -9999
OLC        061213 300  212100-212000   00      65.23  955.6     65.97     1.50    -9999
OLC        061213 300  212500-213000   00      64.43  955.5     65.15     0.20    -9999
OLC        061213 300  213000-213500   00      65.51  955.6     66.26     1.90    -9999
OLC        061213 300  213500-214000   00      65.27  955.6     66.03     1.60    -9999
OLC        061213 300  214000-214500   00      64.57  955.6     65.33     0.50    -9999
OLC        061213 300  214500-215000   00      64.95  955.6     65.72     1.10    -9999
OLC        061213 300  215000-215500   00      64.78  955.6     65.55     0.80    -9999
OLC        061213 300  215500-220000   00      63.38  955.6     64.14    -1.30    -9999
OLC        061213 300  220000-220500   00      63.16  955.7     63.94    -1.60    -9999
OLC        061213 300  220500-221000   00      64.37  955.7     65.17     0.20    -9999
OLC        061213 300  221000-221500   00      64.17  955.7     64.98    -0.10    -9999
OLC        061213 300  221500-222000   00      64.72  955.7     65.54     0.80    -9999
OLC        061213 300  222000-222500   00      65.21  955.8     66.06     1.60    -9999
OLC        061213 300  222500-223000   00      64.30  955.8     65.15     0.20    -9999
OLC        061213 300  223000-223500   00      64.49  955.9     65.36     0.50    -9999
OLC        061213 300  223500-224000   00      65.03  955.9     65.94     1.40    -9999
OLC        061213 300  224000-224500   00      64.32  955.9     65.23     0.30    -9999
OLC        061213 300  224500-225000   00      64.47  956.0     65.40     0.60    -9999
OLC        061213 300  225000-225500   00      63.74  956.0     64.68    -0.50    -9999
OLC        061213 300  225500-230000   00      63.93  956.1     64.91    -0.20    -9999
OLC        061213 300  230000-230500   00      64.34  956.0     65.29     0.40    -9999
OLC        061213 300  230500-231000   00      64.28  956.0     65.24     0.30    -9999
OLC        061213 300  231000-231500   00      64.57  956.1     65.55     0.80    -9999
OLC        061213 300  231500-232000   00      62.82  956.1     63.78    -1.90    -9999
OLC        061213 300  232000-232500   00      64.99  956.1     65.99     1.50    -9999
OLC        061213 300  232500-233000   00      64.37  956.2     65.38     0.60    -9999
OLC        061213 300  233000-233500   00      63.72  956.2     64.74    -0.40    -9999
OLC        061213 300  233500-234000   00      65.11  956.2     66.13     1.70    -9999
OLC        061213 300  234000-234500   00      64.48  956.2     65.53     0.80    -9999
OLC        061213 300  234500-235000   00      63.86  956.2     64.89    -0.20    -9999
OLC        061213 300  235000-235500   00      62.64  956.2     63.66    -2.10    -9999
OLC        061213 300  235500-240000   00      62.51  956.3     63.54    -2.30    -9999
*
*COMMENT   ALERT FROM M.STORINI - CONFIRMED BY E. OLIVARES CANOUET
*COMMENT   PROMPT DATA PREPARED BY E.OLIVARES CANOUET: 21-12-2006
*COMMENT   TO ACKNOWLEDGE: CHILE/ITALY COLLABORATION FOR OLC
*COMMENT   CITATION: E.O. Olivares, M. Storini, E.G. Cordaro, OLC Data for 
*COMMENT   GLE 70, Report INAF/IFSI-2007-3
COMMENT UNIVERISTY OF OULU: FILE GENERATED FROM DATABASE AND OBTAINED FROM
COMMENT https://gle.oulu.fi at 2023-02-24 11:29:29 +00:00
COMMENT FOR HISTORICAL/ORIGINAL TEXT FILES SEE https://gle.oulu.fi/txtarchive/
COMMENT ORIGINAL AT https://gle.oulu.fi/txtarchive/GLE70/C070STGO.DAT
COMMENT DETRENDED DATA SHOW -9999 IF EQUAL TO INC% COLUMN 