ROME       LATITUDE    41.86     LONGITUDE     12.47     ALTITUDE    0 M
ROME       INSTRUMENT   17-NM-64  NEUTRON MONITOR
ROME       STANDARD PRESSURE    1009.25 MB     COEFFICIENT   -0.698    % / MB
ROME       PRE-INCREASE BASELINE TIME INTERVAL    061213    010000-020000   UT
ROME       PRE-INCREASE AVERAGE COUNTING RATE    150.78      COUNTS PER SECOND
ROME       TIME INTERVALS    300         3600     
ROME       SCALE FACTORS     1           1        
STATION    YYMMDD  SEC   TIME (UT)   CODE    UNCORR. PRESS.    CORR.    % INC.	DETRENDED
                         INTERVAL    TD      C/S     (MB)      C/S
ROME       061212 3600 000000-010000   10     134.96 1024.5    150.15    -0.40    -9999
ROME       061212 3600 010000-020000   10     134.43 1024.7    149.76    -0.70    -9999
ROME       061212 3600 020000-030000   10     135.51 1024.5    150.69    -0.10    -9999
ROME       061212 3600 030000-040000   10     135.59 1024.2    150.49    -0.20    -9999
ROME       061212 3600 040000-050000   10     135.48 1024.3    150.47    -0.20    -9999
ROME       061212 3600 050000-060000   10     135.64 1024.5    150.86     0.10    -9999
ROME       061212 3600 060000-070000   10     135.69 1024.7    151.16     0.30    -9999
ROME       061212 3600 070000-080000   10     135.71 1024.8    151.30     0.30    -9999
ROME       061212 3600 080000-090000   10     135.62 1025.3    151.65     0.60    -9999
ROME       061212 3600 090000-100000   10     135.57 1025.4    151.73     0.60    -9999
ROME       061212 3600 100000-110000   10     136.24 1024.8    151.89     0.70    -9999
ROME       061212 3600 110000-120000   10     136.57 1024.6    151.94     0.80    -9999
ROME       061212 3600 120000-130000   10     137.37 1023.9    152.12     0.90    -9999
ROME       061212 3600 130000-140000   10     137.93 1023.3    152.10     0.90    -9999
ROME       061212 3600 140000-150000   10     138.01 1022.9    151.76     0.70    -9999
ROME       061212 3600 150000-160000   10     137.69 1022.8    151.36     0.40    -9999
ROME       061212 3600 160000-170000   10     137.61 1022.9    151.38     0.40    -9999
ROME       061212 3600 170000-180000   10     136.88 1023.2    150.83     0.00    -9999
ROME       061212 3600 180000-190000   10     136.42 1023.4    150.61    -0.10    -9999
ROME       061212 3600 190000-200000   10     135.94 1023.9    150.62    -0.10    -9999
ROME       061212 3600 200000-210000   10     135.86 1024.2    150.78     0.00    -9999
ROME       061212 3600 210000-220000   10     136.11 1024.4    151.27     0.30    -9999
ROME       061212 3600 220000-230000   10     136.13 1024.5    151.41     0.40    -9999
ROME       061212 3600 230000-240000   10     135.80 1024.4    150.88     0.10    -9999
ROME       061213 300  000000-000500   10     135.58 1024.2    150.53    -0.20    -9999
ROME       061213 300  000500-001000   10     134.72 1024.3    149.60    -0.80    -9999
ROME       061213 300  001000-001500   10     137.26 1024.3    152.41     1.10    -9999
ROME       061213 300  001500-002000   10     136.03 1024.3    151.09     0.20    -9999
ROME       061213 300  002000-002500   10     135.05 1024.3    149.97    -0.50    -9999
ROME       061213 300  002500-003000   10     136.33 1024.3    151.38     0.40    -9999
ROME       061213 300  003000-003500   10     136.88 1024.2    151.94     0.80    -9999
ROME       061213 300  003500-004000   10     134.57 1024.1    149.23    -1.00    -9999
ROME       061213 300  004000-004500   10     135.37 1024.2    150.20    -0.40    -9999
ROME       061213 300  004500-005000   10     137.01 1024.2    152.05     0.80    -9999
ROME       061213 300  005000-005500   10     136.33 1024.2    151.35     0.40    -9999
ROME       061213 300  005500-010000   10     136.11 1024.3    151.13     0.20    -9999
ROME       061213 300  010000-010500   10     134.85 1024.3    149.72    -0.70    -9999
ROME       061213 300  010500-011000   10     135.52 1024.4    150.61    -0.10    -9999
ROME       061213 300  011000-011500   10     135.02 1024.4    150.12    -0.40    -9999
ROME       061213 300  011500-012000   10     136.22 1024.4    151.42     0.40    -9999
ROME       061213 300  012000-012500   10     135.88 1024.3    150.95     0.10    -9999
ROME       061213 300  012500-013000   10     136.88 1024.3    152.02     0.80    -9999
ROME       061213 300  013000-013500   10     136.90 1024.3    152.02     0.80    -9999
ROME       061213 300  013500-014000   10     132.80 1024.3    147.51    -2.20    -9999
ROME       061213 300  014000-014500   10     135.50 1024.4    150.61    -0.10    -9999
ROME       061213 300  014500-015000   10     135.80 1024.4    150.97     0.10    -9999
ROME       061213 300  015000-015500   10     135.66 1024.5    150.85     0.10    -9999
ROME       061213 300  015500-020000   10     137.21 1024.4    152.52     1.20    -9999
ROME       061213 300  020000-020500   10     136.43 1024.3    151.59     0.50    -9999
ROME       061213 300  020500-021000   10     135.55 1024.3    150.55    -0.20    -9999
ROME       061213 300  021000-021500   10     134.56 1024.3    149.50    -0.80    -9999
ROME       061213 300  021500-022000   10     135.22 1024.4    150.26    -0.30    -9999
ROME       061213 300  022000-022500   10     135.71 1024.2    150.67    -0.10    -9999
ROME       061213 300  022500-023000   10     137.82 1024.2    152.99     1.50    -9999
ROME       061213 300  023000-023500   10     137.90 1024.2    153.09     1.50    -9999
ROME       061213 300  023500-024000   10     134.96 1024.3    149.86    -0.60    -9999
ROME       061213 300  024000-024500   10     135.40 1024.2    150.34    -0.30    -9999
ROME       061213 300  024500-025000   10     135.24 1024.2    150.07    -0.50    -9999
ROME       061213 300  025000-025500   10     136.19 1024.2    151.11     0.20    -9999
ROME       061213 300  025500-030000   10     136.79 1024.1    151.76     0.70    -9999
ROME       061213 300  030000-030500   10     138.58 1024.1    153.65     1.90    -9999
ROME       061213 300  030500-031000   10     137.91 1024.0    152.88     1.40    -9999
ROME       061213 300  031000-031500   10     136.25 1024.2    151.19     0.30    -9999
ROME       061213 300  031500-032000   10     136.07 1024.3    151.08     0.20    -9999
ROME       061213 300  032000-032500   10     137.83 1024.2    152.95     1.40    -9999
ROME       061213 300  032500-033000   10     133.93 1024.2    148.64    -1.40    -9999
ROME       061213 300  033000-033500   10     135.11 1024.3    150.01    -0.50    -9999
ROME       061213 300  033500-034000   10     135.77 1024.3    150.77     0.00    -9999
ROME       061213 300  034000-034500   10     137.69 1024.3    152.88     1.40    -9999
ROME       061213 300  034500-035000   10     135.51 1024.2    150.43    -0.20    -9999
ROME       061213 300  035000-035500   10     137.59 1024.2    152.71     1.30    -9999
ROME       061213 300  035500-040000   10     137.01 1024.2    152.06     0.90    -9999
ROME       061213 300  040000-040500   10     138.11 1024.1    153.20     1.60    -9999
ROME       061213 300  040500-041000   10     136.20 1024.1    151.12     0.20    -9999
ROME       061213 300  041000-041500   10     137.48 1024.2    152.59     1.20    -9999
ROME       061213 300  041500-042000   10     134.48 1024.3    149.35    -0.90    -9999
ROME       061213 300  042000-042500   10     136.70 1024.4    151.90     0.70    -9999
ROME       061213 300  042500-043000   10     135.55 1024.4    150.67    -0.10    -9999
ROME       061213 300  043000-043500   10     134.95 1024.4    149.98    -0.50    -9999
ROME       061213 300  043500-044000   10     135.79 1024.4    150.89     0.10    -9999
ROME       061213 300  044000-044500   10     137.42 1024.4    152.75     1.30    -9999
ROME       061213 300  044500-045000   10     135.27 1024.5    150.49    -0.20    -9999
ROME       061213 300  045000-045500   10     136.02 1024.5    151.32     0.40    -9999
ROME       061213 300  045500-050000   10     136.86 1024.5    152.21     1.00    -9999
ROME       061213 300  050000-050500   10     136.07 1024.4    151.27     0.30    -9999
ROME       061213 300  050500-051000   10     138.91 1024.5    154.48     2.50    -9999
ROME       061213 300  051000-051500   10     135.48 1024.5    150.71     0.00    -9999
ROME       061213 300  051500-052000   10     135.29 1024.6    150.53    -0.20    -9999
ROME       061213 300  052000-052500   10     137.20 1024.6    152.69     1.30    -9999
ROME       061213 300  052500-053000   10     137.33 1024.6    152.84     1.40    -9999
ROME       061213 300  053000-053500   10     136.67 1024.6    152.12     0.90    -9999
ROME       061213 300  053500-054000   10     133.83 1024.6    148.96    -1.20    -9999
ROME       061213 300  054000-054500   10     135.86 1024.6    151.20     0.30    -9999
ROME       061213 300  054500-055000   10     136.63 1024.6    152.08     0.90    -9999
ROME       061213 300  055000-055500   10     138.20 1024.7    153.96     2.10    -9999
ROME       061213 300  055500-060000   10     135.53 1024.8    151.07     0.20    -9999
ROME       061213 300  060000-060500   10     136.71 1024.8    152.39     1.10    -9999
ROME       061213 300  060500-061000   10     136.66 1024.8    152.36     1.10    -9999
ROME       061213 300  061000-061500   10     136.27 1024.8    151.87     0.70    -9999
ROME       061213 300  061500-062000   10     135.40 1024.7    150.85     0.00    -9999
ROME       061213 300  062000-062500   10     137.10 1024.6    152.64     1.20    -9999
ROME       061213 300  062500-063000   10     134.64 1024.6    149.91    -0.60    -9999
ROME       061213 300  063000-063500   10     136.95 1024.7    152.52     1.20    -9999
ROME       061213 300  063500-064000   10     136.18 1024.7    151.70     0.60    -9999
ROME       061213 300  064000-064500   10     134.49 1024.8    149.92    -0.60    -9999
ROME       061213 300  064500-065000   10     135.01 1024.9    150.56    -0.10    -9999
ROME       061213 300  065000-065500   10     137.47 1024.9    153.34     1.70    -9999
ROME       061213 300  065500-070000   10     136.17 1025.0    151.95     0.80    -9999
ROME       061213 300  070000-070500   10     135.06 1025.1    150.84     0.00    -9999
ROME       061213 300  070500-071000   10     136.35 1025.1    152.31     1.00    -9999
ROME       061213 300  071000-071500   10     136.69 1025.2    152.79     1.30    -9999
ROME       061213 300  071500-072000   10     134.46 1025.3    150.37    -0.30    -9999
ROME       061213 300  072000-072500   10     137.42 1025.4    153.81     2.00    -9999
ROME       061213 300  072500-073000   10     136.52 1025.5    152.85     1.40    -9999
ROME       061213 300  073000-073500   10     135.27 1025.5    151.46     0.50    -9999
ROME       061213 300  073500-074000   10     136.59 1025.5    153.02     1.50    -9999
ROME       061213 300  074000-074500   10     134.94 1025.5    151.17     0.30    -9999
ROME       061213 300  074500-075000   10     135.76 1025.5    152.08     0.90    -9999
ROME       061213 300  075000-075500   10     136.11 1025.7    152.61     1.20    -9999
ROME       061213 300  075500-080000   10     134.65 1025.8    151.09     0.20    -9999
ROME       061213 300  080000-080500   10     136.53 1025.8    153.27     1.70    -9999
ROME       061213 300  080500-081000   10     137.19 1025.9    154.05     2.20    -9999
ROME       061213 300  081000-081500   10     134.58 1025.9    151.20     0.30    -9999
ROME       061213 300  081500-082000   10     134.49 1026.0    151.19     0.30    -9999
ROME       061213 300  082000-082500   10     137.69 1026.0    154.79     2.70    -9999
ROME       061213 300  082500-083000   10     136.35 1026.1    153.33     1.70    -9999
ROME       061213 300  083000-083500   10     135.01 1026.1    151.86     0.70    -9999
ROME       061213 300  083500-084000   10     135.69 1026.1    152.61     1.20    -9999
ROME       061213 300  084000-084500   10     135.38 1026.1    152.22     1.00    -9999
ROME       061213 300  084500-085000   10     134.80 1026.2    151.72     0.60    -9999
ROME       061213 300  085000-085500   10     134.54 1026.4    151.62     0.60    -9999
ROME       061213 300  085500-090000   10     134.97 1026.4    152.17     0.90    -9999
ROME       061213 300  090000-090500   10     135.78 1026.5    153.09     1.50    -9999
ROME       061213 300  090500-091000   10     136.81 1026.5    154.31     2.30    -9999
ROME       061213 300  091000-091500   10     134.85 1026.5    152.13     0.90    -9999
ROME       061213 300  091500-092000   10     135.87 1026.6    153.31     1.70    -9999
ROME       061213 300  092000-092500   10     135.64 1026.5    153.03     1.50    -9999
ROME       061213 300  092500-093000   10     134.88 1026.6    152.21     1.00    -9999
ROME       061213 300  093000-093500   10     135.79 1026.7    153.32     1.70    -9999
ROME       061213 300  093500-094000   10     135.56 1026.6    153.02     1.50    -9999
ROME       061213 300  094000-094500   10     135.10 1026.6    152.46     1.10    -9999
ROME       061213 300  094500-095000   10     135.17 1026.6    152.50     1.10    -9999
ROME       061213 300  095000-095500   10     136.59 1026.6    154.11     2.20    -9999
ROME       061213 300  095500-100000   10     134.74 1026.6    152.03     0.80    -9999
ROME       061213 300  100000-100500   10     134.96 1026.6    152.28     1.00    -9999
ROME       061213 300  100500-101000   10     135.49 1026.5    152.85     1.40    -9999
ROME       061213 300  101000-101500   10     134.04 1026.5    151.24     0.30    -9999
ROME       061213 300  101500-102000   10     135.95 1026.5    153.32     1.70    -9999
ROME       061213 300  102000-102500   10     135.61 1026.4    152.87     1.40    -9999
ROME       061213 300  102500-103000   10     135.59 1026.3    152.72     1.30    -9999
ROME       061213 300  103000-103500   10     135.65 1026.2    152.71     1.30    -9999
ROME       061213 300  103500-104000   10     136.24 1026.2    153.31     1.70    -9999
ROME       061213 300  104000-104500   10     134.94 1026.2    151.84     0.70    -9999
ROME       061213 300  104500-105000   10     136.92 1026.1    154.02     2.20    -9999
ROME       061213 300  105000-105500   10     138.04 1026.0    155.20     2.90    -9999
ROME       061213 300  105500-110000   10     134.41 1026.0    151.09     0.20    -9999
ROME       061213 300  110000-110500   10     135.95 1025.9    152.73     1.30    -9999
ROME       061213 300  110500-111000   10     135.81 1025.9    152.48     1.10    -9999
ROME       061213 300  111000-111500   10     136.83 1025.8    153.59     1.90    -9999
ROME       061213 300  111500-112000   10     137.49 1025.8    154.33     2.40    -9999
ROME       061213 300  112000-112500   10     133.95 1025.7    150.25    -0.30    -9999
ROME       061213 300  112500-113000   10     134.63 1025.7    150.98     0.10    -9999
ROME       061213 300  113000-113500   10     136.11 1025.7    152.61     1.20    -9999
ROME       061213 300  113500-114000   10     135.63 1025.7    152.15     0.90    -9999
ROME       061213 300  114000-114500   10     136.71 1025.7    153.33     1.70    -9999
ROME       061213 300  114500-115000   10     136.19 1025.6    152.64     1.20    -9999
ROME       061213 300  115000-115500   10     135.80 1025.5    152.13     0.90    -9999
ROME       061213 300  115500-120000   10     136.28 1025.5    152.62     1.20    -9999
ROME       061213 300  120000-120500   10     137.41 1025.5    153.89     2.10    -9999
ROME       061213 300  120500-121000   10     136.05 1025.5    152.35     1.00    -9999
ROME       061213 300  121000-121500   10     135.25 1025.5    151.45     0.40    -9999
ROME       061213 300  121500-122000   10     135.50 1025.5    151.72     0.60    -9999
ROME       061213 300  122000-122500   10     136.60 1025.4    152.90     1.40    -9999
ROME       061213 300  122500-123000   10     136.10 1025.4    152.33     1.00    -9999
ROME       061213 300  123000-123500   10     134.84 1025.4    150.91     0.10    -9999
ROME       061213 300  123500-124000   10     136.82 1025.4    153.12     1.60    -9999
ROME       061213 300  124000-124500   10     137.81 1025.3    154.18     2.30    -9999
ROME       061213 300  124500-125000   10     135.29 1025.3    151.26     0.30    -9999
ROME       061213 300  125000-125500   10     135.76 1025.3    151.81     0.70    -9999
ROME       061213 300  125500-130000   10     134.46 1025.3    150.41    -0.20    -9999
ROME       061213 300  130000-130500   10     135.84 1025.3    151.94     0.80    -9999
ROME       061213 300  130500-131000   10     136.46 1025.3    152.61     1.20    -9999
ROME       061213 300  131000-131500   10     135.86 1025.2    151.89     0.70    -9999
ROME       061213 300  131500-132000   10     136.60 1025.2    152.65     1.20    -9999
ROME       061213 300  132000-132500   10     135.50 1025.2    151.41     0.40    -9999
ROME       061213 300  132500-133000   10     137.68 1025.1    153.73     2.00    -9999
ROME       061213 300  133000-133500   10     134.45 1025.1    150.16    -0.40    -9999
ROME       061213 300  133500-134000   10     133.93 1025.1    149.57    -0.80    -9999
ROME       061213 300  134000-134500   10     134.73 1025.1    150.48    -0.20    -9999
ROME       061213 300  134500-135000   10     135.67 1025.1    151.57     0.50    -9999
ROME       061213 300  135000-135500   10     136.04 1025.2    152.00     0.80    -9999
ROME       061213 300  135500-140000   10     135.99 1025.2    151.98     0.80    -9999
ROME       061213 300  140000-140500   10     135.13 1025.2    151.02     0.20    -9999
ROME       061213 300  140500-141000   10     136.44 1025.2    152.49     1.10    -9999
ROME       061213 300  141000-141500   10     136.17 1025.3    152.29     1.00    -9999
ROME       061213 300  141500-142000   10     135.58 1025.4    151.69     0.60    -9999
ROME       061213 300  142000-142500   10     136.81 1025.4    153.12     1.60    -9999
ROME       061213 300  142500-143000   10     136.34 1025.4    152.61     1.20    -9999
ROME       061213 300  143000-143500   10     135.99 1025.4    152.22     1.00    -9999
ROME       061213 300  143500-144000   10     136.54 1025.5    152.90     1.40    -9999
ROME       061213 300  144000-144500   10     136.18 1025.5    152.50     1.10    -9999
ROME       061213 300  144500-145000   10     136.11 1025.5    152.45     1.10    -9999
ROME       061213 300  145000-145500   10     133.73 1025.5    149.81    -0.60    -9999
ROME       061213 300  145500-150000   10     134.32 1025.5    150.47    -0.20    -9999
ROME       061213 300  150000-150500   10     135.75 1025.5    152.04     0.80    -9999
ROME       061213 300  150500-151000   10     134.58 1025.5    150.77     0.00    -9999
ROME       061213 300  151000-151500   10     135.63 1025.5    151.95     0.80    -9999
ROME       061213 300  151500-152000   10     136.40 1025.5    152.82     1.40    -9999
ROME       061213 300  152000-152500   10     134.28 1025.5    150.42    -0.20    -9999
ROME       061213 300  152500-153000   10     134.45 1025.5    150.61    -0.10    -9999
ROME       061213 300  153000-153500   10     135.47 1025.6    151.80     0.70    -9999
ROME       061213 300  153500-154000   10     134.71 1025.6    150.93     0.10    -9999
ROME       061213 300  154000-154500   10     135.28 1025.6    151.60     0.50    -9999
ROME       061213 300  154500-155000   10     134.78 1025.7    151.13     0.20    -9999
ROME       061213 300  155000-155500   10     135.72 1025.8    152.30     1.00    -9999
ROME       061213 300  155500-160000   10     135.70 1025.8    152.33     1.00    -9999
ROME       061213 300  160000-160500   10     134.87 1025.9    151.45     0.40    -9999
ROME       061213 300  160500-161000   10     136.19 1025.9    152.93     1.40    -9999
ROME       061213 300  161000-161500   10     134.70 1025.8    151.22     0.30    -9999
ROME       061213 300  161500-162000   10     135.31 1025.8    151.86     0.70    -9999
ROME       061213 300  162000-162500   10     135.00 1025.8    151.54     0.50    -9999
ROME       061213 300  162500-163000   10     135.34 1025.9    151.97     0.80    -9999
ROME       061213 300  163000-163500   10     135.65 1025.9    152.36     1.10    -9999
ROME       061213 300  163500-164000   10     134.83 1025.9    151.42     0.40    -9999
ROME       061213 300  164000-164500   10     135.56 1025.9    152.24     1.00    -9999
ROME       061213 300  164500-165000   10     134.62 1026.0    151.27     0.30    -9999
ROME       061213 300  165000-165500   10     135.02 1026.1    151.83     0.70    -9999
ROME       061213 300  165500-170000   10     134.74 1026.2    151.61     0.60    -9999
ROME       061213 300  170000-170500   10     133.87 1026.2    150.67    -0.10    -9999
ROME       061213 300  170500-171000   10     134.48 1026.2    151.37     0.40    -9999
ROME       061213 300  171000-171500   10     134.78 1026.3    151.77     0.70    -9999
ROME       061213 300  171500-172000   10     134.96 1026.4    152.08     0.90    -9999
ROME       061213 300  172000-172500   10     134.57 1026.4    151.71     0.60    -9999
ROME       061213 300  172500-173000   10     134.41 1026.5    151.54     0.50    -9999
ROME       061213 300  173000-173500   10     134.48 1026.5    151.71     0.60    -9999
ROME       061213 300  173500-174000   10     135.03 1026.7    152.46     1.10    -9999
ROME       061213 300  174000-174500   10     135.30 1026.8    152.88     1.40    -9999
ROME       061213 300  174500-175000   10     134.01 1026.8    151.51     0.50    -9999
ROME       061213 300  175000-175500   10     132.85 1026.8    150.21    -0.40    -9999
ROME       061213 300  175500-180000   10     135.04 1026.8    152.67     1.30    -9999
ROME       061213 300  180000-180500   10     132.57 1026.9    149.89    -0.60    -9999
ROME       061213 300  180500-181000   10     132.78 1026.9    150.14    -0.40    -9999
ROME       061213 300  181000-181500   10     134.25 1026.8    151.72     0.60    -9999
ROME       061213 300  181500-182000   10     132.23 1026.8    149.44    -0.90    -9999
ROME       061213 300  182000-182500   10     134.32 1026.8    151.78     0.70    -9999
ROME       061213 300  182500-183000   10     134.10 1026.8    151.58     0.50    -9999
ROME       061213 300  183000-183500   10     135.31 1026.9    153.00     1.50    -9999
ROME       061213 300  183500-184000   10     133.06 1026.9    150.45    -0.20    -9999
ROME       061213 300  184000-184500   10     134.05 1026.9    151.61     0.60    -9999
ROME       061213 300  184500-185000   10     134.38 1026.9    152.01     0.80    -9999
ROME       061213 300  185000-185500   10     133.88 1027.0    151.48     0.50    -9999
ROME       061213 300  185500-190000   10     133.46 1026.9    151.00     0.10    -9999
ROME       061213 300  190000-190500   10     134.15 1027.0    151.80     0.70    -9999
ROME       061213 300  190500-191000   10     133.99 1027.1    151.72     0.60    -9999
ROME       061213 300  191000-191500   10     133.08 1027.1    150.71     0.00    -9999
ROME       061213 300  191500-192000   10     131.14 1027.2    148.59    -1.50    -9999
ROME       061213 300  192000-192500   10     133.12 1027.2    150.91     0.10    -9999
ROME       061213 300  192500-193000   10     132.74 1027.3    150.55    -0.20    -9999
ROME       061213 300  193000-193500   10     132.80 1027.4    150.70    -0.10    -9999
ROME       061213 300  193500-194000   10     131.25 1027.4    148.97    -1.20    -9999
ROME       061213 300  194000-194500   10     131.24 1027.4    148.95    -1.20    -9999
ROME       061213 300  194500-195000   10     131.99 1027.4    149.83    -0.60    -9999
ROME       061213 300  195000-195500   10     131.68 1027.4    149.47    -0.90    -9999
ROME       061213 300  195500-200000   10     133.05 1027.4    151.02     0.20    -9999
ROME       061213 300  200000-200500   10     132.12 1027.5    150.01    -0.50    -9999
ROME       061213 300  200500-201000   10     133.69 1027.5    151.78     0.70    -9999
ROME       061213 300  201000-201500   10     132.45 1027.4    150.34    -0.30    -9999
ROME       061213 300  201500-202000   10     133.71 1027.4    151.75     0.60    -9999
ROME       061213 300  202000-202500   10     132.59 1027.4    150.44    -0.20    -9999
ROME       061213 300  202500-203000   10     132.12 1027.3    149.82    -0.60    -9999
ROME       061213 300  203000-203500   10     134.25 1027.3    152.27     1.00    -9999
ROME       061213 300  203500-204000   10     132.90 1027.4    150.80     0.00    -9999
ROME       061213 300  204000-204500   10     133.50 1027.5    151.59     0.50    -9999
ROME       061213 300  204500-205000   10     132.39 1027.5    150.39    -0.30    -9999
ROME       061213 300  205000-205500   10     132.68 1027.5    150.74     0.00    -9999
ROME       061213 300  205500-210000   10     132.94 1027.5    151.03     0.20    -9999
ROME       061213 300  210000-210500   10     132.67 1027.6    150.75     0.00    -9999
ROME       061213 300  210500-211000   10     134.15 1027.5    152.36     1.10    -9999
ROME       061213 300  211000-212100   10     132.48 1027.5    150.42    -0.20    -9999
ROME       061213 300  212000-212500   10     131.32 1027.4    149.08    -1.10    -9999
ROME       061213 300  212100-212000   10     132.57 1027.5    150.54    -0.20    -9999
ROME       061213 300  212500-213000   10     134.28 1027.5    152.48     1.10    -9999
ROME       061213 300  213000-213500   10     131.92 1027.5    149.86    -0.60    -9999
ROME       061213 300  213500-214000   10     132.36 1027.5    150.32    -0.30    -9999
ROME       061213 300  214000-214500   10     131.74 1027.5    149.63    -0.80    -9999
ROME       061213 300  214500-215000   10     133.03 1027.6    151.19     0.30    -9999
ROME       061213 300  215000-215500   10     131.88 1027.6    149.83    -0.60    -9999
ROME       061213 300  215500-220000   10     132.74 1027.5    150.80     0.00    -9999
ROME       061213 300  220000-220500   10     131.63 1027.6    149.60    -0.80    -9999
ROME       061213 300  220500-221000   10     133.65 1027.6    151.93     0.80    -9999
ROME       061213 300  221000-221500   10     132.06 1027.7    150.17    -0.40    -9999
ROME       061213 300  221500-222000   10     132.77 1027.7    151.02     0.20    -9999
ROME       061213 300  222000-222500   10     132.36 1027.7    150.54    -0.20    -9999
ROME       061213 300  222500-223000   10     133.34 1027.8    151.80     0.70    -9999
ROME       061213 300  223000-223500   10     132.63 1027.9    151.02     0.20    -9999
ROME       061213 300  223500-224000   10     133.27 1027.9    151.78     0.70    -9999
ROME       061213 300  224000-224500   10     132.94 1028.0    151.47     0.50    -9999
ROME       061213 300  224500-225000   10     131.66 1027.9    149.99    -0.50    -9999
ROME       061213 300  225000-225500   10     133.16 1027.9    151.71     0.60    -9999
ROME       061213 300  225500-230000   10     131.76 1028.0    150.15    -0.40    -9999
ROME       061213 300  230000-230500   10     132.64 1028.0    151.15     0.20    -9999
ROME       061213 300  230500-231000   10     132.57 1028.0    151.13     0.20    -9999
ROME       061213 300  231000-231500   10     133.92 1028.1    152.69     1.30    -9999
ROME       061213 300  231500-232000   10     132.60 1028.1    151.22     0.30    -9999
ROME       061213 300  232000-232500   10     133.29 1028.1    151.98     0.80    -9999
ROME       061213 300  232500-233000   10     131.33 1028.1    149.76    -0.70    -9999
ROME       061213 300  233000-233500   10     132.65 1028.1    151.31     0.40    -9999
ROME       061213 300  233500-234000   10     129.92 1028.1    148.20    -1.70    -9999
ROME       061213 300  234000-234500   10     133.37 1028.2    152.19     0.90    -9999
ROME       061213 300  234500-235000   10     132.86 1028.2    151.64     0.60    -9999
ROME       061213 300  235000-235500   10     130.98 1028.2    149.53    -0.80    -9999
ROME       061213 300  235500-240000   10     133.66 1028.3    152.61     1.20    -9999
*
COMMENT    ALERT FROM M. STORINI (HEAD IFSI-R.U.: SVIRCO OBSERVATORY & TPL)
COMMENT    PROMPT DATA PREPARED BY F. SIGNORETTI: 18-12-2006
COMMENT    DATA VERIFIED BY M. STORINI: 20-12-2006
COMMENT    FROM JANUARY 1, 2005 THE DETECTOR WAS UPGRADED TO 20 COUNTERS
COMMENT    GPS TIMER IN USE
COMMENT    TO ACKNOWLEDGE:IFSI-INAF/UNIRomaTre COLLABORATION FOR SVIRCO
COMMENT    CITATION: F. Signoretti, F. Re, M. Storini, 
COMMENT    SVIRCO Prompt Report: December 2006, Report INAF/IFSI-2007-1
COMMENT UNIVERISTY OF OULU: FILE GENERATED FROM DATABASE AND OBTAINED FROM
COMMENT https://gle.oulu.fi at 2023-02-24 11:29:29 +00:00
COMMENT FOR HISTORICAL/ORIGINAL TEXT FILES SEE https://gle.oulu.fi/txtarchive/
COMMENT ORIGINAL AT https://gle.oulu.fi/txtarchive/GLE70/C070ROME.DAT
COMMENT DETRENDED DATA SHOW -9999 IF EQUAL TO INC% COLUMN 