TSUMEB     LATITUDE    -19.2     LONGITUDE     17.6      ALTITUDE    1240 M
TSUMEB     INSTRUMENT   18NM64    NEUTRON MONITOR     
TSUMEB     STANDARD PRESSURE    660     MMHG   COEFFICIENT   0.935     % / MMHG
TSUMEB     PRE-INCREASE BASELINE TIME INTERVAL    061213    010000-020000   UT
TSUMEB     PRE-INCREASE AVERAGE COUNTING RATE    348.81      COUNTS PER SECOND
TSUMEB     TIME INTERVALS    300         3600     
TSUMEB     SCALE FACTORS     1.066       1        
STATION    YYMMDD  SEC   TIME (UT)   CODE    UNCORR. PRESS.    CORR.    % INC.	DETRENDED
                         INTERVAL    TD      C/S    (MMHG)     C/S
TSUMEB     061212 3600 000000-010000   00    -999.00 -999.0    348.07    -0.20    -9999
TSUMEB     061212 3600 010000-020000   00    -999.00 -999.0    348.30    -0.10    -9999
TSUMEB     061212 3600 020000-030000   00    -999.00 -999.0    348.27    -0.20    -9999
TSUMEB     061212 3600 030000-040000   00    -999.00 -999.0    348.75     0.00    -9999
TSUMEB     061212 3600 040000-050000   00    -999.00 -999.0    347.77    -0.30    -9999
TSUMEB     061212 3600 050000-060000   00    -999.00 -999.0    348.57    -0.10    -9999
TSUMEB     061212 3600 060000-070000   00    -999.00 -999.0    348.66     0.00    -9999
TSUMEB     061212 3600 070000-080000   00    -999.00 -999.0    347.89    -0.30    -9999
TSUMEB     061212 3600 080000-090000   00    -999.00 -999.0    349.22     0.10    -9999
TSUMEB     061212 3600 090000-100000   00    -999.00 -999.0    350.61     0.50    -9999
TSUMEB     061212 3600 100000-110000   00    -999.00 -999.0    351.71     0.80    -9999
TSUMEB     061212 3600 110000-120000   00    -999.00 -999.0    351.65     0.80    -9999
TSUMEB     061212 3600 120000-130000   00    -999.00 -999.0    351.68     0.80    -9999
TSUMEB     061212 3600 130000-140000   00    -999.00 -999.0    351.68     0.80    -9999
TSUMEB     061212 3600 140000-150000   00    -999.00 -999.0    350.85     0.60    -9999
TSUMEB     061212 3600 150000-160000   00    -999.00 -999.0    349.69     0.30    -9999
TSUMEB     061212 3600 160000-170000   00    -999.00 -999.0    349.16     0.10    -9999
TSUMEB     061212 3600 170000-180000   00    -999.00 -999.0    349.19     0.10    -9999
TSUMEB     061212 3600 180000-190000   00    -999.00 -999.0    349.19     0.10    -9999
TSUMEB     061212 3600 190000-200000   00    -999.00 -999.0    348.48    -0.10    -9999
TSUMEB     061212 3600 200000-210000   00    -999.00 -999.0    347.68    -0.30    -9999
TSUMEB     061212 3600 210000-220000   00    -999.00 -999.0    348.72     0.00    -9999
TSUMEB     061212 3600 220000-230000   00    -999.00 -999.0    349.64     0.20    -9999
TSUMEB     061212 3600 230000-240000   00    -999.00 -999.0    349.01     0.10    -9999
TSUMEB     061213 300  000000-000500   00     351.77  658.9    348.17    -0.20    -9999
TSUMEB     061213 300  000500-001000   00     352.99  658.9    349.38     0.10    -9999
TSUMEB     061213 300  001000-001500   00     353.36  658.9    349.74     0.30    -9999
TSUMEB     061213 300  001500-002000   00     351.09  658.9    347.49    -0.40    -9999
TSUMEB     061213 300  002000-002500   00     354.84  658.9    351.21     0.70    -9999
TSUMEB     061213 300  002500-003000   00     355.86  658.9    352.35     1.00    -9999
TSUMEB     061213 300  003000-003500   00     351.60  659.0    348.33    -0.10    -9999
TSUMEB     061213 300  003500-004000   00     351.83  659.0    348.56    -0.10    -9999
TSUMEB     061213 300  004000-004500   00     351.32  659.0    348.05    -0.20    -9999
TSUMEB     061213 300  004500-005000   00     356.79  659.0    353.47     1.30    -9999
TSUMEB     061213 300  005000-005500   00     351.43  659.0    348.16    -0.20    -9999
TSUMEB     061213 300  005500-010000   00     353.87  659.0    350.58     0.50    -9999
TSUMEB     061213 300  010000-010500   00     351.65  659.0    348.38    -0.10    -9999
TSUMEB     061213 300  010500-011000   00     351.37  659.0    348.10    -0.20    -9999
TSUMEB     061213 300  011000-011500   00     353.01  659.1    349.93     0.30    -9999
TSUMEB     061213 300  011500-012000   00     351.02  659.1    348.08    -0.20    -9999
TSUMEB     061213 300  012000-012500   00     353.50  659.1    350.54     0.50    -9999
TSUMEB     061213 300  012500-013000   00     354.58  659.1    351.61     0.80    -9999
TSUMEB     061213 300  013000-013500   00     349.61  659.1    346.68    -0.60    -9999
TSUMEB     061213 300  013500-014000   00     349.90  659.1    346.97    -0.60    -9999
TSUMEB     061213 300  014000-014500   00     353.26  659.1    350.30     0.40    -9999
TSUMEB     061213 300  014500-015000   00     350.98  659.1    348.16    -0.20    -9999
TSUMEB     061213 300  015000-015500   00     350.27  659.1    347.34    -0.40    -9999
TSUMEB     061213 300  015500-020000   00     352.63  659.1    349.67     0.20    -9999
TSUMEB     061213 300  020000-020500   00     350.88  659.1    347.94    -0.20    -9999
TSUMEB     061213 300  020500-021000   00     355.43  659.1    352.46     1.10    -9999
TSUMEB     061213 300  021000-021500   00     353.78  659.1    350.69     0.50    -9999
TSUMEB     061213 300  021500-022000   00     355.72  659.0    352.41     1.10    -9999
TSUMEB     061213 300  022000-022500   00     353.47  659.0    350.18     0.40    -9999
TSUMEB     061213 300  022500-023000   00     352.40  659.0    349.13     0.10    -9999
TSUMEB     061213 300  023000-023500   00     352.63  659.0    349.35     0.20    -9999
TSUMEB     061213 300  023500-024000   00     352.05  659.0    348.78     0.00    -9999
TSUMEB     061213 300  024000-024500   00     354.91  659.0    351.68     0.80    -9999
TSUMEB     061213 300  024500-025000   00     356.53  659.1    353.55     1.40    -9999
TSUMEB     061213 300  025000-025500   00     354.38  659.1    351.41     0.70    -9999
TSUMEB     061213 300  025500-030000   00     355.48  659.2    352.76     1.10    -9999
TSUMEB     061213 300  030000-030500   00     348.36  659.2    345.76    -0.90    -9999
TSUMEB     061213 300  030500-031000   00     354.33  659.2    351.69     0.80    -9999
TSUMEB     061213 300  031000-031500   00     350.17  659.2    347.56    -0.40    -9999
TSUMEB     061213 300  031500-032000   00     353.07  659.3    350.64     0.50    -9999
TSUMEB     061213 300  032000-032500   00     352.06  659.3    349.77     0.30    -9999
TSUMEB     061213 300  032500-033000   00     353.50  659.3    351.19     0.70    -9999
TSUMEB     061213 300  033000-033500   00     346.94  659.3    344.68    -1.20    -9999
TSUMEB     061213 300  033500-034000   00     352.66  659.3    350.36     0.50    -9999
TSUMEB     061213 300  034000-034500   00     354.84  659.3    352.53     1.10    -9999
TSUMEB     061213 300  034500-035000   00     349.32  659.4    347.24    -0.40    -9999
TSUMEB     061213 300  035000-035500   00     350.86  659.4    348.89     0.00    -9999
TSUMEB     061213 300  035500-040000   00     353.10  659.4    351.13     0.70    -9999
TSUMEB     061213 300  040000-040500   00     347.96  659.5    346.34    -0.70    -9999
TSUMEB     061213 300  040500-041000   00     349.14  659.5    347.51    -0.40    -9999
TSUMEB     061213 300  041000-041500   00     353.73  659.5    352.08     0.90    -9999
TSUMEB     061213 300  041500-042000   00     352.16  659.5    350.51     0.50    -9999
TSUMEB     061213 300  042000-042500   00     353.61  659.6    352.22     1.00    -9999
TSUMEB     061213 300  042500-043000   00     352.57  659.6    351.26     0.70    -9999
TSUMEB     061213 300  043000-043500   00     349.35  659.7    348.24    -0.20    -9999
TSUMEB     061213 300  043500-044000   00     350.81  659.7    349.83     0.30    -9999
TSUMEB     061213 300  044000-044500   00     351.38  659.8    350.72     0.50    -9999
TSUMEB     061213 300  044500-045000   00     348.99  659.9    348.54    -0.10    -9999
TSUMEB     061213 300  045000-045500   00     350.64  659.9    350.31     0.50    -9999
TSUMEB     061213 300  045500-050000   00     350.30  659.9    350.03     0.40    -9999
TSUMEB     061213 300  050000-050500   00     348.38  660.0    348.38    -0.10    -9999
TSUMEB     061213 300  050500-051000   00     347.34  660.1    347.54    -0.40    -9999
TSUMEB     061213 300  051000-051500   00     352.28  660.1    352.61     1.10    -9999
TSUMEB     061213 300  051500-052000   00     348.60  660.1    348.99     0.10    -9999
TSUMEB     061213 300  052000-052500   00     347.97  660.2    348.75     0.00    -9999
TSUMEB     061213 300  052500-053000   00     352.12  660.3    353.11     1.20    -9999
TSUMEB     061213 300  053000-053500   00     351.29  660.3    352.27     1.00    -9999
TSUMEB     061213 300  053500-054000   00     349.56  660.3    350.55     0.50    -9999
TSUMEB     061213 300  054000-054500   00     350.40  660.3    351.51     0.80    -9999
TSUMEB     061213 300  054500-055000   00     347.24  660.3    348.34    -0.20    -9999
TSUMEB     061213 300  055000-055500   00     345.28  660.3    346.25    -0.70    -9999
TSUMEB     061213 300  055500-060000   00     351.52  660.4    352.77     1.10    -9999
TSUMEB     061213 300  060000-060500   00     350.88  660.4    352.20     1.00    -9999
TSUMEB     061213 300  060500-061000   00     345.17  660.4    346.46    -0.70    -9999
TSUMEB     061213 300  061000-061500   00     347.36  660.4    348.66     0.00    -9999
TSUMEB     061213 300  061500-062000   00     350.91  660.5    352.42     1.00    -9999
TSUMEB     061213 300  062000-062500   00     345.74  660.4    347.03    -0.50    -9999
TSUMEB     061213 300  062500-063000   00     346.54  660.4    347.97    -0.20    -9999
TSUMEB     061213 300  063000-063500   00     350.66  660.5    352.24     1.00    -9999
TSUMEB     061213 300  063500-064000   00     350.74  660.4    352.05     0.90    -9999
TSUMEB     061213 300  064000-064500   00     347.49  660.4    348.80     0.00    -9999
TSUMEB     061213 300  064500-065000   00     349.08  660.3    350.06     0.40    -9999
TSUMEB     061213 300  065000-065500   00     349.36  660.4    350.54     0.50    -9999
TSUMEB     061213 300  065500-070000   00     346.53  660.4    347.70    -0.30    -9999
TSUMEB     061213 300  070000-070500   00     348.86  660.3    349.90     0.30    -9999
TSUMEB     061213 300  070500-071000   00     350.60  660.4    351.85     0.90    -9999
TSUMEB     061213 300  071000-071500   00     350.18  660.4    351.37     0.70    -9999
TSUMEB     061213 300  071500-072000   00     350.20  660.4    351.44     0.80    -9999
TSUMEB     061213 300  072000-072500   00     347.01  660.4    348.31    -0.10    -9999
TSUMEB     061213 300  072500-073000   00     350.48  660.3    351.60     0.80    -9999
TSUMEB     061213 300  073000-073500   00     350.26  660.3    351.38     0.70    -9999
TSUMEB     061213 300  073500-074000   00     348.67  660.3    349.65     0.20    -9999
TSUMEB     061213 300  074000-074500   00     348.20  660.3    349.18     0.10    -9999
TSUMEB     061213 300  074500-075000   00     349.98  660.2    350.63     0.50    -9999
TSUMEB     061213 300  075000-075500   00     347.79  660.2    348.50    -0.10    -9999
TSUMEB     061213 300  075500-080000   00     350.39  660.2    351.05     0.60    -9999
TSUMEB     061213 300  080000-080500   00     348.54  660.2    349.19     0.10    -9999
TSUMEB     061213 300  080500-081000   00     350.99  660.2    351.52     0.80    -9999
TSUMEB     061213 300  081000-081500   00     351.38  660.2    351.90     0.90    -9999
TSUMEB     061213 300  081500-082000   00     352.55  660.1    352.88     1.20    -9999
TSUMEB     061213 300  082000-082500   00     348.48  660.1    348.80     0.00    -9999
TSUMEB     061213 300  082500-083000   00     349.09  660.1    349.41     0.20    -9999
TSUMEB     061213 300  083000-083500   00     351.58  660.0    351.71     0.80    -9999
TSUMEB     061213 300  083500-084000   00     351.17  660.0    351.17     0.70    -9999
TSUMEB     061213 300  084000-084500   00     351.26  660.0    351.26     0.70    -9999
TSUMEB     061213 300  084500-085000   00     351.85  660.0    351.85     0.90    -9999
TSUMEB     061213 300  085000-085500   00     349.72  659.9    349.39     0.10    -9999
TSUMEB     061213 300  085500-090000   00     350.78  659.8    350.26     0.40    -9999
TSUMEB     061213 300  090000-090500   00     352.96  659.8    352.30     1.00    -9999
TSUMEB     061213 300  090500-091000   00     352.09  659.7    351.17     0.70    -9999
TSUMEB     061213 300  091000-091500   00     354.61  659.8    353.82     1.40    -9999
TSUMEB     061213 300  091500-092000   00     350.17  659.7    349.25     0.10    -9999
TSUMEB     061213 300  092000-092500   00     353.43  659.7    352.31     1.00    -9999
TSUMEB     061213 300  092500-093000   00     350.41  659.6    349.10     0.10    -9999
TSUMEB     061213 300  093000-093500   00     355.43  659.6    354.04     1.50    -9999
TSUMEB     061213 300  093500-094000   00     351.73  659.5    350.09     0.30    -9999
TSUMEB     061213 300  094000-094500   00     354.68  659.4    352.76     1.10    -9999
TSUMEB     061213 300  094500-095000   00     353.41  659.4    351.43     0.70    -9999
TSUMEB     061213 300  095000-095500   00     351.89  659.3    349.54     0.20    -9999
TSUMEB     061213 300  095500-100000   00     351.95  659.3    349.65     0.20    -9999
TSUMEB     061213 300  100000-100500   00     353.26  659.3    350.89     0.60    -9999
TSUMEB     061213 300  100500-101000   00     356.69  659.2    354.10     1.50    -9999
TSUMEB     061213 300  101000-101500   00     354.53  659.1    351.62     0.80    -9999
TSUMEB     061213 300  101500-102000   00     355.23  659.1    352.25     1.00    -9999
TSUMEB     061213 300  102000-102500   00     354.71  659.1    351.67     0.80    -9999
TSUMEB     061213 300  102500-103000   00     352.23  659.0    349.08     0.10    -9999
TSUMEB     061213 300  103000-103500   00     354.87  659.0    351.57     0.80    -9999
TSUMEB     061213 300  103500-104000   00     355.68  659.0    352.37     1.00    -9999
TSUMEB     061213 300  104000-104500   00     356.58  658.9    353.00     1.20    -9999
TSUMEB     061213 300  104500-105000   00     355.29  658.9    351.52     0.80    -9999
TSUMEB     061213 300  105000-105500   00     355.36  658.8    351.33     0.70    -9999
TSUMEB     061213 300  105500-110000   00     357.32  658.7    353.14     1.20    -9999
TSUMEB     061213 300  110000-110500   00     355.52  658.7    351.16     0.70    -9999
TSUMEB     061213 300  110500-111000   00     356.69  658.6    352.05     0.90    -9999
TSUMEB     061213 300  111000-111500   00     353.72  658.5    348.86     0.00    -9999
TSUMEB     061213 300  111500-112000   00     356.16  658.5    351.20     0.70    -9999
TSUMEB     061213 300  112000-112500   00     353.73  658.4    348.54    -0.10    -9999
TSUMEB     061213 300  112500-113000   00     355.65  658.4    350.30     0.40    -9999
TSUMEB     061213 300  113000-113500   00     354.45  658.3    348.74     0.00    -9999
TSUMEB     061213 300  113500-114000   00     357.32  658.2    351.36     0.70    -9999
TSUMEB     061213 300  114000-114500   00     356.85  658.2    350.83     0.60    -9999
TSUMEB     061213 300  114500-115000   00     356.11  658.1    349.71     0.30    -9999
TSUMEB     061213 300  115000-115500   00     359.50  658.0    352.84     1.20    -9999
TSUMEB     061213 300  115500-120000   00     357.85  658.0    351.09     0.60    -9999
TSUMEB     061213 300  120000-120500   00     356.09  657.9    349.23     0.10    -9999
TSUMEB     061213 300  120500-121000   00     359.47  657.8    352.28     1.00    -9999
TSUMEB     061213 300  121000-121500   00     353.64  657.8    346.37    -0.70    -9999
TSUMEB     061213 300  121500-122000   00     355.48  657.7    347.98    -0.20    -9999
TSUMEB     061213 300  122000-122500   00     359.13  657.7    351.49     0.80    -9999
TSUMEB     061213 300  122500-123000   00     361.33  657.6    353.44     1.30    -9999
TSUMEB     061213 300  123000-123500   00     359.04  657.6    350.95     0.60    -9999
TSUMEB     061213 300  123500-124000   00     360.23  657.5    351.91     0.90    -9999
TSUMEB     061213 300  124000-124500   00     358.83  657.4    350.34     0.50    -9999
TSUMEB     061213 300  124500-125000   00     361.09  657.4    352.28     1.00    -9999
TSUMEB     061213 300  125000-125500   00     362.29  657.3    353.33     1.30    -9999
TSUMEB     061213 300  125500-130000   00     361.43  657.2    352.22     1.00    -9999
TSUMEB     061213 300  130000-130500   00     358.61  657.2    349.35     0.20    -9999
TSUMEB     061213 300  130500-131000   00     360.69  657.2    351.37     0.70    -9999
TSUMEB     061213 300  131000-131500   00     363.60  657.1    354.01     1.50    -9999
TSUMEB     061213 300  131500-132000   00     359.06  657.1    349.45     0.20    -9999
TSUMEB     061213 300  132000-132500   00     358.01  657.1    348.37    -0.10    -9999
TSUMEB     061213 300  132500-133000   00     361.40  657.0    351.47     0.80    -9999
TSUMEB     061213 300  133000-133500   00     359.15  657.0    349.21     0.10    -9999
TSUMEB     061213 300  133500-134000   00     361.72  657.0    351.58     0.80    -9999
TSUMEB     061213 300  134000-134500   00     362.26  656.9    351.85     0.90    -9999
TSUMEB     061213 300  134500-135000   00     360.11  656.9    349.76     0.30    -9999
TSUMEB     061213 300  135000-135500   00     358.90  656.8    348.32    -0.10    -9999
TSUMEB     061213 300  135500-140000   00     365.75  656.8    354.97     1.80    -9999
TSUMEB     061213 300  140000-140500   00     362.25  656.8    351.57     0.80    -9999
TSUMEB     061213 300  140500-141000   00     361.82  656.7    350.82     0.60    -9999
TSUMEB     061213 300  141000-141500   00     362.17  656.6    350.96     0.60    -9999
TSUMEB     061213 300  141500-142000   00     360.43  656.6    349.16     0.10    -9999
TSUMEB     061213 300  142000-142500   00     361.71  656.6    350.32     0.40    -9999
TSUMEB     061213 300  142500-143000   00     359.00  656.5    347.44    -0.40    -9999
TSUMEB     061213 300  143000-143500   00     361.89  656.4    349.98     0.30    -9999
TSUMEB     061213 300  143500-144000   00     363.70  656.4    351.79     0.80    -9999
TSUMEB     061213 300  144000-144500   00     361.69  656.4    349.78     0.30    -9999
TSUMEB     061213 300  144500-145000   00     363.84  656.4    351.80     0.90    -9999
TSUMEB     061213 300  145000-145500   00     362.68  656.4    350.67     0.50    -9999
TSUMEB     061213 300  145500-150000   00     356.65  656.4    344.85    -1.10    -9999
TSUMEB     061213 300  150000-150500   00     361.45  656.3    349.30     0.20    -9999
TSUMEB     061213 300  150500-151000   00     366.34  656.4    354.22     1.60    -9999
TSUMEB     061213 300  151000-151500   00     362.93  656.4    350.91     0.60    -9999
TSUMEB     061213 300  151500-152000   00     361.98  656.3    349.81     0.30    -9999
TSUMEB     061213 300  152000-152500   00     360.93  656.3    348.66    -0.10    -9999
TSUMEB     061213 300  152500-153000   00     362.65  656.3    350.32     0.40    -9999
TSUMEB     061213 300  153000-153500   00     360.46  656.3    348.20    -0.20    -9999
TSUMEB     061213 300  153500-154000   00     364.05  656.3    351.74     0.80    -9999
TSUMEB     061213 300  154000-154500   00     363.21  656.3    350.86     0.60    -9999
TSUMEB     061213 300  154500-155000   00     360.32  656.3    348.20    -0.20    -9999
TSUMEB     061213 300  155000-155500   00     362.88  656.4    350.87     0.60    -9999
TSUMEB     061213 300  155500-160000   00     362.87  656.3    350.66     0.50    -9999
TSUMEB     061213 300  160000-160500   00     363.12  656.4    351.10     0.70    -9999
TSUMEB     061213 300  160500-161000   00     361.37  656.4    349.41     0.10    -9999
TSUMEB     061213 300  161000-161500   00     362.18  656.4    350.20     0.40    -9999
TSUMEB     061213 300  161500-162000   00     364.45  656.4    352.38     1.00    -9999
TSUMEB     061213 300  162000-162500   00     364.61  656.4    352.54     1.10    -9999
TSUMEB     061213 300  162500-163000   00     363.16  656.5    351.33     0.70    -9999
TSUMEB     061213 300  163000-163500   00     361.42  656.5    349.79     0.30    -9999
TSUMEB     061213 300  163500-164000   00     364.36  656.5    352.76     1.10    -9999
TSUMEB     061213 300  164000-164500   00     362.44  656.6    351.10     0.70    -9999
TSUMEB     061213 300  164500-165000   00     360.88  656.6    349.72     0.30    -9999
TSUMEB     061213 300  165000-165500   00     362.28  656.7    351.27     0.70    -9999
TSUMEB     061213 300  165500-170000   00     358.95  656.7    348.17    -0.20    -9999
TSUMEB     061213 300  170000-170500   00     361.00  656.8    350.36     0.50    -9999
TSUMEB     061213 300  170500-171000   00     359.94  656.8    349.33     0.10    -9999
TSUMEB     061213 300  171000-171500   00     359.11  656.9    348.78     0.00    -9999
TSUMEB     061213 300  171500-172000   00     357.70  656.9    347.55    -0.40    -9999
TSUMEB     061213 300  172000-172500   00     358.85  657.0    348.92     0.00    -9999
TSUMEB     061213 300  172500-173000   00     361.59  657.0    351.59     0.80    -9999
TSUMEB     061213 300  173000-173500   00     357.71  657.1    348.14    -0.20    -9999
TSUMEB     061213 300  173500-174000   00     356.90  657.1    347.35    -0.40    -9999
TSUMEB     061213 300  174000-174500   00     357.90  657.1    348.33    -0.20    -9999
TSUMEB     061213 300  174500-175000   00     357.03  657.1    347.61    -0.40    -9999
TSUMEB     061213 300  175000-175500   00     362.91  657.2    353.53     1.40    -9999
TSUMEB     061213 300  175500-180000   00     354.91  657.2    345.73    -0.90    -9999
TSUMEB     061213 300  180000-180500   00     360.42  657.2    351.24     0.70    -9999
TSUMEB     061213 300  180500-181000   00     358.54  657.3    349.60     0.20    -9999
TSUMEB     061213 300  181000-181500   00     359.47  657.3    350.64     0.50    -9999
TSUMEB     061213 300  181500-182000   00     361.65  657.4    352.97     1.20    -9999
TSUMEB     061213 300  182000-182500   00     359.51  657.5    351.07     0.60    -9999
TSUMEB     061213 300  182500-183000   00     359.32  657.5    351.02     0.60    -9999
TSUMEB     061213 300  183000-183500   00     361.84  657.5    353.61     1.40    -9999
TSUMEB     061213 300  183500-184000   00     355.70  657.6    347.81    -0.30    -9999
TSUMEB     061213 300  184000-184500   00     357.51  657.6    349.71     0.30    -9999
TSUMEB     061213 300  184500-185000   00     351.25  657.7    343.78    -1.40    -9999
TSUMEB     061213 300  185000-185500   00     355.63  657.7    348.06    -0.20    -9999
TSUMEB     061213 300  185500-190000   00     357.11  657.7    349.51     0.20    -9999
TSUMEB     061213 300  190000-190500   00     358.64  657.7    351.01     0.70    -9999
TSUMEB     061213 300  190500-191000   00     354.53  657.8    347.31    -0.40    -9999
TSUMEB     061213 300  191000-191500   00     355.07  657.8    347.84    -0.30    -9999
TSUMEB     061213 300  191500-192000   00     357.91  657.9    350.82     0.60    -9999
TSUMEB     061213 300  192000-192500   00     357.94  657.9    351.11     0.60    -9999
TSUMEB     061213 300  192500-193000   00     357.70  658.0    351.07     0.60    -9999
TSUMEB     061213 300  193000-193500   00     356.62  658.0    350.01     0.30    -9999
TSUMEB     061213 300  193500-194000   00     353.14  658.1    346.92    -0.50    -9999
TSUMEB     061213 300  194000-194500   00     353.12  658.1    346.90    -0.50    -9999
TSUMEB     061213 300  194500-195000   00     356.34  658.1    350.19     0.40    -9999
TSUMEB     061213 300  195000-195500   00     352.79  658.2    346.90    -0.50    -9999
TSUMEB     061213 300  195500-200000   00     358.10  658.2    352.13     1.00    -9999
TSUMEB     061213 300  200000-200500   00     356.84  658.3    351.08     0.60    -9999
TSUMEB     061213 300  200500-201000   00     357.24  658.3    351.61     0.80    -9999
TSUMEB     061213 300  201000-201500   00     352.91  658.4    347.61    -0.30    -9999
TSUMEB     061213 300  201500-202000   00     356.97  658.4    351.67     0.80    -9999
TSUMEB     061213 300  202000-202500   00     354.66  658.4    349.40     0.10    -9999
TSUMEB     061213 300  202500-203000   00     352.09  658.4    346.99    -0.50    -9999
TSUMEB     061213 300  203000-203500   00     351.24  658.5    346.35    -0.70    -9999
TSUMEB     061213 300  203500-204000   00     352.19  658.5    347.29    -0.40    -9999
TSUMEB     061213 300  204000-204500   00     350.93  658.5    346.17    -0.80    -9999
TSUMEB     061213 300  204500-205000   00     349.02  658.6    344.48    -1.20    -9999
TSUMEB     061213 300  205000-205500   00     354.75  658.6    350.14     0.40    -9999
TSUMEB     061213 300  205500-210000   00     352.27  658.6    347.75    -0.30    -9999
TSUMEB     061213 300  210000-210500   00     352.33  658.6    347.75    -0.30    -9999
TSUMEB     061213 300  210500-211000   00     353.81  658.6    349.27     0.10    -9999
TSUMEB     061213 300  211000-211500   00     356.90  658.7    352.58     1.10    -9999
TSUMEB     061213 300  211500-212000   00     351.57  658.7    347.32    -0.40    -9999
TSUMEB     061213 300  212000-212500   00     352.08  658.7    347.83    -0.30    -9999
TSUMEB     061213 300  212500-213000   00     351.68  658.7    347.30    -0.40    -9999
TSUMEB     061213 300  213000-213500   00     351.14  658.7    346.89    -0.60    -9999
TSUMEB     061213 300  213500-214000   00     354.18  658.7    349.90     0.30    -9999
TSUMEB     061213 300  214000-214500   00     351.88  658.7    347.63    -0.30    -9999
TSUMEB     061213 300  214500-215000   00     353.84  658.7    349.57     0.20    -9999
TSUMEB     061213 300  215000-215500   00     354.69  658.6    350.14     0.40    -9999
TSUMEB     061213 300  215500-220000   00     352.00  658.7    347.68    -0.30    -9999
TSUMEB     061213 300  220000-220500   00     353.29  658.6    348.70     0.00    -9999
TSUMEB     061213 300  220500-221000   00     353.49  658.6    348.89     0.00    -9999
TSUMEB     061213 300  221000-221500   00     353.95  658.5    349.15     0.10    -9999
TSUMEB     061213 300  221500-222000   00     347.25  658.5    342.55    -1.80    -9999
TSUMEB     061213 300  222000-222500   00     350.29  658.5    345.54    -0.90    -9999
TSUMEB     061213 300  222500-223000   00     356.92  658.5    352.08     0.90    -9999
TSUMEB     061213 300  223000-223500   00     355.76  658.5    350.81     0.60    -9999
TSUMEB     061213 300  223500-224000   00     353.79  658.5    348.79     0.00    -9999
TSUMEB     061213 300  224000-224500   00     354.65  658.4    349.38     0.10    -9999
TSUMEB     061213 300  224500-225000   00     357.30  658.4    351.99     0.90    -9999
TSUMEB     061213 300  225000-225500   00     351.93  658.3    346.51    -0.70    -9999
TSUMEB     061213 300  225500-230000   00     352.26  658.3    346.71    -0.60    -9999
TSUMEB     061213 300  230000-230500   00     355.77  658.3    350.16     0.40    -9999
TSUMEB     061213 300  230500-231000   00     352.34  658.2    346.59    -0.60    -9999
TSUMEB     061213 300  231000-231500   00     353.58  658.2    347.54    -0.40    -9999
TSUMEB     061213 300  231500-232000   00     356.31  658.1    350.03     0.40    -9999
TSUMEB     061213 300  232000-232500   00     355.82  658.1    349.55     0.20    -9999
TSUMEB     061213 300  232500-233000   00     353.99  658.1    347.75    -0.30    -9999
TSUMEB     061213 300  233000-233500   00     355.82  658.1    349.55     0.20    -9999
TSUMEB     061213 300  233500-234000   00     355.68  658.1    349.42     0.20    -9999
TSUMEB     061213 300  234000-234500   00     353.64  658.1    347.42    -0.40    -9999
TSUMEB     061213 300  234500-235000   00     352.24  658.0    345.77    -0.90    -9999
TSUMEB     061213 300  235000-235500   00     354.15  658.1    347.91    -0.30    -9999
TSUMEB     061213 300  235500-240000   00     354.91  658.1    348.73     0.00    -9999
*
COMMENT UNIVERISTY OF OULU: FILE GENERATED FROM DATABASE AND OBTAINED FROM
COMMENT https://gle.oulu.fi at 2023-02-24 11:29:29 +00:00
COMMENT FOR HISTORICAL/ORIGINAL TEXT FILES SEE https://gle.oulu.fi/txtarchive/
COMMENT ORIGINAL AT https://gle.oulu.fi/txtarchive/GLE70/C070TSMB.DAT
COMMENT DETRENDED DATA SHOW -9999 IF EQUAL TO INC% COLUMN 