THULE      LATITUDE    76.6      LONGITUDE     -68.8     ALTITUDE    260 M
THULE      INSTRUMENT   9NM64    NEUTRON MONITOR     	
THULE      STANDARD PRESSURE    996.4   mb     COEFFICIENT   -0.743    % / mb
THULE      PRE-INCREASE BASELINE TIME INTERVAL    061213    010000-020000   UT
THULE      PRE-INCREASE AVERAGE COUNTING RATE    221.82      COUNTS PER SECOND
THULE      TIME INTERVALS    300         3600     
THULE      SCALE FACTORS     1           1        
STATION    YYMMDD  SEC   TIME (UT)   CODE    UNCORR. PRESS.    CORR.    % INC.	DETRENDED
                         INTERVAL    TD      C/S     (mb)      C/S
THULE      061212 3600 000000-010000   00    -999.00 -999.0    219.93    -0.90    -9999
THULE      061212 3600 010000-020000   00    -999.00 -999.0    220.03    -0.80    -9999
THULE      061212 3600 020000-030000   00    -999.00 -999.0    219.83    -0.90    -9999
THULE      061212 3600 030000-040000   00    -999.00 -999.0    220.81    -0.50    -9999
THULE      061212 3600 040000-050000   00    -999.00 -999.0    220.60    -0.50    -9999
THULE      061212 3600 050000-060000   00    -999.00 -999.0    220.60    -0.50    -9999
THULE      061212 3600 060000-070000   00    -999.00 -999.0    221.27    -0.20    -9999
THULE      061212 3600 070000-080000   00    -999.00 -999.0    220.29    -0.70    -9999
THULE      061212 3600 080000-090000   00    -999.00 -999.0    220.65    -0.50    -9999
THULE      061212 3600 090000-100000   00    -999.00 -999.0    221.11    -0.30    -9999
THULE      061212 3600 100000-110000   00    -999.00 -999.0    220.96    -0.40    -9999
THULE      061212 3600 110000-120000   00    -999.00 -999.0    220.75    -0.50    -9999
THULE      061212 3600 120000-130000   00    -999.00 -999.0    220.81    -0.50    -9999
THULE      061212 3600 130000-140000   00    -999.00 -999.0    221.83     0.00    -9999
THULE      061212 3600 140000-150000   00    -999.00 -999.0    222.40     0.30    -9999
THULE      061212 3600 150000-160000   00    -999.00 -999.0    222.55     0.30    -9999
THULE      061212 3600 160000-170000   00    -999.00 -999.0    222.81     0.40    -9999
THULE      061212 3600 170000-180000   00    -999.00 -999.0    222.97     0.50    -9999
THULE      061212 3600 180000-190000   00    -999.00 -999.0    222.04     0.10    -9999
THULE      061212 3600 190000-200000   00    -999.00 -999.0    223.07     0.60    -9999
THULE      061212 3600 200000-210000   00    -999.00 -999.0    222.76     0.40    -9999
THULE      061212 3600 210000-220000   00    -999.00 -999.0    222.71     0.40    -9999
THULE      061212 3600 220000-230000   00    -999.00 -999.0    222.71     0.40    -9999
THULE      061212 3600 230000-240000   00    -999.00 -999.0    222.35     0.20    -9999
THULE      061213 3600 000000-010000   00     221.40  996.9    222.22     0.18    -9999
THULE      061213 300  010000-010500   00     221.68  996.4    221.69    -0.06    -9999
THULE      061213 300  010500-011000   00     221.02  996.4    221.04    -0.35    -9999
THULE      061213 300  011000-011500   00     222.24  996.4    222.27     0.20    -9999
THULE      061213 300  011500-012000   00     223.32  996.4    223.37     0.69    -9999
THULE      061213 300  012000-012500   00     221.78  996.4    221.84     0.01    -9999
THULE      061213 300  012500-013000   00     220.08  996.4    220.15    -0.75    -9999
THULE      061213 300  013000-013500   00     222.56  996.5    222.65     0.37    -9999
THULE      061213 300  013500-014000   00     220.38  996.5    220.48    -0.61    -9999
THULE      061213 300  014000-014500   00     222.72  996.5    222.84     0.46    -9999
THULE      061213 300  014500-015000   00     220.12  996.5    220.25    -0.71    -9999
THULE      061213 300  015000-015500   00     224.14  996.5    224.28     1.11    -9999
THULE      061213 300  015500-020000   00     221.82  996.5    221.98     0.07    -9999
THULE      061213 300  020000-020500   00     221.18  996.5    221.34    -0.22    -0.85
THULE      061213 300  020500-021000   00     219.74  996.5    219.90    -0.86    -1.50
THULE      061213 300  021000-021500   00     221.10  996.5    221.26    -0.25    -0.90
THULE      061213 300  021500-022000   00     220.94  996.5    221.10    -0.32    -0.99
THULE      061213 300  022000-022500   00     224.58  996.5    224.75     1.32     0.64
THULE      061213 300  022500-023000   00     220.92  996.5    221.08    -0.33    -1.03
THULE      061213 300  023000-023500   00     219.86  996.5    220.02    -0.81    -1.52
THULE      061213 300  023500-024000   00     223.54  996.5    223.71     0.85     0.13
THULE      061213 300  024000-024500   00     224.14  996.5    224.31     1.12     0.38
THULE      061213 300  024500-025000   00     219.04  996.5    219.20    -1.18    -1.93
THULE      061213 300  025000-025500   00     223.26  996.5    223.43     0.72    -0.04
THULE      061213 300  025500-030000   00     224.10  996.5    224.27     1.10     0.33
THULE      061213 300  030000-030500   00     226.76  996.5    226.91     2.29     1.50
THULE      061213 300  030500-031000   00     230.86  996.5    230.95     4.11     3.31
THULE      061213 300  031000-031500   00     243.22  996.4    243.26     9.66     8.85
THULE      061213 300  031500-032000   00     254.28  996.4    254.25    14.62    13.79
THULE      061213 300  032000-032500   00     261.56  996.4    261.47    17.87    17.03
THULE      061213 300  032500-033000   00     262.10  996.3    261.94    18.09    17.24
THULE      061213 300  033000-033500   00     267.90  996.3    267.67    20.67    19.81
THULE      061213 300  033500-034000   00     267.46  996.3    267.17    20.44    19.57
THULE      061213 300  034000-034500   00     267.94  996.2    267.58    20.63    19.74
THULE      061213 300  034500-035000   00     261.28  996.2    260.87    17.60    16.70
THULE      061213 300  035000-035500   00     264.98  996.2    264.50    19.24    18.33
THULE      061213 300  035500-040000   00     263.12  996.1    262.57    18.37    17.45
THULE      061213 300  040000-040500   00     262.76  996.1    262.16    18.19    17.26
THULE      061213 300  040500-041000   00     262.72  996.1    262.07    18.14    17.20
THULE      061213 300  041000-041500   00     259.52  996.0    258.83    16.68    15.72
THULE      061213 300  041500-042000   00     256.76  996.0    256.02    15.42    14.45
THULE      061213 300  042000-042500   00     255.54  996.0    254.76    14.85    13.87
THULE      061213 300  042500-043000   00     252.90  996.0    252.08    13.64    12.65
THULE      061213 300  043000-043500   00     251.84  995.9    250.98    13.15    12.15
THULE      061213 300  043500-044000   00     252.26  995.9    251.35    13.31    12.30
THULE      061213 300  044000-044500   00     249.78  995.9    248.83    12.18    11.16
THULE      061213 300  044500-045000   00     245.30  995.9    244.33    10.15     9.12
THULE      061213 300  045000-045500   00     245.00  995.8    243.98     9.99     8.95
THULE      061213 300  045500-050000   00     245.42  995.8    244.35    10.16     9.11
THULE      061213 300  050000-050500   00     244.06  995.8    242.95     9.53     8.47
THULE      061213 300  050500-051000   00     241.32  995.8    240.16     8.27     7.20
THULE      061213 300  051000-051500   00     242.26  995.7    241.04     8.66     7.58
THULE      061213 300  051500-052000   00     239.46  995.7    238.20     7.38     6.29
THULE      061213 300  052000-052500   00     239.02  995.7    237.70     7.16     6.06
THULE      061213 300  052500-053000   00     239.70  995.6    238.32     7.44     6.33
THULE      061213 300  053000-053500   00     239.54  995.6    238.10     7.34     6.22
THULE      061213 300  053500-054000   00     239.26  995.6    237.76     7.19     6.06
THULE      061213 300  054000-054500   00     239.40  995.5    237.84     7.22     6.08
THULE      061213 300  054500-055000   00     238.20  995.5    236.59     6.66     5.51
THULE      061213 300  055000-055500   00     234.42  995.5    232.78     4.94     3.78
THULE      061213 300  055500-060000   00     236.50  995.4    234.78     5.84     4.67
THULE      061213 300  060000-060500   00     232.92  995.4    231.17     4.22     3.04
THULE      061213 300  060500-061000   00     238.96  995.4    237.11     6.89     5.71
THULE      061213 300  061000-061500   00     233.90  995.3    232.03     4.60     3.41
THULE      061213 300  061500-062000   00     238.56  995.3    236.60     6.66     5.46
THULE      061213 300  062000-062500   00     236.20  995.3    234.20     5.58     4.37
THULE      061213 300  062500-063000   00     232.98  995.2    230.95     4.11     2.89
THULE      061213 300  063000-063500   00     236.90  995.2    234.77     5.84     4.61
THULE      061213 300  063500-064000   00     234.90  995.2    232.74     4.92     3.69
THULE      061213 300  064000-064500   00     234.22  995.1    232.00     4.59     3.35
THULE      061213 300  064500-065000   00     232.16  995.1    229.90     3.64     2.39
THULE      061213 300  065000-065500   00     233.96  995.1    231.63     4.42     3.16
THULE      061213 300  065500-070000   00     232.10  995.0    229.73     3.57     2.30
THULE      061213 300  070000-070500   00     230.18  995.0    227.80     2.70     1.43
THULE      061213 300  070500-071000   00     230.32  995.0    227.94     2.76     1.48
THULE      061213 300  071000-071500   00     231.98  995.0    229.58     3.50     2.21
THULE      061213 300  071500-072000   00     231.34  995.0    228.95     3.21     1.91
THULE      061213 300  072000-072500   00     234.74  995.0    232.31     4.73     3.43
THULE      061213 300  072500-073000   00     230.00  995.0    227.62     2.61     1.30
THULE      061213 300  073000-073500   00     230.60  995.0    228.21     2.88     1.56
THULE      061213 300  073500-074000   00     230.30  995.0    227.92     2.75     1.43
THULE      061213 300  074000-074500   00     229.46  995.0    227.09     2.37     1.04
THULE      061213 300  074500-075000   00     231.52  995.0    229.13     3.29     1.95
THULE      061213 300  075000-075500   00     228.94  995.0    226.57     2.14     0.80
THULE      061213 300  075500-080000   00     230.46  995.0    228.07     2.82     1.47
THULE      061213 3600 080000-090000   00     229.55  994.8    226.83     2.26     0.87
THULE      061213 3600 090000-100000   00     228.58  994.8    225.88     1.83     0.38
THULE      061213 3600 100000-110000   00     228.00  994.7    225.14     1.49     0.00
THULE      061213 3600 110000-120000   00     227.77  994.3    224.24     1.09    -9999
THULE      061213 3600 120000-130000   00     227.83  993.9    223.64     0.82    -9999
THULE      061213 3600 130000-140000   00     229.09  993.5    224.21     1.08    -9999
THULE      061213 3600 140000-150000   00     229.06  993.2    223.68     0.84    -9999
THULE      061213 3600 150000-160000   00     230.50  993.1    224.91     1.39    -9999
THULE      061213 3600 160000-170000   00     230.01  993.0    224.27     1.10    -9999
THULE      061213 3600 170000-180000   00     229.72  992.7    223.49     0.75    -9999
THULE      061213 3600 180000-190000   00     229.57  992.7    223.34     0.69    -9999
THULE      061213 3600 190000-200000   00     228.68  992.9    222.81     0.44    -9999
THULE      061213 3600 200000-210000   00     228.94  993.0    223.23     0.63    -9999
THULE      061213 3600 210000-220000   00     228.54  992.9    222.67     0.38    -9999
THULE      061213 3600 220000-230000   00     228.53  992.9    222.66     0.38    -9999
THULE      061213 3600 230000-240000   00     224.90  992.8    218.96    -1.29    -9999
*
"Comment: The Clock of Regisrator is fast on+sec (slow on-sec) is supporting by GPS or InternetClockServer;"	
COMMENT UNIVERISTY OF OULU: FILE GENERATED FROM DATABASE AND OBTAINED FROM
COMMENT https://gle.oulu.fi at 2023-02-24 11:29:29 +00:00
COMMENT FOR HISTORICAL/ORIGINAL TEXT FILES SEE https://gle.oulu.fi/txtarchive/
COMMENT ORIGINAL AT https://gle.oulu.fi/txtarchive/GLE70/C070THUL_cor.DAT
COMMENT DETRENDED DATA SHOW -9999 IF EQUAL TO INC% COLUMN 