LOMNICKY   LATITUDE    49.2      LONGITUDE     20.22     ALTITUDE    2634 M
LOMNICKY   INSTRUMENT   8-NM-64  NEUTRON MONITOR	
LOMNICKY   STANDARD PRESSURE    550     MMHG   COEFFICIENT   -0.95     % / MMHG
LOMNICKY   PRE-INCREASE BASELINE TIME INTERVAL    061213    010000-020000   UT
LOMNICKY   PRE-INCREASE AVERAGE COUNTING RATE    442.69      COUNTS PER SECOND
LOMNICKY   TIME INTERVALS    300         3600     
LOMNICKY   SCALE FACTORS     1           1        
STATION    YYMMDD  SEC   TIME (UT)   CODE    UNCORR. PRESS.    CORR.    % INC.	DETRENDED
                         INTERVAL    TD      C/S    (MMHG)     C/S
LOMNICKY   061212 3600 000000-010000   00     429.64  552.7    440.82    -0.40    -9999
LOMNICKY   061212 3600 010000-020000   00     430.49  552.5    440.86    -0.40    -9999
LOMNICKY   061212 3600 020000-030000   00     431.66  552.1    440.37    -0.50    -9999
LOMNICKY   061212 3600 030000-040000   00     432.28  551.9    440.17    -0.60    -9999
LOMNICKY   061212 3600 040000-050000   00     434.06  551.7    441.14    -0.40    -9999
LOMNICKY   061212 3600 050000-060000   00     436.91  551.6    443.62     0.20    -9999
LOMNICKY   061212 3600 060000-070000   00     437.57  551.5    443.86     0.30    -9999
LOMNICKY   061212 3600 070000-080000   00     436.87  551.6    443.58     0.20    -9999
LOMNICKY   061212 3600 080000-090000   00     437.20  551.6    443.91     0.30    -9999
LOMNICKY   061212 3600 090000-100000   00     437.66  551.4    443.53     0.20    -9999
LOMNICKY   061212 3600 100000-110000   00     438.96  551.2    444.01     0.30    -9999
LOMNICKY   061212 3600 110000-120000   00     439.36  551.0    443.56     0.20    -9999
LOMNICKY   061212 3600 120000-130000   00     441.10  551.0    445.32     0.60    -9999
LOMNICKY   061212 3600 130000-140000   00     440.85  551.1    445.49     0.60    -9999
LOMNICKY   061212 3600 140000-150000   00     441.48  551.3    446.98     1.00    -9999
LOMNICKY   061212 3600 150000-160000   00     438.34  551.2    443.38     0.20    -9999
LOMNICKY   061212 3600 160000-170000   00     438.82  551.2    443.86     0.30    -9999
LOMNICKY   061212 3600 170000-180000   00     435.66  551.3    441.08    -0.40    -9999
LOMNICKY   061212 3600 180000-190000   00     435.31  551.7    442.41    -0.10    -9999
LOMNICKY   061212 3600 190000-200000   00     433.65  551.9    441.57    -0.30    -9999
LOMNICKY   061212 3600 200000-210000   00     432.55  552.3    442.13    -0.10    -9999
LOMNICKY   061212 3600 210000-220000   00     431.36  552.7    442.59     0.00    -9999
LOMNICKY   061212 3600 220000-230000   00     430.43  553.1    443.32     0.10    -9999
LOMNICKY   061212 3600 230000-240000   00     428.61  553.4    442.71     0.00    -9999
LOMNICKY   061213 300  000000-000500   00     425.81  553.6    440.66    -0.50    -9999
LOMNICKY   061213 300  000500-001000   00     426.12  553.6    440.98    -0.40    -9999
LOMNICKY   061213 300  001000-001500   00     429.05  553.6    444.01     0.30    -9999
LOMNICKY   061213 300  001500-002000   00     423.38  553.7    438.56    -0.90    -9999
LOMNICKY   061213 300  002000-002500   00     426.49  553.7    441.78    -0.20    -9999
LOMNICKY   061213 300  002500-003000   00     427.10  553.7    442.41    -0.10    -9999
LOMNICKY   061213 300  003000-003500   00     423.02  553.7    438.19    -1.00    -9999
LOMNICKY   061213 300  003500-004000   00     428.83  553.8    444.63     0.40    -9999
LOMNICKY   061213 300  004000-004500   00     423.47  553.8    439.07    -0.80    -9999
LOMNICKY   061213 300  004500-005000   00     429.17  553.8    444.98     0.50    -9999
LOMNICKY   061213 300  005000-005500   00     428.37  553.8    444.15     0.30    -9999
LOMNICKY   061213 300  005500-010000   00     425.99  553.8    441.69    -0.20    -9999
LOMNICKY   061213 300  010000-010500   00     428.32  553.8    444.10     0.30    -9999
LOMNICKY   061213 300  010500-011000   00     426.61  553.9    442.75     0.00    -9999
LOMNICKY   061213 300  011000-011500   00     427.79  553.9    443.97     0.30    -9999
LOMNICKY   061213 300  011500-012000   00     427.57  553.9    443.74     0.20    -9999
LOMNICKY   061213 300  012000-012500   00     424.83  553.9    440.90    -0.40    -9999
LOMNICKY   061213 300  012500-013000   00     424.20  554.0    440.67    -0.50    -9999
LOMNICKY   061213 300  013000-013500   00     427.56  554.0    444.16     0.30    -9999
LOMNICKY   061213 300  013500-014000   00     428.54  553.9    444.75     0.50    -9999
LOMNICKY   061213 300  014000-014500   00     426.71  554.0    443.27     0.10    -9999
LOMNICKY   061213 300  014500-015000   00     426.64  554.0    443.20     0.10    -9999
LOMNICKY   061213 300  015000-015500   00     424.40  554.0    440.87    -0.40    -9999
LOMNICKY   061213 300  015500-020000   00     423.46  554.0    439.90    -0.60    -9999
LOMNICKY   061213 300  020000-020500   00     426.88  554.0    443.45     0.20     0.09
LOMNICKY   061213 300  020500-021000   00     424.84  554.0    441.33    -0.30    -0.43
LOMNICKY   061213 300  021000-021500   00     424.46  554.0    440.93    -0.40    -0.55
LOMNICKY   061213 300  021500-022000   00     424.54  554.0    441.01    -0.40    -0.57
LOMNICKY   061213 300  022000-022500   00     426.29  553.9    442.42    -0.10    -0.29
LOMNICKY   061213 300  022500-023000   00     427.69  554.0    444.29     0.40     0.20
LOMNICKY   061213 300  023000-023500   00     424.62  554.0    441.10    -0.40    -0.62
LOMNICKY   061213 300  023500-024000   00     425.42  553.9    441.52    -0.30    -0.54
LOMNICKY   061213 300  024000-024500   00     425.33  554.0    441.84    -0.20    -0.45
LOMNICKY   061213 300  024500-025000   00     425.85  554.0    442.38    -0.10    -0.37
LOMNICKY   061213 300  025000-025500   00     439.40  553.9    456.02     3.00     2.71
LOMNICKY   061213 300  025500-030000   00     471.09  554.0    489.37    10.50    10.19
LOMNICKY   061213 300  030000-030500   00     469.04  553.9    486.79    10.00     9.68
LOMNICKY   061213 300  030500-031000   00     452.21  553.9    469.31     6.00     5.66
LOMNICKY   061213 300  031000-031500   00     438.40  553.9    454.98     2.80     2.45
LOMNICKY   061213 300  031500-032000   00     439.85  553.9    456.48     3.10     2.73
LOMNICKY   061213 300  032000-032500   00     438.96  554.0    456.00     3.00     2.61
LOMNICKY   061213 300  032500-033000   00     437.59  553.9    454.14     2.60     2.20
LOMNICKY   061213 300  033000-033500   00     441.27  553.9    457.96     3.50     3.08
LOMNICKY   061213 300  033500-034000   00     438.51  553.9    455.10     2.80     2.37
LOMNICKY   061213 300  034000-034500   00     436.34  553.8    452.42     2.20     1.75
LOMNICKY   061213 300  034500-035000   00     431.84  553.8    447.75     1.10     0.64
LOMNICKY   061213 300  035000-035500   00     432.15  553.8    448.07     1.20     0.72
LOMNICKY   061213 300  035500-040000   00     430.20  553.8    446.04     0.80     0.31
LOMNICKY   061213 300  040000-040500   00     432.02  553.8    447.93     1.20     0.69
LOMNICKY   061213 300  040500-041000   00     434.21  553.8    450.21     1.70     1.18
LOMNICKY   061213 300  041000-041500   00     434.55  553.8    450.55     1.80     1.27
LOMNICKY   061213 300  041500-042000   00     435.07  553.8    451.09     1.90     1.35
LOMNICKY   061213 300  042000-042500   00     433.69  553.8    449.67     1.60     1.04
LOMNICKY   061213 300  042500-043000   00     435.15  553.8    451.18     1.90     1.33
LOMNICKY   061213 300  043000-043500   00     432.37  553.8    448.30     1.30     0.71
LOMNICKY   061213 300  043500-044000   00     429.27  553.9    445.51     0.60     0.00
LOMNICKY   061213 300  044000-044500   00     433.15  553.9    449.54     1.50     0.89
LOMNICKY   061213 300  044500-045000   00     431.84  553.8    447.74     1.10     0.47
LOMNICKY   061213 300  045000-045500   00     431.40  553.9    447.72     1.10     0.46
LOMNICKY   061213 300  045500-050000   00     432.57  553.9    448.93     1.40     0.75
LOMNICKY   061213 300  050000-050500   00     429.82  553.8    445.65     0.70     0.04
LOMNICKY   061213 300  050500-051000   00     429.37  553.8    445.18     0.60    -0.08
LOMNICKY   061213 300  051000-051500   00     430.53  553.9    446.81     0.90     0.21
LOMNICKY   061213 300  051500-052000   00     429.27  553.9    445.51     0.60    -0.10
LOMNICKY   061213 300  052000-052500   00     427.79  553.9    443.97     0.30    -0.41
LOMNICKY   061213 300  052500-053000   00     431.17  553.9    447.48     1.10     0.38
LOMNICKY   061213 300  053000-053500   00     429.18  554.0    445.84     0.70    -0.03
LOMNICKY   061213 300  053500-054000   00     429.95  554.0    446.64     0.90     0.16
LOMNICKY   061213 300  054000-054500   00     430.06  553.9    446.33     0.80     0.04
LOMNICKY   061213 300  054500-055000   00     432.12  554.0    448.90     1.40     0.63
LOMNICKY   061213 300  055000-055500   00     427.23  554.0    443.82     0.30    -0.48
LOMNICKY   061213 300  055500-060000   00     430.39  554.0    447.10     1.00     0.21
LOMNICKY   061213 300  060000-060500   00     428.11  553.9    444.31     0.40    -0.40
LOMNICKY   061213 300  060500-061000   00     427.80  553.9    443.98     0.30    -9999
LOMNICKY   061213 300  061000-061500   00     429.99  553.9    446.25     0.80    -9999
LOMNICKY   061213 300  061500-062000   00     432.34  553.9    448.69     1.40    -9999
LOMNICKY   061213 300  062000-062500   00     429.53  553.9    445.77     0.70    -9999
LOMNICKY   061213 300  062500-063000   00     432.97  553.9    449.34     1.50    -9999
LOMNICKY   061213 300  063000-063500   00     426.74  553.9    442.88     0.00    -9999
LOMNICKY   061213 300  063500-064000   00     426.49  553.9    442.62     0.00    -9999
LOMNICKY   061213 300  064000-064500   00     430.95  553.8    446.83     0.90    -9999
LOMNICKY   061213 300  064500-065000   00     430.04  553.7    445.46     0.60    -9999
LOMNICKY   061213 300  065000-065500   00     429.44  553.8    445.26     0.60    -9999
LOMNICKY   061213 300  065500-070000   00     429.91  553.8    445.75     0.70    -9999
LOMNICKY   061213 300  070000-070500   00     430.43  553.7    445.86     0.70    -9999
LOMNICKY   061213 300  070500-071000   00     433.80  553.7    449.36     1.50    -9999
LOMNICKY   061213 300  071000-071500   00     431.21  553.7    446.67     0.90    -9999
LOMNICKY   061213 300  071500-072000   00     431.16  553.7    446.61     0.90    -9999
LOMNICKY   061213 300  072000-072500   00     428.94  553.8    444.74     0.50    -9999
LOMNICKY   061213 300  072500-073000   00     431.71  553.7    447.19     1.00    -9999
LOMNICKY   061213 300  073000-073500   00     430.66  553.7    446.10     0.80    -9999
LOMNICKY   061213 300  073500-074000   00     428.85  553.7    444.23     0.30    -9999
LOMNICKY   061213 300  074000-074500   00     432.03  553.7    447.52     1.10    -9999
LOMNICKY   061213 300  074500-075000   00     431.52  553.7    446.99     1.00    -9999
LOMNICKY   061213 300  075000-075500   00     430.95  553.8    446.83     0.90    -9999
LOMNICKY   061213 300  075500-080000   00     435.54  553.8    451.58     2.00    -9999
LOMNICKY   061213 300  080000-080500   00     431.41  553.8    447.30     1.00    -9999
LOMNICKY   061213 300  080500-081000   00     430.93  553.8    446.81     0.90    -9999
LOMNICKY   061213 300  081000-081500   00     432.61  553.8    448.54     1.30    -9999
LOMNICKY   061213 300  081500-082000   00     432.97  553.8    448.92     1.40    -9999
LOMNICKY   061213 300  082000-082500   00     430.27  553.9    446.54     0.90    -9999
LOMNICKY   061213 300  082500-083000   00     434.10  553.9    450.52     1.80    -9999
LOMNICKY   061213 300  083000-083500   00     433.00  553.9    449.38     1.50    -9999
LOMNICKY   061213 300  083500-084000   00     430.57  553.9    446.85     0.90    -9999
LOMNICKY   061213 300  084000-084500   00     431.39  553.9    447.70     1.10    -9999
LOMNICKY   061213 300  084500-085000   00     431.98  553.9    448.32     1.30    -9999
LOMNICKY   061213 300  085000-085500   00     429.23  553.9    445.47     0.60    -9999
LOMNICKY   061213 300  085500-090000   00     430.74  553.9    447.04     1.00    -9999
LOMNICKY   061213 300  090000-090500   00     432.98  553.9    449.36     1.50    -9999
LOMNICKY   061213 300  090500-091000   00     431.41  553.9    447.73     1.10    -9999
LOMNICKY   061213 300  091000-091500   00     435.44  553.9    451.91     2.10    -9999
LOMNICKY   061213 300  091500-092000   00     432.05  553.9    448.39     1.30    -9999
LOMNICKY   061213 300  092000-092500   00     430.76  553.9    447.06     1.00    -9999
LOMNICKY   061213 300  092500-093000   00     430.22  553.8    446.07     0.80    -9999
LOMNICKY   061213 300  093000-093500   00     431.31  553.9    447.62     1.10    -9999
LOMNICKY   061213 300  093500-094000   00     431.55  553.8    447.45     1.10    -9999
LOMNICKY   061213 300  094000-094500   00     430.09  553.7    445.51     0.60    -9999
LOMNICKY   061213 300  094500-095000   00     430.56  553.5    445.15     0.60    -9999
LOMNICKY   061213 300  095000-095500   00     432.65  553.6    447.73     1.10    -9999
LOMNICKY   061213 300  095500-100000   00     435.38  553.7    450.99     1.90    -9999
LOMNICKY   061213 300  100000-100500   00     430.51  553.7    445.95     0.70    -9999
LOMNICKY   061213 300  100500-101000   00     433.24  553.6    448.34     1.30    -9999
LOMNICKY   061213 300  101000-101500   00     432.47  553.6    447.55     1.10    -9999
LOMNICKY   061213 300  101500-102000   00     434.21  553.7    449.77     1.60    -9999
LOMNICKY   061213 300  102000-102500   00     429.53  553.6    444.50     0.40    -9999
LOMNICKY   061213 300  102500-103000   00     434.45  553.6    449.60     1.60    -9999
LOMNICKY   061213 300  103000-103500   00     433.59  553.6    448.71     1.40    -9999
LOMNICKY   061213 300  103500-104000   00     432.06  553.6    447.12     1.00    -9999
LOMNICKY   061213 300  104000-104500   00     433.58  553.6    448.69     1.40    -9999
LOMNICKY   061213 300  104500-105000   00     432.03  553.6    447.09     1.00    -9999
LOMNICKY   061213 300  105000-105500   00     430.61  553.7    446.05     0.80    -9999
LOMNICKY   061213 300  105500-110000   00     433.18  553.6    448.29     1.30    -9999
LOMNICKY   061213 300  110000-110500   00     430.14  553.6    445.13     0.60    -9999
LOMNICKY   061213 300  110500-111000   00     434.12  553.5    448.83     1.40    -9999
LOMNICKY   061213 300  111000-111500   00     430.43  553.6    445.44     0.60    -9999
LOMNICKY   061213 300  111500-112000   00     433.31  553.6    448.42     1.30    -9999
LOMNICKY   061213 300  112000-112500   00     434.62  553.5    449.35     1.50    -9999
LOMNICKY   061213 300  112500-113000   00     431.27  553.6    446.30     0.80    -9999
LOMNICKY   061213 300  113000-113500   00     432.28  553.6    447.35     1.10    -9999
LOMNICKY   061213 300  113500-114000   00     429.13  553.6    444.10     0.30    -9999
LOMNICKY   061213 300  114000-114500   00     430.37  553.6    445.37     0.60    -9999
LOMNICKY   061213 300  114500-115000   00     431.10  553.5    445.71     0.70    -9999
LOMNICKY   061213 300  115000-115500   00     432.83  553.6    447.92     1.20    -9999
LOMNICKY   061213 300  115500-120000   00     433.25  553.6    448.36     1.30    -9999
LOMNICKY   061213 300  120000-120500   00     430.22  553.7    445.64     0.70    -9999
LOMNICKY   061213 300  120500-121000   00     429.24  553.7    444.63     0.40    -9999
LOMNICKY   061213 300  121000-121500   00     433.51  553.7    449.06     1.40    -9999
LOMNICKY   061213 300  121500-122000   00     431.74  553.7    447.22     1.00    -9999
LOMNICKY   061213 300  122000-122500   00     431.08  553.8    446.96     1.00    -9999
LOMNICKY   061213 300  122500-123000   00     433.87  553.7    449.43     1.50    -9999
LOMNICKY   061213 300  123000-123500   00     430.11  553.7    445.53     0.60    -9999
LOMNICKY   061213 300  123500-124000   00     427.87  553.8    443.63     0.20    -9999
LOMNICKY   061213 300  124000-124500   00     432.28  553.8    448.20     1.20    -9999
LOMNICKY   061213 300  124500-125000   00     427.99  553.9    444.18     0.30    -9999
LOMNICKY   061213 300  125000-125500   00     429.19  553.8    445.00     0.50    -9999
LOMNICKY   061213 300  125500-130000   00     427.68  553.8    443.44     0.20    -9999
LOMNICKY   061213 300  130000-130500   00     430.43  553.9    446.71     0.90    -9999
LOMNICKY   061213 300  130500-131000   00     431.67  553.9    448.00     1.20    -9999
LOMNICKY   061213 300  131000-131500   00     431.14  554.0    447.88     1.20    -9999
LOMNICKY   061213 300  131500-132000   00     427.23  554.0    443.82     0.30    -9999
LOMNICKY   061213 300  132000-132500   00     427.93  554.0    444.54     0.40    -9999
LOMNICKY   061213 300  132500-133000   00     428.50  554.0    445.13     0.60    -9999
LOMNICKY   061213 300  133000-133500   00     429.83  554.0    446.51     0.90    -9999
LOMNICKY   061213 300  133500-134000   00     430.53  554.0    447.24     1.00    -9999
LOMNICKY   061213 300  134000-134500   00     423.36  554.0    439.79    -0.70    -9999
LOMNICKY   061213 300  134500-135000   00     425.69  554.0    442.21    -0.10    -9999
LOMNICKY   061213 300  135000-135500   00     431.21  554.0    447.95     1.20    -9999
LOMNICKY   061213 300  135500-140000   00     431.58  554.1    448.76     1.40    -9999
LOMNICKY   061213 300  140000-140500   00     425.31  554.1    442.24    -0.10    -9999
LOMNICKY   061213 300  140500-141000   00     429.90  554.0    446.59     0.90    -9999
LOMNICKY   061213 300  141000-141500   00     429.77  554.1    446.88     0.90    -9999
LOMNICKY   061213 300  141500-142000   00     430.66  554.2    448.22     1.20    -9999
LOMNICKY   061213 300  142000-142500   00     430.01  554.2    447.55     1.10    -9999
LOMNICKY   061213 300  142500-143000   00     429.61  554.2    447.13     1.00    -9999
LOMNICKY   061213 300  143000-143500   00     427.28  554.2    444.71     0.50    -9999
LOMNICKY   061213 300  143500-144000   00     424.39  554.2    441.70    -0.20    -9999
LOMNICKY   061213 300  144000-144500   00     426.67  554.3    444.50     0.40    -9999
LOMNICKY   061213 300  144500-145000   00     424.63  554.3    442.37    -0.10    -9999
LOMNICKY   061213 300  145000-145500   00     426.27  554.3    444.09     0.30    -9999
LOMNICKY   061213 300  145500-150000   00     422.73  554.4    440.82    -0.40    -9999
LOMNICKY   061213 300  150000-150500   00     422.33  554.4    440.40    -0.50    -9999
LOMNICKY   061213 300  150500-151000   00     424.36  554.5    442.93     0.10    -9999
LOMNICKY   061213 300  151000-151500   00     427.95  554.5    446.68     0.90    -9999
LOMNICKY   061213 300  151500-152000   00     423.12  554.5    441.64    -0.20    -9999
LOMNICKY   061213 300  152000-152500   00     425.03  554.5    443.63     0.20    -9999
LOMNICKY   061213 300  152500-153000   00     423.95  554.5    442.50     0.00    -9999
LOMNICKY   061213 300  153000-153500   00     426.65  554.4    444.90     0.50    -9999
LOMNICKY   061213 300  153500-154000   00     423.51  554.5    442.05    -0.10    -9999
LOMNICKY   061213 300  154000-154500   00     422.14  554.6    441.04    -0.40    -9999
LOMNICKY   061213 300  154500-155000   00     424.25  554.6    443.24     0.10    -9999
LOMNICKY   061213 300  155000-155500   00     424.46  554.6    443.46     0.20    -9999
LOMNICKY   061213 300  155500-160000   00     421.98  554.7    441.29    -0.30    -9999
LOMNICKY   061213 300  160000-160500   00     425.88  554.5    444.52     0.40    -9999
LOMNICKY   061213 300  160500-161000   00     426.03  554.7    445.52     0.60    -9999
LOMNICKY   061213 300  161000-161500   00     423.49  554.6    442.45    -0.10    -9999
LOMNICKY   061213 300  161500-162000   00     420.71  554.7    439.97    -0.60    -9999
LOMNICKY   061213 300  162000-162500   00     422.57  554.7    441.91    -0.20    -9999
LOMNICKY   061213 300  162500-163000   00     425.49  554.7    444.96     0.50    -9999
LOMNICKY   061213 300  163000-163500   00     420.42  554.6    439.24    -0.80    -9999
LOMNICKY   061213 300  163500-164000   00     424.51  554.7    443.94     0.30    -9999
LOMNICKY   061213 300  164000-164500   00     424.28  554.7    443.70     0.20    -9999
LOMNICKY   061213 300  164500-165000   00     422.67  554.7    442.01    -0.20    -9999
LOMNICKY   061213 300  165000-165500   00     420.41  554.8    440.07    -0.60    -9999
LOMNICKY   061213 300  165500-170000   00     421.96  554.8    441.69    -0.20    -9999
LOMNICKY   061213 300  170000-170500   00     424.99  554.9    445.29     0.60    -9999
LOMNICKY   061213 300  170500-171000   00     419.43  554.8    439.04    -0.80    -9999
LOMNICKY   061213 300  171000-171500   00     422.53  554.8    442.28    -0.10    -9999
LOMNICKY   061213 300  171500-172000   00     420.87  554.9    440.96    -0.40    -9999
LOMNICKY   061213 300  172000-172500   00     421.23  554.9    441.35    -0.30    -9999
LOMNICKY   061213 300  172500-173000   00     423.26  555.0    443.89     0.30    -9999
LOMNICKY   061213 300  173000-173500   00     422.16  554.9    442.32    -0.10    -9999
LOMNICKY   061213 300  173500-174000   00     418.12  554.9    438.09    -1.00    -9999
LOMNICKY   061213 300  174000-174500   00     424.31  554.9    444.57     0.40    -9999
LOMNICKY   061213 300  174500-175000   00     420.91  554.9    441.01    -0.40    -9999
LOMNICKY   061213 300  175000-175500   00     420.77  554.9    440.86    -0.40    -9999
LOMNICKY   061213 300  175500-180000   00     424.89  554.9    445.18     0.60    -9999
LOMNICKY   061213 300  180000-180500   00     421.25  554.9    441.37    -0.30    -9999
LOMNICKY   061213 300  180500-181000   00     421.87  554.9    442.02    -0.20    -9999
LOMNICKY   061213 300  181000-181500   00     418.26  554.9    438.24    -1.00    -9999
LOMNICKY   061213 300  181500-182000   00     418.13  554.9    438.09    -1.00    -9999
LOMNICKY   061213 300  182000-182500   00     418.50  554.8    438.06    -1.00    -9999
LOMNICKY   061213 300  182500-183000   00     417.79  554.7    436.91    -1.30    -9999
LOMNICKY   061213 300  183000-183500   00     418.41  554.8    437.98    -1.10    -9999
LOMNICKY   061213 300  183500-184000   00     421.07  554.7    440.34    -0.50    -9999
LOMNICKY   061213 300  184000-184500   00     419.72  554.8    439.34    -0.80    -9999
LOMNICKY   061213 300  184500-185000   00     418.02  554.8    437.57    -1.20    -9999
LOMNICKY   061213 300  185000-185500   00     421.32  554.7    440.60    -0.50    -9999
LOMNICKY   061213 300  185500-190000   00     418.28  554.7    437.42    -1.20    -9999
LOMNICKY   061213 300  190000-190500   00     417.38  554.7    436.48    -1.40    -9999
LOMNICKY   061213 300  190500-191000   00     422.08  554.5    440.55    -0.50    -9999
LOMNICKY   061213 300  191000-191500   00     416.26  554.6    434.89    -1.80    -9999
LOMNICKY   061213 300  191500-192000   00     417.19  554.5    435.45    -1.60    -9999
LOMNICKY   061213 300  192000-192500   00     418.29  554.4    436.18    -1.50    -9999
LOMNICKY   061213 300  192500-193000   00     418.53  554.5    436.85    -1.30    -9999
LOMNICKY   061213 300  193000-193500   00     420.20  554.6    439.01    -0.80    -9999
LOMNICKY   061213 300  193500-194000   00     418.01  554.6    436.73    -1.30    -9999
LOMNICKY   061213 300  194000-194500   00     420.13  554.6    438.93    -0.80    -9999
LOMNICKY   061213 300  194500-195000   00     414.82  554.5    432.97    -2.20    -9999
LOMNICKY   061213 300  195000-195500   00     419.57  554.4    437.51    -1.20    -9999
LOMNICKY   061213 300  195500-200000   00     416.19  554.4    433.99    -2.00    -9999
LOMNICKY   061213 300  200000-200500   00     420.59  554.4    438.59    -0.90    -9999
LOMNICKY   061213 300  200500-201000   00     418.24  554.4    436.13    -1.50    -9999
LOMNICKY   061213 300  201000-201500   00     418.24  554.4    436.13    -1.50    -9999
LOMNICKY   061213 300  201500-202000   00     419.48  554.5    437.84    -1.10    -9999
LOMNICKY   061213 300  202000-202500   00     418.87  554.7    438.03    -1.10    -9999
LOMNICKY   061213 300  202500-203000   00     418.24  554.7    437.38    -1.20    -9999
LOMNICKY   061213 300  203000-203500   00     419.25  554.8    438.86    -0.90    -9999
LOMNICKY   061213 300  203500-204000   00     416.35  554.8    435.81    -1.60    -9999
LOMNICKY   061213 300  204000-204500   00     420.35  555.0    440.85    -0.40    -9999
LOMNICKY   061213 300  204500-205000   00     416.50  555.0    436.80    -1.30    -9999
LOMNICKY   061213 300  205000-205500   00     414.78  555.1    435.42    -1.60    -9999
LOMNICKY   061213 300  205500-210000   00     418.93  555.1    439.77    -0.70    -9999
LOMNICKY   061213 300  210000-210500   00     416.77  555.1    437.50    -1.20    -9999
LOMNICKY   061213 300  210500-211000   00     416.73  555.2    437.88    -1.10    -9999
LOMNICKY   061213 300  211000-211500   00     418.07  555.2    439.28    -0.80    -9999
LOMNICKY   061213 300  211500-212000   00     415.49  555.1    436.16    -1.50    -9999
LOMNICKY   061213 300  212000-212500   00     417.79  555.2    438.99    -0.80    -9999
LOMNICKY   061213 300  212500-213000   00     419.04  555.2    440.30    -0.50    -9999
LOMNICKY   061213 300  213000-213500   00     412.93  555.1    433.48    -2.10    -9999
LOMNICKY   061213 300  213500-214000   00     419.03  555.2    440.29    -0.50    -9999
LOMNICKY   061213 300  214000-214500   00     416.31  555.2    437.44    -1.20    -9999
LOMNICKY   061213 300  214500-215000   00     415.46  555.1    436.13    -1.50    -9999
LOMNICKY   061213 300  215000-215500   00     416.78  555.0    437.10    -1.30    -9999
LOMNICKY   061213 300  215500-220000   00     417.62  555.0    437.98    -1.10    -9999
LOMNICKY   061213 300  220000-220500   00     414.55  555.0    434.76    -1.80    -9999
LOMNICKY   061213 300  220500-221000   00     416.05  555.0    436.33    -1.40    -9999
LOMNICKY   061213 300  221000-221500   00     414.88  555.1    435.52    -1.60    -9999
LOMNICKY   061213 300  221500-222000   00     416.93  555.1    437.68    -1.10    -9999
LOMNICKY   061213 300  222000-222500   00     415.52  555.3    437.02    -1.30    -9999
LOMNICKY   061213 300  222500-223000   00     417.12  555.4    439.12    -0.80    -9999
LOMNICKY   061213 300  223000-223500   00     414.94  555.4    436.83    -1.30    -9999
LOMNICKY   061213 300  223500-224000   00     415.95  555.4    437.90    -1.10    -9999
LOMNICKY   061213 300  224000-224500   00     412.00  555.3    433.32    -2.10    -9999
LOMNICKY   061213 300  224500-225000   00     415.63  555.5    437.98    -1.10    -9999
LOMNICKY   061213 300  225000-225500   00     415.03  555.5    437.34    -1.20    -9999
LOMNICKY   061213 300  225500-230000   00     414.96  555.6    437.68    -1.10    -9999
LOMNICKY   061213 300  230000-230500   00     412.19  555.6    434.76    -1.80    -9999
LOMNICKY   061213 300  230500-231000   00     414.07  555.6    436.74    -1.30    -9999
LOMNICKY   061213 300  231000-231500   00     410.58  555.6    433.06    -2.20    -9999
LOMNICKY   061213 300  231500-232000   00     413.74  555.7    436.81    -1.30    -9999
LOMNICKY   061213 300  232000-232500   00     412.95  555.7    435.98    -1.50    -9999
LOMNICKY   061213 300  232500-233000   00     414.51  555.7    437.63    -1.10    -9999
LOMNICKY   061213 300  233000-233500   00     411.87  555.7    434.83    -1.80    -9999
LOMNICKY   061213 300  233500-234000   00     415.68  555.6    438.45    -1.00    -9999
LOMNICKY   061213 300  234000-234500   00     412.76  555.7    435.78    -1.60    -9999
LOMNICKY   061213 300  234500-235000   00     416.98  555.8    440.65    -0.50    -9999
LOMNICKY   061213 300  235000-235500   00     411.37  555.8    434.73    -1.80    -9999
LOMNICKY   061213 300  235500-240000   00     410.72  555.9    434.45    -1.90    -9999
*
*	
COMMENT	
COMMENT UNIVERISTY OF OULU: FILE GENERATED FROM DATABASE AND OBTAINED FROM
COMMENT https://gle.oulu.fi at 2023-02-24 11:29:29 +00:00
COMMENT FOR HISTORICAL/ORIGINAL TEXT FILES SEE https://gle.oulu.fi/txtarchive/
COMMENT ORIGINAL AT https://gle.oulu.fi/txtarchive/GLE70/C070LMKS_cor.DAT
COMMENT DETRENDED DATA SHOW -9999 IF EQUAL TO INC% COLUMN 