MAWSON     LATITUDE    -67.6     LONGITUDE     62.88     ALTITUDE    30 M
MAWSON     INSTRUMENT   IGY     NEUTRON MONITOR
MAWSON     STANDARD PRESSURE    990     MB     COEFFICIENT   -0.739    % / MB
MAWSON     PRE-INCREASE BASELINE TIME INTERVAL    061213    010000-020000   UT
MAWSON     PRE-INCREASE AVERAGE COUNTING RATE    240.49      COUNTS PER SECOND
MAWSON     TIME INTERVALS    300         3600     
MAWSON     SCALE FACTORS     1           1        
STATION    YYMMDD  SEC   TIME (UT)   CODE    UNCORR. PRESS.    CORR.    % INC.	DETRENDED
                         INTERVAL    TD      C/S     (MB)      C/S
MAWSON     061212 3600 000000-010000   00    -999.00 -999.0    236.98    -1.50    -9999
MAWSON     061212 3600 010000-020000   00    -999.00 -999.0    236.98    -1.50    -9999
MAWSON     061212 3600 020000-030000   00    -999.00 -999.0    238.54    -0.80    -9999
MAWSON     061212 3600 030000-040000   00    -999.00 -999.0    238.13    -1.00    -9999
MAWSON     061212 3600 040000-050000   00    -999.00 -999.0    238.64    -0.80    -9999
MAWSON     061212 3600 050000-060000   00    -999.00 -999.0    238.23    -0.90    -9999
MAWSON     061212 3600 060000-070000   00    -999.00 -999.0    238.86    -0.70    -9999
MAWSON     061212 3600 070000-080000   00    -999.00 -999.0    238.64    -0.80    -9999
MAWSON     061212 3600 080000-090000   00    -999.00 -999.0    238.96    -0.60    -9999
MAWSON     061212 3600 090000-100000   00    -999.00 -999.0    240.42     0.00    -9999
MAWSON     061212 3600 100000-110000   00    -999.00 -999.0    239.79    -0.30    -9999
MAWSON     061212 3600 110000-120000   00    -999.00 -999.0    240.30    -0.10    -9999
MAWSON     061212 3600 120000-130000   00    -999.00 -999.0    241.15     0.30    -9999
MAWSON     061212 3600 130000-140000   00    -999.00 -999.0    239.37    -0.50    -9999
MAWSON     061212 3600 140000-150000   00    -999.00 -999.0    240.30    -0.10    -9999
MAWSON     061212 3600 150000-160000   00    -999.00 -999.0    240.20    -0.10    -9999
MAWSON     061212 3600 160000-170000   00    -999.00 -999.0    240.20    -0.10    -9999
MAWSON     061212 3600 170000-180000   00    -999.00 -999.0    239.89    -0.20    -9999
MAWSON     061212 3600 180000-190000   00    -999.00 -999.0    239.69    -0.30    -9999
MAWSON     061212 3600 190000-200000   00    -999.00 -999.0    238.96    -0.60    -9999
MAWSON     061212 3600 200000-210000   00    -999.00 -999.0    238.13    -1.00    -9999
MAWSON     061212 3600 210000-220000   00    -999.00 -999.0    239.27    -0.50    -9999
MAWSON     061212 3600 220000-230000   00    -999.00 -999.0    239.37    -0.50    -9999
MAWSON     061212 3600 230000-240000   00    -999.00 -999.0    238.74    -0.70    -9999
MAWSON     061213 300  000000-000500   00     260.93  978.0    238.79    -0.70    -9999
MAWSON     061213 300  000500-001000   00     261.77  978.0    239.55    -0.40    -9999
MAWSON     061213 300  001000-001500   00     262.04  978.1    239.94    -0.20    -9999
MAWSON     061213 300  001500-002000   00     262.81  978.0    240.54     0.00    -9999
MAWSON     061213 300  002000-002500   00     261.52  978.0    239.32    -0.50    -9999
MAWSON     061213 300  002500-003000   00     262.42  978.0    240.11    -0.20    -9999
MAWSON     061213 300  003000-003500   00     260.60  978.0    238.42    -0.90    -9999
MAWSON     061213 300  003500-004000   00     261.44  977.9    239.08    -0.60    -9999
MAWSON     061213 300  004000-004500   00     263.43  977.8    240.79     0.10    -9999
MAWSON     061213 300  004500-005000   00     261.59  977.8    239.04    -0.60    -9999
MAWSON     061213 300  005000-005500   00     261.62  977.7    238.89    -0.70    -9999
MAWSON     061213 300  005500-010000   00     262.80  977.7    239.97    -0.20    -9999
MAWSON     061213 300  010000-010500   00     266.04  977.7    242.93     1.00    -9999
MAWSON     061213 300  010500-011000   00     263.35  977.7    240.46     0.00    -9999
MAWSON     061213 300  011000-011500   00     264.76  977.7    241.75     0.50    -9999
MAWSON     061213 300  011500-012000   00     261.67  977.7    238.93    -0.60    -9999
MAWSON     061213 300  012000-012500   00     262.71  977.7    239.88    -0.30    -9999
MAWSON     061213 300  012500-013000   00     262.81  977.7    239.98    -0.20    -9999
MAWSON     061213 300  013000-013500   00     263.49  977.7    240.63     0.10    -9999
MAWSON     061213 300  013500-014000   00     263.31  977.9    240.75     0.10    -9999
MAWSON     061213 300  014000-014500   00     263.30  978.0    240.89     0.20    -9999
MAWSON     061213 300  014500-015000   00     263.13  977.9    240.69     0.10    -9999
MAWSON     061213 300  015000-015500   00     261.22  977.9    238.87    -0.70    -9999
MAWSON     061213 300  015500-020000   00     262.55  977.9    240.09    -0.20    -9999
MAWSON     061213 300  020000-020500   00     264.79  977.9    242.15     0.70     0.70
MAWSON     061213 300  020500-021000   00     262.08  977.9    239.66    -0.30    -0.30
MAWSON     061213 300  021000-021500   00     262.60  977.9    240.14    -0.10    -0.10
MAWSON     061213 300  021500-022000   00     261.76  977.9    239.37    -0.50    -0.50
MAWSON     061213 300  022000-022500   00     261.97  977.9    239.56    -0.40    -0.40
MAWSON     061213 300  022500-023000   00     262.38  977.9    239.93    -0.20    -0.20
MAWSON     061213 300  023000-023500   00     260.06  977.9    237.82    -1.10    -1.10
MAWSON     061213 300  023500-024000   00     261.66  977.9    239.28    -0.50    -0.50
MAWSON     061213 300  024000-024500   00     265.07  977.8    242.26     0.70     0.70
MAWSON     061213 300  024500-025000   00     264.90  977.8    242.06     0.70     0.70
MAWSON     061213 300  025000-025500   00     312.88  977.8    285.91    18.90    18.90
MAWSON     061213 300  025500-030000   00     399.39  977.8    364.96    51.80    51.80
MAWSON     061213 300  030000-030500   00     363.51  977.8    332.17    38.10    38.10
MAWSON     061213 300  030500-031000   00     379.70  977.8    346.97    44.30    44.30
MAWSON     061213 300  031000-031500   00     401.04  977.8    366.46    52.40    52.40
MAWSON     061213 300  031500-032000   00     382.35  977.8    349.39    45.30    45.30
MAWSON     061213 300  032000-032500   00     363.11  977.8    331.81    38.00    38.00
MAWSON     061213 300  032500-033000   00     364.31  977.8    332.91    38.40    38.40
MAWSON     061213 300  033000-033500   00     357.01  977.8    326.23    35.70    35.70
MAWSON     061213 300  033500-034000   00     348.25  977.8    318.22    32.30    32.30
MAWSON     061213 300  034000-034500   00     345.25  977.8    315.48    31.20    31.20
MAWSON     061213 300  034500-035000   00     340.11  977.8    310.78    29.20    29.20
MAWSON     061213 300  035000-035500   00     334.64  977.8    305.79    27.20    27.20
MAWSON     061213 300  035500-040000   00     331.79  977.8    303.18    26.10    26.10
MAWSON     061213 300  040000-040500   00     329.35  977.8    300.96    25.10    25.10
MAWSON     061213 300  040500-041000   00     324.62  977.8    296.55    23.30    23.30
MAWSON     061213 300  041000-041500   00     321.90  977.7    293.97    22.20    22.20
MAWSON     061213 300  041500-042000   00     317.03  977.8    289.70    20.50    20.50
MAWSON     061213 300  042000-042500   00     315.36  977.8    288.13    19.80    19.80
MAWSON     061213 300  042500-043000   00     305.72  977.8    279.36    16.20    16.20
MAWSON     061213 300  043000-043500   00     306.85  977.8    280.31    16.60    16.60
MAWSON     061213 300  043500-044000   00     301.13  977.8    275.17    14.40    14.40
MAWSON     061213 300  044000-044500   00     302.53  977.8    276.45    15.00    15.00
MAWSON     061213 300  044500-045000   00     300.84  977.8    274.90    14.30    14.30
MAWSON     061213 300  045000-045500   00     297.23  977.8    271.61    12.90    12.90
MAWSON     061213 300  045500-050000   00     298.31  977.8    272.59    13.30    13.30
MAWSON     061213 300  050000-050500   00     292.35  977.8    267.15    11.10    11.10
MAWSON     061213 300  050500-051000   00     292.07  977.8    266.89    11.00    11.00
MAWSON     061213 300  051000-051500   00     287.68  977.8    262.87     9.30     9.30
MAWSON     061213 300  051500-052000   00     289.22  977.9    264.48    10.00    10.00
MAWSON     061213 300  052000-052500   00     286.70  977.9    262.18     9.00     9.00
MAWSON     061213 300  052500-053000   00     284.32  977.9    260.00     8.10     8.10
MAWSON     061213 300  053000-053500   00     286.31  977.9    261.82     8.90     8.90
MAWSON     061213 300  053500-054000   00     282.60  977.9    258.43     7.50     7.50
MAWSON     061213 300  054000-054500   00     282.03  978.0    258.06     7.30     7.30
MAWSON     061213 300  054500-055000   00     280.22  978.0    256.44     6.60     6.60
MAWSON     061213 300  055000-055500   00     281.54  978.0    257.65     7.10     7.10
MAWSON     061213 300  055500-060000   00     280.53  978.0    256.69     6.70     6.70
MAWSON     061213 300  060000-060500   00     278.98  978.0    255.30     6.20     6.20
MAWSON     061213 300  060500-061000   00     278.17  978.0    254.57     5.90     5.90
MAWSON     061213 300  061000-061500   00     280.04  978.0    256.28     6.60     6.60
MAWSON     061213 300  061500-062000   00     279.66  978.0    255.93     6.40     6.40
MAWSON     061213 300  062000-062500   00     279.79  978.0    256.05     6.50     6.50
MAWSON     061213 300  062500-063000   00     278.97  978.0    255.29     6.20     6.20
MAWSON     061213 300  063000-063500   00     276.86  978.0    253.37     5.40     5.40
MAWSON     061213 300  063500-064000   00     277.01  978.0    253.51     5.40     5.40
MAWSON     061213 300  064000-064500   00     274.58  978.0    251.28     4.50     4.50
MAWSON     061213 300  064500-065000   00     275.81  978.0    252.41     5.00     5.00
MAWSON     061213 300  065000-065500   00     274.88  978.0    251.55     4.60     4.60
MAWSON     061213 300  065500-070000   00     276.51  978.0    253.04     5.20     5.20
MAWSON     061213 300  070000-070500   00     273.38  978.0    250.18     4.00     4.00
MAWSON     061213 300  070500-071000   00     273.74  978.0    250.51     4.20     4.20
MAWSON     061213 300  071000-071500   00     272.84  978.0    249.69     3.80     3.80
MAWSON     061213 300  071500-072000   00     274.76  978.0    251.44     4.60     4.60
MAWSON     061213 300  072000-072500   00     272.77  978.0    249.63     3.80     3.80
MAWSON     061213 300  072500-073000   00     272.82  978.0    249.66     3.80     3.80
MAWSON     061213 300  073000-073500   00     269.82  978.0    246.92     2.70     2.70
MAWSON     061213 300  073500-074000   00     275.37  978.0    252.01     4.80     4.80
MAWSON     061213 300  074000-074500   00     273.91  978.0    250.66     4.20     4.20
MAWSON     061213 300  074500-075000   00     271.32  978.0    248.30     3.20     3.20
MAWSON     061213 300  075000-075500   00     274.64  978.1    251.49     4.60     4.60
MAWSON     061213 300  075500-080000   00     270.38  978.1    247.61     3.00     3.00
MAWSON     061213 300  080000-080500   00     271.93  978.1    249.04     3.60     3.60
MAWSON     061213 300  080500-081000   00     271.66  978.1    248.80     3.50     3.50
MAWSON     061213 300  081000-081500   00     271.53  978.1    248.67     3.40     3.40
MAWSON     061213 300  081500-082000   00     271.43  978.1    248.65     3.40     3.40
MAWSON     061213 300  082000-082500   00     271.32  978.2    248.66     3.40     3.40
MAWSON     061213 300  082500-083000   00     272.64  978.2    249.87     3.90     3.90
MAWSON     061213 300  083000-083500   00     270.42  978.2    247.84     3.10     3.10
MAWSON     061213 300  083500-084000   00     271.23  978.2    248.58     3.40     3.40
MAWSON     061213 300  084000-084500   00     270.25  978.2    247.68     3.00     3.00
MAWSON     061213 300  084500-085000   00     272.67  978.2    249.90     3.90     3.90
MAWSON     061213 300  085000-085500   00     270.28  978.3    247.86     3.10     3.10
MAWSON     061213 300  085500-090000   00     271.22  978.3    248.72     3.40     3.40
MAWSON     061213 300  090000-090500   00     270.07  978.2    247.52     2.90     2.90
MAWSON     061213 300  090500-091000   00     269.79  978.2    247.27     2.80     2.80
MAWSON     061213 300  091000-091500   00     269.13  978.3    246.84     2.60     2.60
MAWSON     061213 300  091500-092000   00     269.25  978.3    246.95     2.70     2.70
MAWSON     061213 300  092000-092500   00     268.92  978.3    246.64     2.60     2.60
MAWSON     061213 300  092500-093000   00     269.10  978.3    246.81     2.60     2.60
MAWSON     061213 300  093000-093500   00     268.80  978.3    246.53     2.50     2.50
MAWSON     061213 300  093500-094000   00     270.77  978.3    248.34     3.30     3.30
MAWSON     061213 300  094000-094500   00     269.11  978.4    246.93     2.70     2.70
MAWSON     061213 300  094500-095000   00     268.53  978.4    246.44     2.50     2.50
MAWSON     061213 300  095000-095500   00     269.08  978.4    246.97     2.70     2.70
MAWSON     061213 300  095500-100000   00     266.82  978.4    244.97     1.90     1.90
MAWSON     061213 300  100000-100500   00     265.70  978.5    244.05     1.50     1.50
MAWSON     061213 300  100500-101000   00     267.38  978.5    245.53     2.10     2.10
MAWSON     061213 300  101000-101500   00     267.40  978.5    245.57     2.10     2.10
MAWSON     061213 300  101500-102000   00     267.09  978.5    245.34     2.00     2.00
MAWSON     061213 300  102000-102500   00     268.65  978.5    246.76     2.60     2.60
MAWSON     061213 300  102500-103000   00     267.22  978.5    245.45     2.10     2.10
MAWSON     061213 300  103000-103500   00     267.55  978.5    245.76     2.20     2.20
MAWSON     061213 300  103500-104000   00     268.55  978.5    246.67     2.60     2.60
MAWSON     061213 300  104000-104500   00     265.73  978.5    244.15     1.50     1.50
MAWSON     061213 300  104500-105000   00     267.69  978.6    246.06     2.30     2.30
MAWSON     061213 300  105000-105500   00     267.91  978.6    246.26     2.40     2.40
MAWSON     061213 300  105500-110000   00     267.18  978.6    245.59     2.10     2.10
MAWSON     061213 300  110000-110500   00     269.07  978.6    247.37     2.90     2.90
MAWSON     061213 300  110500-111000   00     268.34  978.7    246.84     2.60     2.60
MAWSON     061213 300  111000-111500   00     267.66  978.7    246.21     2.40     2.40
MAWSON     061213 300  111500-112000   00     265.38  978.7    244.11     1.50     1.50
MAWSON     061213 300  112000-112500   00     268.43  978.7    246.92     2.70     2.70
MAWSON     061213 300  112500-113000   00     269.85  978.7    248.31     3.30     3.30
MAWSON     061213 300  113000-113500   00     267.08  978.8    245.86     2.20     2.20
MAWSON     061213 300  113500-114000   00     267.87  978.8    246.59     2.50     2.50
MAWSON     061213 300  114000-114500   00     262.85  978.8    241.97     0.60     0.60
MAWSON     061213 300  114500-115000   00     267.78  978.8    246.51     2.50     2.50
MAWSON     061213 300  115000-115500   00     265.92  978.8    244.87     1.80     1.80
MAWSON     061213 300  115500-120000   00     268.27  978.9    247.14     2.80     2.80
MAWSON     061213 300  120000-120500   00     268.08  978.9    246.96     2.70     2.70
MAWSON     061213 300  120500-121000   00     267.08  978.9    246.05     2.30     2.30
MAWSON     061213 300  121000-121500   00     266.42  978.9    245.44     2.10     2.10
MAWSON     061213 300  121500-122000   00     267.29  978.9    246.23     2.40     2.40
MAWSON     061213 300  122000-122500   00     263.86  978.9    243.08     1.10     1.10
MAWSON     061213 300  122500-123000   00     266.16  978.9    245.20     2.00     2.00
MAWSON     061213 300  123000-123500   00     264.72  978.9    243.87     1.40     1.40
MAWSON     061213 300  123500-124000   00     263.61  978.9    242.85     1.00     1.00
MAWSON     061213 300  124000-124500   00     267.49  978.9    246.42     2.50     2.50
MAWSON     061213 300  124500-125000   00     266.24  978.9    245.27     2.00     2.00
MAWSON     061213 300  125000-125500   00     263.73  978.9    242.96     1.00     1.00
MAWSON     061213 300  125500-130000   00     266.28  979.0    245.49     2.10     2.10
MAWSON     061213 300  130000-130500   00     268.69  979.0    247.72     3.00     3.00
MAWSON     061213 300  130500-131000   00     265.19  978.9    244.34     1.60     1.60
MAWSON     061213 300  131000-131500   00     265.99  978.9    245.05     1.90     1.90
MAWSON     061213 300  131500-132000   00     264.72  978.9    243.87     1.40     1.40
MAWSON     061213 300  132000-132500   00     265.59  978.9    244.67     1.70     1.70
MAWSON     061213 300  132500-133000   00     265.88  978.9    244.94     1.90     1.90
MAWSON     061213 300  133000-133500   00     265.80  978.9    244.87     1.80     1.80
MAWSON     061213 300  133500-134000   00     267.25  978.9    246.21     2.40     2.40
MAWSON     061213 300  134000-134500   00     266.20  979.0    245.42     2.00     2.00
MAWSON     061213 300  134500-135000   00     265.04  979.0    244.35     1.60     1.60
MAWSON     061213 300  135000-135500   00     266.80  979.0    245.97     2.30     2.30
MAWSON     061213 300  135500-140000   00     266.15  979.0    245.38     2.00     2.00
MAWSON     061213 300  140000-140500   00     266.26  979.0    245.47     2.10     2.10
MAWSON     061213 300  140500-141000   00     264.13  979.0    243.51     1.30     1.30
MAWSON     061213 300  141000-141500   00     266.30  979.0    245.51     2.10     2.10
MAWSON     061213 300  141500-142000   00     264.30  979.0    243.67     1.30     1.30
MAWSON     061213 300  142000-142500   00     266.43  979.0    245.63     2.10     2.10
MAWSON     061213 300  142500-143000   00     263.25  979.0    242.70     0.90     0.90
MAWSON     061213 300  143000-143500   00     262.35  979.0    241.87     0.60     0.60
MAWSON     061213 300  143500-144000   00     264.13  979.0    243.51     1.30     1.30
MAWSON     061213 300  144000-144500   00     264.93  979.0    244.24     1.60     1.60
MAWSON     061213 300  144500-145000   00     265.50  979.0    244.77     1.80     1.80
MAWSON     061213 300  145000-145500   00     262.74  979.0    242.22     0.70     0.70
MAWSON     061213 300  145500-150000   00     265.42  979.0    244.73     1.80     1.80
MAWSON     061213 300  150000-150500   00     262.68  979.1    242.35     0.80     0.80
MAWSON     061213 300  150500-151000   00     264.65  979.1    244.16     1.50     1.50
MAWSON     061213 300  151000-151500   00     262.59  979.1    242.27     0.70     0.70
MAWSON     061213 300  151500-152000   00     263.33  979.1    242.96     1.00     1.00
MAWSON     061213 300  152000-152500   00     267.37  979.1    246.71     2.60     2.60
MAWSON     061213 300  152500-153000   00     265.56  979.2    245.19     2.00     2.00
MAWSON     061213 300  153000-153500   00     262.90  979.2    242.74     0.90     0.90
MAWSON     061213 300  153500-154000   00     264.12  979.2    243.82     1.40     1.40
MAWSON     061213 300  154000-154500   00     265.97  979.1    245.39     2.00     2.00
MAWSON     061213 300  154500-155000   00     264.96  979.2    244.59     1.70     1.70
MAWSON     061213 300  155000-155500   00     263.26  979.1    242.96     1.00     1.00
MAWSON     061213 300  155500-160000   00     263.59  979.1    243.19     1.10     1.10
MAWSON     061213 300  160000-160500   00     262.60  979.1    242.28     0.70     0.70
MAWSON     061213 300  160500-161000   00     263.61  979.2    243.35     1.20     1.20
MAWSON     061213 300  161000-161500   00     263.61  979.2    243.39     1.20     1.20
MAWSON     061213 300  161500-162000   00     261.31  979.2    241.27     0.30     0.30
MAWSON     061213 300  162000-162500   00     263.56  979.2    243.34     1.20     1.20
MAWSON     061213 300  162500-163000   00     264.49  979.3    244.38     1.60     1.60
MAWSON     061213 300  163000-163500   00     262.49  979.3    242.54     0.90     0.90
MAWSON     061213 300  163500-164000   00     261.59  979.3    241.70     0.50     0.50
MAWSON     061213 300  164000-164500   00     262.99  979.4    243.14     1.10     1.10
MAWSON     061213 300  164500-165000   00     262.51  979.4    242.74     0.90     0.90
MAWSON     061213 300  165000-165500   00     261.42  979.4    241.72     0.50     0.50
MAWSON     061213 300  165500-170000   00     261.79  979.4    242.06     0.70     0.70
MAWSON     061213 300  170000-170500   00     265.67  979.4    245.65     2.10     2.10
MAWSON     061213 300  170500-171000   00     263.30  979.4    243.46     1.20     1.20
MAWSON     061213 300  171000-171500   00     260.66  979.4    241.06     0.20     0.20
MAWSON     061213 300  171500-172000   00     261.06  979.5    241.57     0.40     0.40
MAWSON     061213 300  172000-172500   00     260.03  979.5    240.62     0.10     0.10
MAWSON     061213 300  172500-173000   00     263.62  979.5    243.94     1.40     1.40
MAWSON     061213 300  173000-173500   00     264.36  979.5    244.63     1.70     1.70
MAWSON     061213 300  173500-174000   00     261.27  979.5    241.76     0.50     0.50
MAWSON     061213 300  174000-174500   00     262.48  979.6    242.99     1.00     1.00
MAWSON     061213 300  174500-175000   00     262.70  979.6    243.26     1.20     1.20
MAWSON     061213 300  175000-175500   00     261.97  979.6    242.59     0.90     0.90
MAWSON     061213 300  175500-180000   00     260.00  979.7    240.87     0.20     0.20
MAWSON     061213 300  180000-180500   00     261.70  979.7    242.52     0.80     0.80
MAWSON     061213 300  180500-181000   00     262.49  979.7    243.25     1.10     1.10
MAWSON     061213 300  181000-181500   00     260.48  979.7    241.39     0.40     0.40
MAWSON     061213 300  181500-182000   00     260.65  979.7    241.55     0.40     0.40
MAWSON     061213 300  182000-182500   00     258.76  979.7    239.80    -0.30    -0.30
MAWSON     061213 300  182500-183000   00     260.96  979.7    241.83     0.60     0.60
MAWSON     061213 300  183000-183500   00     262.32  979.7    243.09     1.10     1.10
MAWSON     061213 300  183500-184000   00     260.09  979.8    241.20     0.30     0.30
MAWSON     061213 300  184000-184500   00     260.32  979.8    241.42     0.40     0.40
MAWSON     061213 300  184500-185000   00     259.96  979.8    241.09     0.20     0.20
MAWSON     061213 300  185000-185500   00     258.30  979.8    239.55    -0.40    -0.40
MAWSON     061213 300  185500-190000   00     260.14  979.9    241.36     0.40     0.40
MAWSON     061213 300  190000-190500   00     261.87  979.9    243.04     1.10     1.10
MAWSON     061213 300  190500-191000   00     260.32  979.9    241.60     0.50     0.50
MAWSON     061213 300  191000-191500   00     260.47  979.9    241.74     0.50     0.50
MAWSON     061213 300  191500-192000   00     259.65  979.9    240.98     0.20     0.20
MAWSON     061213 300  192000-192500   00     261.63  980.0    242.92     1.00     1.00
MAWSON     061213 300  192500-193000   00     260.24  980.0    241.70     0.50     0.50
MAWSON     061213 300  193000-193500   00     260.93  980.0    242.34     0.80     0.80
MAWSON     061213 300  193500-194000   00     257.58  980.0    239.23    -0.50    -0.50
MAWSON     061213 300  194000-194500   00     259.66  980.0    241.16     0.30     0.30
MAWSON     061213 300  194500-195000   00     257.39  980.0    239.06    -0.60    -0.60
MAWSON     061213 300  195000-195500   00     258.94  980.0    240.50     0.00     0.00
MAWSON     061213 300  195500-200000   00     261.92  980.0    243.26     1.20     1.20
MAWSON     061213 300  200000-200500   00     260.14  980.0    241.68     0.50    -9999
MAWSON     061213 300  200500-201000   00     256.10  980.1    237.99    -1.00    -9999
MAWSON     061213 300  201000-201500   00     260.12  980.1    241.77     0.50    -9999
MAWSON     061213 300  201500-202000   00     257.55  980.1    239.38    -0.50    -9999
MAWSON     061213 300  202000-202500   00     258.15  980.2    240.04    -0.20    -9999
MAWSON     061213 300  202500-203000   00     260.55  980.1    242.24     0.70    -9999
MAWSON     061213 300  203000-203500   00     258.43  980.1    240.19    -0.10    -9999
MAWSON     061213 300  203500-204000   00     255.73  980.2    237.79    -1.10    -9999
MAWSON     061213 300  204000-204500   00     260.34  980.1    241.98     0.60    -9999
MAWSON     061213 300  204500-205000   00     257.40  980.2    239.42    -0.40    -9999
MAWSON     061213 300  205000-205500   00     259.54  980.2    241.44     0.40    -9999
MAWSON     061213 300  205500-210000   00     258.60  980.3    240.67     0.10    -9999
MAWSON     061213 300  210000-210500   00     259.60  980.3    241.60     0.50    -9999
MAWSON     061213 300  210500-211000   00     258.27  980.3    240.40     0.00    -9999
MAWSON     061213 300  211000-211500   00     256.91  980.3    239.14    -0.60    -9999
MAWSON     061213 300  211500-212000   00     258.14  980.3    240.28    -0.10    -9999
MAWSON     061213 300  212000-212500   00     259.96  980.3    241.97     0.60    -9999
MAWSON     061213 300  212500-213000   00     255.03  980.3    237.39    -1.30    -9999
MAWSON     061213 300  213000-213500   00     259.08  980.4    241.27     0.30    -9999
MAWSON     061213 300  213500-214000   00     258.28  980.5    240.74     0.10    -9999
MAWSON     061213 300  214000-214500   00     256.85  980.5    239.44    -0.40    -9999
MAWSON     061213 300  214500-215000   00     258.21  980.5    240.71     0.10    -9999
MAWSON     061213 300  215000-215500   00     257.64  980.5    240.17    -0.10    -9999
MAWSON     061213 300  215500-220000   00     260.36  980.5    242.71     0.90    -9999
MAWSON     061213 300  220000-220500   00     260.11  980.5    242.48     0.80    -9999
MAWSON     061213 300  220500-221000   00     256.91  980.5    239.50    -0.40    -9999
MAWSON     061213 300  221000-221500   00     257.88  980.5    240.40     0.00    -9999
MAWSON     061213 300  221500-222000   00     259.05  980.5    241.49     0.40    -9999
MAWSON     061213 300  222000-222500   00     257.98  980.5    240.42     0.00    -9999
MAWSON     061213 300  222500-223000   00     255.92  980.4    238.39    -0.90    -9999
MAWSON     061213 300  223000-223500   00     257.58  980.4    239.94    -0.20    -9999
MAWSON     061213 300  223500-224000   00     258.90  980.4    241.10     0.30    -9999
MAWSON     061213 300  224000-224500   00     257.35  980.3    239.58    -0.40    -9999
MAWSON     061213 300  224500-225000   00     258.38  980.3    240.58     0.00    -9999
MAWSON     061213 300  225000-225500   00     257.33  980.4    239.74    -0.30    -9999
MAWSON     061213 300  225500-230000   00     257.95  980.5    240.39     0.00    -9999
MAWSON     061213 300  230000-230500   00     258.68  980.5    241.18     0.30    -9999
MAWSON     061213 300  230500-231000   00     256.03  980.5    238.74    -0.70    -9999
MAWSON     061213 300  231000-231500   00     259.47  980.6    242.06     0.70    -9999
MAWSON     061213 300  231500-232000   00     257.47  980.7    240.33    -0.10    -9999
MAWSON     061213 300  232000-232500   00     257.90  980.7    240.74     0.10    -9999
MAWSON     061213 300  232500-233000   00     257.29  980.7    240.21    -0.10    -9999
MAWSON     061213 300  233000-233500   00     256.67  980.8    239.73    -0.30    -9999
MAWSON     061213 300  233500-234000   00     256.22  980.8    239.34    -0.50    -9999
MAWSON     061213 300  234000-234500   00     254.97  980.8    238.25    -0.90    -9999
MAWSON     061213 300  234500-235000   00     256.15  980.9    239.46    -0.40    -9999
MAWSON     061213 300  235000-235500   00     255.57  980.9    238.88    -0.70    -9999
MAWSON     061213 300  235500-240000   00     254.99  980.9    238.40    -0.90    -9999
*
COMMENT UNIVERISTY OF OULU: FILE GENERATED FROM DATABASE AND OBTAINED FROM
COMMENT https://gle.oulu.fi at 2023-02-24 11:29:29 +00:00
COMMENT FOR HISTORICAL/ORIGINAL TEXT FILES SEE https://gle.oulu.fi/txtarchive/
COMMENT ORIGINAL AT https://gle.oulu.fi/txtarchive/GLE70/C070MWSN_cor.DAT
COMMENT DETRENDED DATA SHOW -9999 IF EQUAL TO INC% COLUMN 