NOVOSIBIRS LATITUDE    54.8      LONGITUDE     83        ALTITUDE    163 M
NOVOSIBIRS INSTRUMENT   24-NM-64  NEUTRON MONITOR
NOVOSIBIRS STANDARD PRESSURE    993.3   mb     COEFFICIENT   -0.718    % / mb
NOVOSIBIRS PRE-INCREASE BASELINE TIME INTERVAL    061213    010000-020000   UT
NOVOSIBIRS PRE-INCREASE AVERAGE COUNTING RATE    173.57      COUNTS PER SECOND
NOVOSIBIRS TIME INTERVALS    300         3600     
NOVOSIBIRS SCALE FACTORS     1           1        
STATION    YYMMDD  SEC   TIME (UT)   CODE    UNCORR. PRESS.    CORR.    % INC.	DETRENDED
                         INTERVAL    TD      C/S     (mb)      C/S
NOVOSIBIRS 061212 3600 000000-010000   00     168.84  995.7    171.77    -1.00    -9999
NOVOSIBIRS 061212 3600 010000-020000   00     168.81  995.5    171.49    -1.20    -9999
NOVOSIBIRS 061212 3600 020000-030000   00     169.58  995.4    172.16    -0.80    -9999
NOVOSIBIRS 061212 3600 030000-040000   00     169.55  995.2    171.88    -1.00    -9999
NOVOSIBIRS 061212 3600 040000-050000   00     170.08  995.0    172.17    -0.80    -9999
NOVOSIBIRS 061212 3600 050000-060000   00     170.78  994.9    172.75    -0.50    -9999
NOVOSIBIRS 061212 3600 060000-070000   00     172.83  994.5    174.32     0.40    -9999
NOVOSIBIRS 061212 3600 070000-080000   00     172.42  994.1    173.41    -0.10    -9999
NOVOSIBIRS 061212 3600 080000-090000   00     172.61  993.9    173.36    -0.10    -9999
NOVOSIBIRS 061212 3600 090000-100000   00     172.54  993.7    173.04    -0.30    -9999
NOVOSIBIRS 061212 3600 100000-110000   00     173.35  993.3    173.35    -0.10    -9999
NOVOSIBIRS 061212 3600 110000-120000   00     174.24  992.9    173.74     0.10    -9999
NOVOSIBIRS 061212 3600 120000-130000   00     173.33  992.5    172.34    -0.70    -9999
NOVOSIBIRS 061212 3600 130000-140000   00     174.04  992.3    172.79    -0.40    -9999
NOVOSIBIRS 061212 3600 140000-150000   00     174.32  992.1    172.83    -0.40    -9999
NOVOSIBIRS 061212 3600 150000-160000   00     174.16  992.0    172.54    -0.60    -9999
NOVOSIBIRS 061212 3600 160000-170000   00     173.66  992.0    172.04    -0.90    -9999
NOVOSIBIRS 061212 3600 170000-180000   00     173.53  992.1    172.04    -0.90    -9999
NOVOSIBIRS 061212 3600 180000-190000   00     175.37  992.0    173.74     0.10    -9999
NOVOSIBIRS 061212 3600 190000-200000   00     174.73  991.8    172.86    -0.40    -9999
NOVOSIBIRS 061212 3600 200000-210000   00     175.07  991.9    173.31    -0.10    -9999
NOVOSIBIRS 061212 3600 210000-220000   00     175.73  992.1    174.22     0.40    -9999
NOVOSIBIRS 061212 3600 220000-230000   00     175.21  992.3    173.96     0.20    -9999
NOVOSIBIRS 061212 3600 230000-240000   00     173.65  992.5    172.65    -0.50    -9999
NOVOSIBIRS 061213 3600 000000-010000   00     173.05  993.0    172.68    -0.50    -9999
NOVOSIBIRS 061213 300  010000-010500   00     174.28  993.3    174.30     0.40    -9999
NOVOSIBIRS 061213 300  010500-011000   00     174.31  993.3    174.37     0.50    -9999
NOVOSIBIRS 061213 300  011000-011500   00     172.65  993.4    172.75    -0.50    -9999
NOVOSIBIRS 061213 300  011500-012000   00     171.28  993.4    171.42    -1.20    -9999
NOVOSIBIRS 061213 300  012000-012500   00     172.24  993.4    172.42    -0.70    -9999
NOVOSIBIRS 061213 300  012500-013000   00     171.22  993.5    171.45    -1.20    -9999
NOVOSIBIRS 061213 300  013000-013500   00     173.12  993.5    173.38    -0.10    -9999
NOVOSIBIRS 061213 300  013500-014000   00     175.09  993.5    175.40     1.10    -9999
NOVOSIBIRS 061213 300  014000-014500   00     175.56  993.6    175.91     1.40    -9999
NOVOSIBIRS 061213 300  014500-015000   00     174.08  993.6    174.48     0.50    -9999
NOVOSIBIRS 061213 300  015000-015500   00     172.66  993.6    173.09    -0.30    -9999
NOVOSIBIRS 061213 300  015500-020000   00     173.36  993.7    173.83     0.20    -9999
NOVOSIBIRS 061213 300  020000-020500   00     172.19  993.7    172.71    -0.50    -0.50
NOVOSIBIRS 061213 300  020500-021000   00     172.67  993.8    173.25    -0.20    -0.20
NOVOSIBIRS 061213 300  021000-021500   00     172.17  993.8    172.82    -0.40    -0.40
NOVOSIBIRS 061213 300  021500-022000   00     170.46  993.9    171.16    -1.40    -1.40
NOVOSIBIRS 061213 300  022000-022500   00     174.95  993.9    175.73     1.20     1.20
NOVOSIBIRS 061213 300  022500-023000   00     174.12  994.0    174.97     0.80     0.80
NOVOSIBIRS 061213 300  023000-023500   00     172.34  994.0    173.23    -0.20    -0.20
NOVOSIBIRS 061213 300  023500-024000   00     173.66  994.1    174.62     0.60     0.60
NOVOSIBIRS 061213 300  024000-024500   00     170.43  994.1    171.43    -1.20    -1.20
NOVOSIBIRS 061213 300  024500-025000   00     173.90  994.2    174.98     0.80     0.80
NOVOSIBIRS 061213 300  025000-025500   00     172.77  994.2    173.91     0.20     0.20
NOVOSIBIRS 061213 300  025500-030000   00     176.49  994.3    177.72     2.40     2.40
NOVOSIBIRS 061213 300  030000-030500   00     177.89  994.3    179.19     3.20     3.20
NOVOSIBIRS 061213 300  030500-031000   00     179.26  994.4    180.64     4.10     4.10
NOVOSIBIRS 061213 300  031000-031500   00     181.84  994.4    183.31     5.60     5.60
NOVOSIBIRS 061213 300  031500-032000   00     185.39  994.5    186.96     7.70     7.70
NOVOSIBIRS 061213 300  032000-032500   00     186.33  994.5    187.97     8.30     8.30
NOVOSIBIRS 061213 300  032500-033000   00     185.63  994.6    187.33     7.90     7.90
NOVOSIBIRS 061213 300  033000-033500   00     183.25  994.6    185.00     6.60     6.60
NOVOSIBIRS 061213 300  033500-034000   00     184.26  994.7    186.08     7.20     7.20
NOVOSIBIRS 061213 300  034000-034500   00     180.65  994.7    182.49     5.10     5.10
NOVOSIBIRS 061213 300  034500-035000   00     180.65  994.8    182.57     5.20     5.20
NOVOSIBIRS 061213 300  035000-035500   00     180.00  994.8    181.98     4.80     4.80
NOVOSIBIRS 061213 300  035500-040000   00     178.04  994.9    180.06     3.70     3.70
NOVOSIBIRS 061213 300  040000-040500   00     178.92  994.9    181.01     4.30     4.30
NOVOSIBIRS 061213 300  040500-041000   00     180.47  995.0    182.64     5.20     5.20
NOVOSIBIRS 061213 300  041000-041500   00     177.99  995.0    180.20     3.80     3.80
NOVOSIBIRS 061213 300  041500-042000   00     178.25  995.1    180.53     4.00     4.00
NOVOSIBIRS 061213 300  042000-042500   00     176.48  995.1    178.80     3.00     3.00
NOVOSIBIRS 061213 300  042500-043000   00     178.43  995.2    180.84     4.20     4.20
NOVOSIBIRS 061213 300  043000-043500   00     177.15  995.2    179.61     3.50     3.50
NOVOSIBIRS 061213 300  043500-044000   00     174.04  995.3    176.52     1.70     1.70
NOVOSIBIRS 061213 300  044000-044500   00     176.10  995.3    178.67     2.90     2.90
NOVOSIBIRS 061213 300  044500-045000   00     176.05  995.4    178.68     2.90     2.90
NOVOSIBIRS 061213 300  045000-045500   00     174.84  995.4    177.52     2.30     2.30
NOVOSIBIRS 061213 300  045500-050000   00     176.92  995.5    179.70     3.50     3.50
NOVOSIBIRS 061213 300  050000-050500   00     177.58  995.5    180.44     4.00     4.00
NOVOSIBIRS 061213 300  050500-051000   00     174.46  995.6    177.33     2.20     2.20
NOVOSIBIRS 061213 300  051000-051500   00     173.61  995.6    176.53     1.70     1.70
NOVOSIBIRS 061213 300  051500-052000   00     174.41  995.7    177.40     2.20     2.20
NOVOSIBIRS 061213 300  052000-052500   00     176.53  995.7    179.63     3.50     3.50
NOVOSIBIRS 061213 300  052500-053000   00     173.95  995.8    177.07     2.00     2.00
NOVOSIBIRS 061213 300  053000-053500   00     175.64  995.8    178.85     3.00     3.00
NOVOSIBIRS 061213 300  053500-054000   00     175.13  995.9    178.40     2.80     2.80
NOVOSIBIRS 061213 300  054000-054500   00     172.61  995.9    175.88     1.30     1.30
NOVOSIBIRS 061213 300  054500-055000   00     173.50  996.0    176.85     1.90     1.90
NOVOSIBIRS 061213 300  055000-055500   00     173.93  996.0    177.36     2.20     2.20
NOVOSIBIRS 061213 300  055500-060000   00     172.81  996.1    176.28     1.60     1.60
NOVOSIBIRS 061213 300  060000-060500   00     175.47  996.1    179.05     3.20     3.20
NOVOSIBIRS 061213 300  060500-061000   00     173.12  996.1    176.70     1.80     1.80
NOVOSIBIRS 061213 300  061000-061500   00     173.40  996.2    177.03     2.00     2.00
NOVOSIBIRS 061213 300  061500-062000   00     172.96  996.2    176.62     1.80     1.80
NOVOSIBIRS 061213 300  062000-062500   00     174.11  996.2    177.84     2.50     2.50
NOVOSIBIRS 061213 300  062500-063000   00     171.34  996.3    175.05     0.90     0.90
NOVOSIBIRS 061213 300  063000-063500   00     172.49  996.3    176.27     1.60     1.60
NOVOSIBIRS 061213 300  063500-064000   00     176.10  996.3    180.00     3.70     3.70
NOVOSIBIRS 061213 300  064000-064500   00     174.05  996.4    177.94     2.50     2.50
NOVOSIBIRS 061213 300  064500-065000   00     173.99  996.4    177.92     2.50     2.50
NOVOSIBIRS 061213 300  065000-065500   00     174.15  996.4    178.12     2.60     2.60
NOVOSIBIRS 061213 300  065500-070000   00     173.99  996.5    178.01     2.60     2.60
NOVOSIBIRS 061213 300  070000-070500   00     171.56  996.5    175.55     1.10     1.10
NOVOSIBIRS 061213 300  070500-071000   00     170.77  996.5    174.73     0.70     0.70
NOVOSIBIRS 061213 300  071000-071500   00     169.01  996.5    172.94    -0.40    -0.40
NOVOSIBIRS 061213 300  071500-072000   00     170.18  996.5    174.14     0.30     0.30
NOVOSIBIRS 061213 300  072000-072500   00     172.58  996.5    176.59     1.70     1.70
NOVOSIBIRS 061213 300  072500-073000   00     170.57  996.5    174.53     0.60     0.60
NOVOSIBIRS 061213 300  073000-073500   00     173.36  996.5    177.39     2.20     2.20
NOVOSIBIRS 061213 300  073500-074000   00     170.83  996.5    174.80     0.70     0.70
NOVOSIBIRS 061213 300  074000-074500   00     171.49  996.5    175.48     1.10     1.10
NOVOSIBIRS 061213 300  074500-075000   00     172.53  996.5    176.54     1.70     1.70
NOVOSIBIRS 061213 300  075000-075500   00     173.04  996.5    177.06     2.00     2.00
NOVOSIBIRS 061213 300  075500-080000   00     170.20  996.5    174.16     0.30     0.30
NOVOSIBIRS 061213 3600 080000-090000   00     170.56  997.1    175.28     1.00     1.00
NOVOSIBIRS 061213 3600 090000-100000   00     169.15  997.8    174.70     0.70     0.70
NOVOSIBIRS 061213 3600 100000-110000   00     167.98  998.4    174.25     0.40     0.40
NOVOSIBIRS 061213 3600 110000-120000   00     167.13  998.9    173.99     0.20     0.20
NOVOSIBIRS 061213 3600 120000-130000   00     166.47  999.3    173.80     0.10     0.10
NOVOSIBIRS 061213 3600 130000-140000   00     165.77  999.6    173.44    -0.10    -9999
NOVOSIBIRS 061213 3600 140000-150000   00     164.76  999.7    172.51    -0.60    -9999
NOVOSIBIRS 061213 3600 150000-160000   00     164.27 1000.1    172.49    -0.60    -9999
NOVOSIBIRS 061213 3600 160000-170000   00     164.07 1000.2    172.40    -0.70    -9999
NOVOSIBIRS 061213 3600 170000-180000   00     164.12 1000.3    172.58    -0.60    -9999
NOVOSIBIRS 061213 3600 180000-190000   00     163.60 1000.5    172.28    -0.70    -9999
NOVOSIBIRS 061213 3600 190000-200000   00     163.77 1000.6    172.58    -0.60    -9999
NOVOSIBIRS 061213 3600 200000-210000   00     162.18 1001.0    171.40    -1.20    -9999
NOVOSIBIRS 061213 3600 210000-220000   00     162.96 1001.4    172.72    -0.50    -9999
NOVOSIBIRS 061213 3600 220000-230000   00     162.60 1001.6    172.59    -0.60    -9999
NOVOSIBIRS 061213 3600 230000-240000   00     161.32 1001.9    171.60    -1.10    -9999
*
Comment: The Clock of Regisrator is on -6 sec;	sec;
COMMENT UNIVERISTY OF OULU: FILE GENERATED FROM DATABASE AND OBTAINED FROM
COMMENT https://gle.oulu.fi at 2023-02-24 11:29:29 +00:00
COMMENT FOR HISTORICAL/ORIGINAL TEXT FILES SEE https://gle.oulu.fi/txtarchive/
COMMENT ORIGINAL AT https://gle.oulu.fi/txtarchive/GLE70/C070NVBK_cor.DAT
COMMENT DETRENDED DATA SHOW -9999 IF EQUAL TO INC% COLUMN 