INUVIK     LATITUDE    68.35     LONGITUDE     -133.72   ALTITUDE    21 M
INUVIK     INSTRUMENT   18NM64    NEUTRON MONITOR     	
INUVIK     STANDARD PRESSURE    1008.14 MB     COEFFICIENT   -0.74     % / MB
INUVIK     PRE-INCREASE BASELINE TIME INTERVAL    120516    230000-010000   UT
INUVIK     PRE-INCREASE AVERAGE COUNTING RATE    193.10      COUNTS PER SECOND
INUVIK     TIME INTERVALS    300         3600     
INUVIK     SCALE FACTORS     1           1        
STATION    YYMMDD  SEC   TIME (UT)   CODE    UNCORR. PRESS.    CORR.    % INC.	DETRENDED
                         INTERVAL    TD      C/S     (MB)      C/S
INUVIK     120516 3600 000000-010000   00     180.19 1022.5    193.05     0.00    -9999
INUVIK     120516 3600 010000-020000   00     180.10 1022.8    193.50     0.20    -9999
INUVIK     120516 3600 020000-030000   00     179.61 1023.1    193.40     0.20    -9999
INUVIK     120516 3600 030000-040000   00     178.58 1023.6    193.01     0.00    -9999
INUVIK     120516 3600 040000-050000   00     177.04 1024.1    192.05    -0.50    -9999
INUVIK     120516 3600 050000-060000   00     176.84 1024.6    192.60    -0.30    -9999
INUVIK     120516 3600 060000-070000   00     175.69 1025.1    192.05    -0.50    -9999
INUVIK     120516 3600 070000-080000   00     175.14 1025.3    191.70    -0.70    -9999
INUVIK     120516 3600 080000-090000   00     174.04 1025.6    190.99    -1.10    -9999
INUVIK     120516 3600 090000-100000   00     174.19 1025.9    191.56    -0.80    -9999
INUVIK     120516 3600 100000-110000   00     174.41 1026.2    192.15    -0.50    -9999
INUVIK     120516 3600 110000-120000   00     173.96 1026.3    191.83    -0.70    -9999
INUVIK     120516 3600 120000-130000   00     174.21 1026.6    192.57    -0.30    -9999
INUVIK     120516 3600 130000-140000   00     173.87 1026.9    192.60    -0.30    -9999
INUVIK     120516 3600 140000-150000   00     173.46 1027.2    192.52    -0.30    -9999
INUVIK     120516 3600 150000-160000   00     173.35 1027.4    192.82    -0.10    -9999
INUVIK     120516 3600 160000-170000   00     173.27 1027.6    192.91    -0.10    -9999
INUVIK     120516 3600 170000-180000   00     172.69 1027.8    192.61    -0.30    -9999
INUVIK     120516 3600 180000-190000   00     173.24 1027.9    193.36     0.10    -9999
INUVIK     120516 3600 190000-200000   00     173.52 1028.1    194.01     0.50    -9999
INUVIK     120516 3600 200000-210000   00     172.89 1028.4    193.65     0.30    -9999
INUVIK     120516 300  210000-210500   00     172.75 1028.4    193.52     0.20    -9999
INUVIK     120516 300  210500-211000   00     173.49 1028.4    194.34     0.60    -9999
INUVIK     120516 300  211000-211500   00     171.93 1028.4    192.57    -0.30    -9999
INUVIK     120516 300  211500-212000   00     173.49 1028.4    194.30     0.60    -9999
INUVIK     120516 300  212000-212500   00     174.40 1028.4    195.32     1.10    -9999
INUVIK     120516 300  212500-213000   00     173.92 1028.4    194.79     0.90    -9999
INUVIK     120516 300  213000-213500   00     174.01 1028.4    194.95     1.00    -9999
INUVIK     120516 300  213500-214000   00     170.77 1028.4    191.37    -0.90    -9999
INUVIK     120516 300  214000-214500   00     171.27 1028.5    191.99    -0.60    -9999
INUVIK     120516 300  214500-215000   00     172.57 1028.5    193.49     0.20    -9999
INUVIK     120516 300  215000-215500   00     170.89 1028.5    191.62    -0.80    -9999
INUVIK     120516 300  215500-220000   00     171.65 1028.5    192.51    -0.30    -9999
INUVIK     120516 300  220000-220500   00     171.98 1028.5    192.88    -0.10    -9999
INUVIK     120516 300  220500-221000   00     173.50 1028.5    194.58     0.80    -9999
INUVIK     120516 300  221000-221500   00     170.79 1028.5    191.53    -0.80    -9999
INUVIK     120516 300  221500-222000   00     172.90 1028.6    193.93     0.40    -9999
INUVIK     120516 300  222000-222500   00     171.93 1028.6    192.90    -0.10    -9999
INUVIK     120516 300  222500-223000   00     173.23 1028.6    194.36     0.70    -9999
INUVIK     120516 300  223000-223500   00     173.52 1028.6    194.69     0.80    -9999
INUVIK     120516 300  223500-224000   00     171.72 1028.6    192.69    -0.20    -9999
INUVIK     120516 300  224000-224500   00     172.37 1028.6    193.43     0.20    -9999
INUVIK     120516 300  224500-225000   00     172.55 1028.6    193.60     0.30    -9999
INUVIK     120516 300  225000-225500   00     172.64 1028.6    193.71     0.30    -9999
INUVIK     120516 300  225500-230000   00     173.22 1028.6    194.37     0.70    -9999
INUVIK     120516 300  230000-230500   00     173.31 1028.7    194.53     0.70    -9999
INUVIK     120516 300  230500-231000   00     173.99 1028.7    195.32     1.10    -9999
INUVIK     120516 300  231000-231500   00     171.77 1028.6    192.80    -0.20    -9999
INUVIK     120516 300  231500-232000   00     173.71 1028.6    194.95     1.00    -9999
INUVIK     120516 300  232000-232500   00     169.74 1028.6    190.48    -1.40    -9999
INUVIK     120516 300  232500-233000   00     171.10 1028.6    191.98    -0.60    -9999
INUVIK     120516 300  233000-233500   00     170.62 1028.6    191.41    -0.90    -9999
INUVIK     120516 300  233500-234000   00     172.50 1028.6    193.55     0.20    -9999
INUVIK     120516 300  234000-234500   00     172.76 1028.6    193.88     0.40    -9999
INUVIK     120516 300  234500-235000   00     171.27 1028.7    192.25    -0.40    -9999
INUVIK     120516 300  235000-235500   00     170.56 1028.6    191.42    -0.90    -9999
INUVIK     120516 300  235500-240000   00     172.45 1028.6    193.50     0.20    -9999
INUVIK     120517 300  000000-000500   00     171.05 1028.6    191.89    -0.60    -9999
INUVIK     120517 300  000500-001000   00     172.51 1028.5    193.47     0.20    -9999
INUVIK     120517 300  001000-001500   00     171.30 1028.5    192.12    -0.50    -9999
INUVIK     120517 300  001500-002000   00     171.92 1028.5    192.81    -0.20    -9999
INUVIK     120517 300  002000-002500   00     170.89 1028.5    191.60    -0.80    -9999
INUVIK     120517 300  002500-003000   00     173.67 1028.5    194.73     0.80    -9999
INUVIK     120517 300  003000-003500   00     173.26 1028.5    194.32     0.60    -9999
INUVIK     120517 300  003500-004000   00     173.06 1028.6    194.14     0.50    -9999
INUVIK     120517 300  004000-004500   00     174.07 1028.6    195.27     1.10    -9999
INUVIK     120517 300  004500-005000   00     171.90 1028.6    192.81    -0.20    -9999
INUVIK     120517 300  005000-005500   00     169.94 1028.5    190.58    -1.30    -9999
INUVIK     120517 300  005500-010000   00     173.55 1028.5    194.63     0.80    -9999
INUVIK     120517 300  010000-010500   00     174.86 1028.5    196.08     1.50     1.50
INUVIK     120517 300  010500-011000   00     173.73 1028.5    194.84     0.90     0.90
INUVIK     120517 300  011000-011500   00     174.53 1028.5    195.75     1.40     1.40
INUVIK     120517 300  011500-012000   00     172.74 1028.6    193.75     0.30     0.30
INUVIK     120517 300  012000-012500   00     173.08 1028.6    194.16     0.50     0.50
INUVIK     120517 300  012500-013000   00     170.96 1028.6    191.78    -0.70    -0.70
INUVIK     120517 300  013000-013500   00     172.30 1028.6    193.27     0.10     0.10
INUVIK     120517 300  013500-014000   00     173.37 1028.6    194.52     0.70     0.70
INUVIK     120517 300  014000-014500   00     173.28 1028.6    194.41     0.70     0.70
INUVIK     120517 300  014500-015000   00     173.56 1028.6    194.67     0.80     0.80
INUVIK     120517 300  015000-015500   00     174.29 1028.5    195.48     1.20     1.20
INUVIK     120517 300  015500-020000   00     174.65 1028.5    195.87     1.40     1.40
INUVIK     120517 300  020000-020500   00     174.70 1028.5    195.92     1.50     1.50
INUVIK     120517 300  020500-021000   00     173.80 1028.6    194.93     0.90     0.90
INUVIK     120517 300  021000-021500   00     176.67 1028.6    198.18     2.60     2.60
INUVIK     120517 300  021500-022000   00     174.99 1028.5    196.24     1.60     1.60
INUVIK     120517 300  022000-022500   00     176.88 1028.5    198.35     2.70     2.70
INUVIK     120517 300  022500-023000   00     176.07 1028.5    197.47     2.30     2.30
INUVIK     120517 300  023000-023500   00     174.51 1028.6    195.73     1.40     1.40
INUVIK     120517 300  023500-024000   00     175.31 1028.6    196.66     1.80     1.80
INUVIK     120517 300  024000-024500   00     175.48 1028.6    196.89     2.00     2.00
INUVIK     120517 300  024500-025000   00     177.10 1028.6    198.69     2.90     2.90
INUVIK     120517 300  025000-025500   00     174.85 1028.6    196.21     1.60     1.60
INUVIK     120517 300  025500-030000   00     173.56 1028.6    194.80     0.90     0.90
INUVIK     120517 300  030000-030500   00     175.59 1028.7    197.08     2.10     2.10
INUVIK     120517 300  030500-031000   00     173.69 1028.7    194.96     1.00     1.00
INUVIK     120517 300  031000-031500   00     173.47 1028.6    194.67     0.80     0.80
INUVIK     120517 300  031500-032000   00     174.74 1028.6    196.07     1.50     1.50
INUVIK     120517 300  032000-032500   00     175.84 1028.6    197.33     2.20     2.20
INUVIK     120517 300  032500-033000   00     173.78 1028.6    195.03     1.00     1.00
INUVIK     120517 300  033000-033500   00     175.30 1028.6    196.69     1.90     1.90
INUVIK     120517 300  033500-034000   00     173.36 1028.6    194.48     0.70     0.70
INUVIK     120517 300  034000-034500   00     172.87 1028.6    193.92     0.40     0.40
INUVIK     120517 300  034500-035000   00     174.83 1028.6    196.10     1.60     1.60
INUVIK     120517 300  035000-035500   00     174.28 1028.6    195.52     1.30     1.30
INUVIK     120517 300  035500-040000   00     175.42 1028.6    196.82     1.90     1.90
INUVIK     120517 300  040000-040500   00     175.37 1028.6    196.78     1.90     1.90
INUVIK     120517 300  040500-041000   00     174.04 1028.6    195.28     1.10     1.10
INUVIK     120517 300  041000-041500   00     174.63 1028.6    195.93     1.50     1.50
INUVIK     120517 300  041500-042000   00     173.79 1028.6    195.00     1.00     1.00
INUVIK     120517 300  042000-042500   00     173.89 1028.6    195.16     1.10     1.10
INUVIK     120517 300  042500-043000   00     174.99 1028.6    196.37     1.70     1.70
INUVIK     120517 300  043000-043500   00     173.57 1028.6    194.74     0.80     0.80
INUVIK     120517 300  043500-044000   00     172.13 1028.6    193.13     0.00     0.00
INUVIK     120517 300  044000-044500   00     174.30 1028.5    195.48     1.20     1.20
INUVIK     120517 300  044500-045000   00     172.18 1028.5    193.08     0.00     0.00
INUVIK     120517 300  045000-045500   00     174.27 1028.5    195.42     1.20     1.20
INUVIK     120517 300  045500-050000   00     174.33 1028.5    195.45     1.20     1.20
INUVIK     120517 300  050000-050500   00     173.71 1028.5    194.80     0.90     0.90
INUVIK     120517 300  050500-051000   00     172.61 1028.6    193.62     0.30     0.30
INUVIK     120517 300  051000-051500   00     172.88 1028.6    193.93     0.40     0.40
INUVIK     120517 300  051500-052000   00     172.33 1028.6    193.34     0.10     0.10
INUVIK     120517 300  052000-052500   00     171.22 1028.6    192.11    -0.50    -0.50
INUVIK     120517 300  052500-053000   00     173.61 1028.6    194.78     0.90     0.90
INUVIK     120517 300  053000-053500   00     172.56 1028.6    193.60     0.30     0.30
INUVIK     120517 300  053500-054000   00     171.86 1028.6    192.82    -0.10    -0.10
INUVIK     120517 300  054000-054500   00     172.44 1028.6    193.47     0.20     0.20
INUVIK     120517 300  054500-055000   00     173.29 1028.6    194.46     0.70     0.70
INUVIK     120517 300  055000-055500   00     173.46 1028.6    194.61     0.80     0.80
INUVIK     120517 300  055500-060000   00     175.72 1028.6    197.10     2.10     2.10
INUVIK     120517 300  060000-060500   00     174.68 1028.6    195.98     1.50     1.50
INUVIK     120517 300  060500-061000   00     173.28 1028.6    194.46     0.70     0.70
INUVIK     120517 300  061000-061500   00     171.32 1028.7    192.30    -0.40    -0.40
INUVIK     120517 300  061500-062000   00     173.37 1028.6    194.55     0.80     0.80
INUVIK     120517 300  062000-062500   00     173.48 1028.6    194.61     0.80     0.80
INUVIK     120517 300  062500-063000   00     172.66 1028.6    193.69     0.30     0.30
INUVIK     120517 300  063000-063500   00     170.62 1028.6    191.38    -0.90    -0.90
INUVIK     120517 300  063500-064000   00     172.28 1028.6    193.24     0.10     0.10
INUVIK     120517 300  064000-064500   00     173.11 1028.6    194.24     0.60     0.60
INUVIK     120517 300  064500-065000   00     173.47 1028.6    194.66     0.80     0.80
INUVIK     120517 300  065000-065500   00     172.46 1028.6    193.57     0.20     0.20
INUVIK     120517 300  065500-070000   00     170.73 1028.6    191.63    -0.80    -0.80
INUVIK     120517 300  070000-070500   00     172.86 1028.6    194.02     0.50    -9999
INUVIK     120517 300  070500-071000   00     172.09 1028.6    193.15     0.00    -9999
INUVIK     120517 300  071000-071500   00     172.11 1028.7    193.19     0.00    -9999
INUVIK     120517 300  071500-072000   00     173.19 1028.6    194.38     0.70    -9999
INUVIK     120517 300  072000-072500   00     173.72 1028.6    194.99     1.00    -9999
INUVIK     120517 300  072500-073000   00     172.84 1028.6    193.96     0.40    -9999
INUVIK     120517 300  073000-073500   00     175.47 1028.6    196.82     1.90    -9999
INUVIK     120517 300  073500-074000   00     171.63 1028.5    192.46    -0.30    -9999
INUVIK     120517 300  074000-074500   00     171.64 1028.5    192.41    -0.40    -9999
INUVIK     120517 300  074500-075000   00     173.98 1028.5    194.99     1.00    -9999
INUVIK     120517 300  075000-075500   00     172.32 1028.4    193.09     0.00    -9999
INUVIK     120517 300  075500-080000   00     173.32 1028.4    194.21     0.60    -9999
INUVIK     120517 300  080000-080500   00     171.44 1028.4    192.09    -0.50    -9999
INUVIK     120517 300  080500-081000   00     172.83 1028.4    193.58     0.20    -9999
INUVIK     120517 300  081000-081500   00     170.53 1028.4    191.01    -1.10    -9999
INUVIK     120517 300  081500-082000   00     172.08 1028.4    192.72    -0.20    -9999
INUVIK     120517 300  082000-082500   00     170.19 1028.4    190.60    -1.30    -9999
INUVIK     120517 300  082500-083000   00     175.22 1028.4    196.24     1.60    -9999
INUVIK     120517 300  083000-083500   00     171.35 1028.3    191.89    -0.60    -9999
INUVIK     120517 300  083500-084000   00     173.72 1028.4    194.60     0.80    -9999
INUVIK     120517 300  084000-084500   00     171.80 1028.4    192.51    -0.30    -9999
INUVIK     120517 300  084500-085000   00     172.52 1028.4    193.33     0.10    -9999
INUVIK     120517 300  085000-085500   00     173.59 1028.4    194.50     0.70    -9999
INUVIK     120517 300  085500-090000   00     171.25 1028.4    191.89    -0.60    -9999
INUVIK     120517 300  090000-090500   00     173.34 1028.4    194.23     0.60    -9999
INUVIK     120517 300  090500-091000   00     174.56 1028.4    195.53     1.30    -9999
INUVIK     120517 300  091000-091500   00     171.73 1028.4    192.33    -0.40    -9999
INUVIK     120517 300  091500-092000   00     171.44 1028.3    191.96    -0.60    -9999
INUVIK     120517 300  092000-092500   00     173.81 1028.3    194.56     0.80    -9999
INUVIK     120517 300  092500-093000   00     171.43 1028.3    191.85    -0.60    -9999
INUVIK     120517 300  093000-093500   00     172.38 1028.2    192.89    -0.10    -9999
INUVIK     120517 300  093500-094000   00     170.56 1028.2    190.81    -1.20    -9999
INUVIK     120517 300  094000-094500   00     173.43 1028.2    194.02     0.50    -9999
INUVIK     120517 300  094500-095000   00     174.17 1028.2    194.84     0.90    -9999
INUVIK     120517 300  095000-095500   00     172.44 1028.2    192.89    -0.10    -9999
INUVIK     120517 300  095500-100000   00     174.11 1028.2    194.77     0.90    -9999
INUVIK     120517 300  100000-100500   00     173.15 1028.2    193.73     0.30    -9999
INUVIK     120517 300  100500-101000   00     172.81 1028.2    193.34     0.10    -9999
INUVIK     120517 300  101000-101500   00     172.16 1028.2    192.61    -0.30    -9999
INUVIK     120517 300  101500-102000   00     173.55 1028.2    194.18     0.60    -9999
INUVIK     120517 300  102000-102500   00     173.01 1028.2    193.58     0.20    -9999
INUVIK     120517 300  102500-103000   00     172.89 1028.2    193.45     0.20    -9999
INUVIK     120517 300  103000-103500   00     171.09 1028.2    191.43    -0.90    -9999
INUVIK     120517 300  103500-104000   00     172.02 1028.2    192.43    -0.30    -9999
INUVIK     120517 300  104000-104500   00     173.22 1028.2    193.76     0.30    -9999
INUVIK     120517 300  104500-105000   00     171.04 1028.2    191.28    -0.90    -9999
INUVIK     120517 300  105000-105500   00     172.62 1028.2    193.03     0.00    -9999
INUVIK     120517 300  105500-110000   00     172.34 1028.1    192.70    -0.20    -9999
INUVIK     120517 300  110000-110500   00     172.92 1028.1    193.35     0.10    -9999
INUVIK     120517 300  110500-111000   00     173.19 1028.1    193.63     0.30    -9999
INUVIK     120517 300  111000-111500   00     170.05 1028.1    190.09    -1.60    -9999
INUVIK     120517 300  111500-112000   00     173.42 1028.1    193.85     0.40    -9999
INUVIK     120517 300  112000-112500   00     170.32 1028.1    190.32    -1.40    -9999
INUVIK     120517 300  112500-113000   00     172.86 1028.0    193.09     0.00    -9999
INUVIK     120517 300  113000-113500   00     170.90 1028.0    190.85    -1.20    -9999
INUVIK     120517 300  113500-114000   00     172.08 1028.0    192.14    -0.50    -9999
INUVIK     120517 300  114000-114500   00     173.42 1028.0    193.68     0.30    -9999
INUVIK     120517 300  114500-115000   00     172.08 1028.0    192.19    -0.50    -9999
INUVIK     120517 300  115000-115500   00     172.02 1028.0    192.07    -0.50    -9999
INUVIK     120517 300  115500-120000   00     174.32 1027.9    194.59     0.80    -9999
INUVIK     120517 300  120000-120500   00     172.17 1027.9    192.20    -0.50    -9999
INUVIK     120517 300  120500-121000   00     172.06 1027.9    192.09    -0.50    -9999
INUVIK     120517 300  121000-121500   00     173.18 1027.9    193.35     0.10    -9999
INUVIK     120517 300  121500-122000   00     173.50 1027.9    193.70     0.30    -9999
INUVIK     120517 300  122000-122500   00     171.62 1027.9    191.58    -0.80    -9999
INUVIK     120517 300  122500-123000   00     172.80 1027.9    192.92    -0.10    -9999
INUVIK     120517 300  123000-123500   00     173.59 1027.9    193.81     0.40    -9999
INUVIK     120517 300  123500-124000   00     171.83 1027.9    191.85    -0.60    -9999
INUVIK     120517 300  124000-124500   00     170.89 1027.9    190.79    -1.20    -9999
INUVIK     120517 300  124500-125000   00     172.63 1027.9    192.70    -0.20    -9999
INUVIK     120517 300  125000-125500   00     171.38 1027.9    191.22    -1.00    -9999
INUVIK     120517 300  125500-130000   00     170.84 1027.8    190.51    -1.30    -9999
INUVIK     120517 300  130000-130500   00     172.88 1027.7    192.67    -0.20    -9999
INUVIK     120517 300  130500-131000   00     173.38 1027.7    193.19     0.00    -9999
INUVIK     120517 300  131000-131500   00     173.55 1027.6    193.31     0.10    -9999
INUVIK     120517 300  131500-132000   00     173.97 1027.6    193.71     0.30    -9999
INUVIK     120517 300  132000-132500   00     172.20 1027.6    191.73    -0.70    -9999
INUVIK     120517 300  132500-133000   00     172.22 1027.6    191.74    -0.70    -9999
INUVIK     120517 300  133000-133500   00     173.31 1027.5    192.89    -0.10    -9999
INUVIK     120517 300  133500-134000   00     175.30 1027.5    195.03     1.00    -9999
INUVIK     120517 300  134000-134500   00     170.71 1027.5    189.94    -1.60    -9999
INUVIK     120517 300  134500-135000   00     172.44 1027.5    191.90    -0.60    -9999
INUVIK     120517 300  135000-135500   00     174.79 1027.5    194.51     0.70    -9999
INUVIK     120517 300  135500-140000   00     173.07 1027.4    192.52    -0.30    -9999
INUVIK     120517 300  140000-140500   00     174.08 1027.4    193.57     0.20    -9999
INUVIK     120517 300  140500-141000   00     172.51 1027.4    191.81    -0.70    -9999
INUVIK     120517 300  141000-141500   00     172.59 1027.4    191.89    -0.60    -9999
INUVIK     120517 300  141500-142000   00     176.09 1027.4    195.74     1.40    -9999
INUVIK     120517 300  142000-142500   00     171.99 1027.3    191.13    -1.00    -9999
INUVIK     120517 300  142500-143000   00     173.68 1027.3    192.97    -0.10    -9999
INUVIK     120517 300  143000-143500   00     172.82 1027.3    192.02    -0.60    -9999
INUVIK     120517 300  143500-144000   00     174.31 1027.3    193.73     0.30    -9999
INUVIK     120517 300  144000-144500   00     174.28 1027.4    193.75     0.30    -9999
INUVIK     120517 300  144500-145000   00     172.94 1027.3    192.21    -0.50    -9999
INUVIK     120517 300  145000-145500   00     173.25 1027.3    192.47    -0.30    -9999
INUVIK     120517 300  145500-150000   00     175.76 1027.2    195.16     1.10    -9999
INUVIK     120517 300  150000-150500   00     175.16 1027.2    194.46     0.70    -9999
INUVIK     120517 300  150500-151000   00     174.66 1027.2    193.88     0.40    -9999
INUVIK     120517 300  151000-151500   00     176.47 1027.2    195.89     1.40    -9999
INUVIK     120517 300  151500-152000   00     172.11 1027.2    191.04    -1.10    -9999
INUVIK     120517 300  152000-152500   00     175.11 1027.2    194.36     0.70    -9999
INUVIK     120517 300  152500-153000   00     175.44 1027.2    194.73     0.80    -9999
INUVIK     120517 300  153000-153500   00     175.46 1027.1    194.68     0.80    -9999
INUVIK     120517 300  153500-154000   00     175.50 1027.1    194.67     0.80    -9999
INUVIK     120517 300  154000-154500   00     171.59 1027.0    190.28    -1.50    -9999
INUVIK     120517 300  154500-155000   00     173.20 1027.0    192.06    -0.50    -9999
INUVIK     120517 300  155000-155500   00     174.07 1027.0    193.01     0.00    -9999
INUVIK     120517 300  155500-160000   00     174.68 1027.0    193.62     0.30    -9999
INUVIK     120517 300  160000-160500   00     174.37 1026.9    193.22     0.10    -9999
INUVIK     120517 300  160500-161000   00     173.81 1026.9    192.59    -0.30    -9999
INUVIK     120517 300  161000-161500   00     172.78 1026.9    191.41    -0.90    -9999
INUVIK     120517 300  161500-162000   00     176.69 1026.9    195.70     1.30    -9999
INUVIK     120517 300  162000-162500   00     173.65 1026.9    192.34    -0.40    -9999
INUVIK     120517 300  162500-163000   00     176.16 1026.9    195.16     1.10    -9999
INUVIK     120517 300  163000-163500   00     176.03 1026.9    195.01     1.00    -9999
INUVIK     120517 300  163500-164000   00     172.84 1026.9    191.48    -0.80    -9999
INUVIK     120517 300  164000-164500   00     174.87 1026.9    193.73     0.30    -9999
INUVIK     120517 300  164500-165000   00     173.52 1026.9    192.22    -0.50    -9999
INUVIK     120517 300  165000-165500   00     175.91 1026.9    194.85     0.90    -9999
INUVIK     120517 300  165500-170000   00     175.18 1026.9    194.03     0.50    -9999
INUVIK     120517 300  170000-170500   00     174.84 1026.9    193.62     0.30    -9999
INUVIK     120517 300  170500-171000   00     171.82 1026.9    190.28    -1.50    -9999
INUVIK     120517 300  171000-171500   00     176.16 1026.8    195.07     1.00    -9999
INUVIK     120517 300  171500-172000   00     173.79 1026.8    192.42    -0.40    -9999
INUVIK     120517 300  172000-172500   00     173.06 1026.8    191.60    -0.80    -9999
INUVIK     120517 300  172500-173000   00     175.36 1026.8    194.13     0.50    -9999
INUVIK     120517 300  173000-173500   00     176.11 1026.8    194.93     0.90    -9999
INUVIK     120517 300  173500-174000   00     176.34 1026.8    195.17     1.10    -9999
INUVIK     120517 300  174000-174500   00     172.40 1026.8    190.80    -1.20    -9999
INUVIK     120517 300  174500-175000   00     173.22 1026.8    191.71    -0.70    -9999
INUVIK     120517 300  175000-175500   00     172.98 1026.7    191.39    -0.90    -9999
INUVIK     120517 300  175500-180000   00     175.65 1026.6    194.21     0.60    -9999
INUVIK     120517 300  180000-180500   00     175.97 1026.6    194.55     0.80    -9999
INUVIK     120517 300  180500-181000   00     174.04 1026.6    192.42    -0.40    -9999
INUVIK     120517 300  181000-181500   00     176.43 1026.6    195.03     1.00    -9999
INUVIK     120517 300  181500-182000   00     177.83 1026.6    196.53     1.80    -9999
INUVIK     120517 300  182000-182500   00     174.27 1026.5    192.53    -0.30    -9999
INUVIK     120517 300  182500-183000   00     176.83 1026.5    195.29     1.10    -9999
INUVIK     120517 300  183000-183500   00     175.26 1026.5    193.51     0.20    -9999
INUVIK     120517 300  183500-184000   00     176.73 1026.5    195.14     1.10    -9999
INUVIK     120517 300  184000-184500   00     176.11 1026.5    194.46     0.70    -9999
INUVIK     120517 300  184500-185000   00     174.44 1026.5    192.64    -0.20    -9999
INUVIK     120517 300  185000-185500   00     175.09 1026.4    193.29     0.10    -9999
INUVIK     120517 300  185500-190000   00     175.75 1026.4    193.96     0.40    -9999
INUVIK     120517 300  190000-190500   00     176.21 1026.4    194.47     0.70    -9999
INUVIK     120517 300  190500-191000   00     174.66 1026.3    192.68    -0.20    -9999
INUVIK     120517 300  191000-191500   00     174.31 1026.3    192.17    -0.50    -9999
INUVIK     120517 300  191500-192000   00     173.55 1026.2    191.32    -0.90    -9999
INUVIK     120517 300  192000-192500   00     174.42 1026.2    192.24    -0.40    -9999
INUVIK     120517 300  192500-193000   00     175.41 1026.2    193.30     0.10    -9999
INUVIK     120517 300  193000-193500   00     174.57 1026.2    192.39    -0.40    -9999
INUVIK     120517 300  193500-194000   00     174.21 1026.2    192.01    -0.60    -9999
INUVIK     120517 300  194000-194500   00     175.08 1026.2    192.96    -0.10    -9999
INUVIK     120517 300  194500-195000   00     175.17 1026.2    193.04     0.00    -9999
INUVIK     120517 300  195000-195500   00     175.95 1026.2    193.86     0.40    -9999
INUVIK     120517 300  195500-200000   00     173.82 1026.1    191.44    -0.90    -9999
INUVIK     120517 300  200000-200500   00     174.02 1026.1    191.62    -0.80    -9999
INUVIK     120517 300  200500-201000   00     177.06 1026.0    194.90     0.90    -9999
INUVIK     120517 300  201000-201500   00     176.42 1026.0    194.12     0.50    -9999
INUVIK     120517 300  201500-202000   00     173.43 1025.9    190.74    -1.20    -9999
INUVIK     120517 300  202000-202500   00     175.27 1025.9    192.70    -0.20    -9999
INUVIK     120517 300  202500-203000   00     176.03 1025.9    193.48     0.20    -9999
INUVIK     120517 300  203000-203500   00     176.21 1025.8    193.56     0.20    -9999
INUVIK     120517 300  203500-204000   00     176.22 1025.7    193.52     0.20    -9999
INUVIK     120517 300  204000-204500   00     176.25 1025.7    193.49     0.20    -9999
INUVIK     120517 300  204500-205000   00     177.27 1025.6    194.54     0.70    -9999
INUVIK     120517 300  205000-205500   00     176.48 1025.6    193.63     0.30    -9999
INUVIK     120517 300  205500-210000   00     177.52 1025.6    194.75     0.90    -9999
INUVIK     120517 300  210000-210500   00     175.30 1025.6    192.26    -0.40    -9999
INUVIK     120517 300  210500-211000   00     174.53 1025.5    191.38    -0.90    -9999
INUVIK     120517 300  211000-211500   00     177.55 1025.5    194.67     0.80    -9999
INUVIK     120517 300  211500-212000   00     174.56 1025.5    191.38    -0.90    -9999
INUVIK     120517 300  212000-212500   00     175.17 1025.5    192.01    -0.60    -9999
INUVIK     120517 300  212500-213000   00     174.98 1025.5    191.80    -0.70    -9999
INUVIK     120517 300  213000-213500   00     177.89 1025.5    194.95     1.00    -9999
INUVIK     120517 300  213500-214000   00     175.32 1025.4    192.11    -0.50    -9999
INUVIK     120517 300  214000-214500   00     175.85 1025.4    192.67    -0.20    -9999
INUVIK     120517 300  214500-215000   00     177.27 1025.4    194.16     0.50    -9999
INUVIK     120517 300  215000-215500   00     177.30 1025.3    194.11     0.50    -9999
INUVIK     120517 300  215500-220000   00     176.79 1025.2    193.41     0.20    -9999
INUVIK     120517 300  220000-220500   00     175.80 1025.2    192.25    -0.40    -9999
INUVIK     120517 300  220500-221000   00     177.81 1025.1    194.38     0.70    -9999
INUVIK     120517 300  221000-221500   00     174.80 1025.1    191.02    -1.10    -9999
INUVIK     120517 300  221500-222000   00     175.66 1025.0    191.89    -0.60    -9999
INUVIK     120517 300  222000-222500   00     177.60 1025.0    193.89     0.40    -9999
INUVIK     120517 300  222500-223000   00     174.54 1024.9    190.47    -1.40    -9999
INUVIK     120517 300  223000-223500   00     175.78 1024.9    191.76    -0.70    -9999
INUVIK     120517 300  223500-224000   00     177.35 1024.8    193.41     0.20    -9999
INUVIK     120517 300  224000-224500   00     176.64 1024.8    192.59    -0.30    -9999
INUVIK     120517 300  224500-225000   00     179.43 1024.7    195.52     1.30    -9999
INUVIK     120517 300  225000-225500   00     175.50 1024.6    191.13    -1.00    -9999
INUVIK     120517 300  225500-230000   00     176.24 1024.6    191.85    -0.60    -9999
INUVIK     120517 300  230000-230500   00     173.82 1024.5    189.12    -2.10    -9999
INUVIK     120517 300  230500-231000   00     175.93 1024.5    191.37    -0.90    -9999
INUVIK     120517 300  231000-231500   00     175.68 1024.4    191.06    -1.10    -9999
INUVIK     120517 300  231500-232000   00     176.82 1024.4    192.24    -0.40    -9999
INUVIK     120517 300  232000-232500   00     177.41 1024.4    192.81    -0.20    -9999
INUVIK     120517 300  232500-233000   00     177.40 1024.3    192.76    -0.20    -9999
INUVIK     120517 300  233000-233500   00     179.10 1024.3    194.51     0.70    -9999
INUVIK     120517 300  233500-234000   00     177.56 1024.2    192.79    -0.20    -9999
INUVIK     120517 300  234000-234500   00     175.54 1024.2    190.55    -1.30    -9999
INUVIK     120517 300  234500-235000   00     177.86 1024.1    192.96    -0.10    -9999
INUVIK     120517 300  235000-235500   00     178.22 1024.1    193.29     0.10    -9999
INUVIK     120517 300  235500-240000   00     176.79 1024.0    191.66    -0.70    -9999
INUVIK     120518 3600 000000-010000   00     177.75 1023.7    192.29    -0.40    -9999
INUVIK     120518 3600 010000-020000   00     178.07 1023.3    191.99    -0.60    -9999
INUVIK     120518 3600 020000-030000   00     179.30 1022.8    192.56    -0.30    -9999
INUVIK     120518 3600 030000-040000   00     179.29 1022.4    192.00    -0.60    -9999
INUVIK     120518 3600 040000-050000   00     179.66 1022.1    191.95    -0.60    -9999
INUVIK     120518 3600 050000-060000   00     179.52 1021.8    191.38    -0.90    -9999
INUVIK     120518 3600 060000-070000   00     179.59 1021.5    191.10    -1.00    -9999
INUVIK     120518 3600 070000-080000   00     179.62 1021.4    190.91    -1.10    -9999
INUVIK     120518 3600 080000-090000   00     179.85 1021.2    190.88    -1.10    -9999
INUVIK     120518 3600 090000-100000   00     180.52 1021.0    191.26    -1.00    -9999
INUVIK     120518 3600 100000-110000   00     180.88 1020.6    191.07    -1.10    -9999
INUVIK     120518 3600 110000-120000   00     180.14 1020.2    189.80    -1.70    -9999
INUVIK     120518 3600 120000-130000   00     179.97 1020.0    189.30    -2.00    -9999
INUVIK     120518 3600 130000-140000   00     179.84 1019.7    188.70    -2.30    -9999
INUVIK     120518 3600 140000-150000   00     180.71 1019.3    189.04    -2.10    -9999
INUVIK     120518 3600 150000-160000   00     181.24 1019.1    189.41    -1.90    -9999
INUVIK     120518 3600 160000-170000   00     182.07 1018.9    189.97    -1.60    -9999
INUVIK     120518 3600 170000-180000   00     183.16 1018.7    190.82    -1.20    -9999
INUVIK     120518 3600 180000-190000   00     183.31 1018.3    190.44    -1.40    -9999
INUVIK     120518 3600 190000-200000   00     183.94 1018.1    190.72    -1.20    -9999
INUVIK     120518 3600 200000-210000   00     185.33 1017.7    191.56    -0.80    -9999
INUVIK     120518 3600 210000-220000   00     186.28 1017.3    192.03    -0.60    -9999
INUVIK     120518 3600 220000-230000   00     186.99 1016.9    192.15    -0.50    -9999
INUVIK     120518 3600 230000-240000   00     188.44 1016.5    193.05     0.00    -9999
*
COMMENT UNIVERISTY OF OULU: FILE GENERATED FROM DATABASE AND OBTAINED FROM
COMMENT https://gle.oulu.fi at 2024-01-15 17:24:22 +00:00
COMMENT FOR HISTORICAL/ORIGINAL TEXT FILES SEE https://gle.oulu.fi/txtarchive/
COMMENT ORIGINAL AT https://gle.oulu.fi/txtarchive/GLE71/C071INVK_cor.DAT
COMMENT DETRENDED DATA SHOW -9999 IF EQUAL TO INC% COLUMN 