THULE      LATITUDE    76.6      LONGITUDE     -68.8     ALTITUDE    260 M
THULE      INSTRUMENT   9NM64    NEUTRON MONITOR     	
THULE      STANDARD PRESSURE    990.85  MB     COEFFICIENT   -0.74     % / MB
THULE      PRE-INCREASE BASELINE TIME INTERVAL    120516    230000-010000   UT
THULE      PRE-INCREASE AVERAGE COUNTING RATE    122.35      COUNTS PER SECOND
THULE      TIME INTERVALS    300         3600     
THULE      SCALE FACTORS     1           1        
STATION    YYMMDD  SEC   TIME (UT)   CODE    UNCORR. PRESS.    CORR.    % INC.	DETRENDED
                         INTERVAL    TD      C/S     (MB)      C/S
THULE      120516 3600 000000-010000   00     116.67 1010.5    121.31    -0.90    -9999
THULE      120516 3600 010000-020000   00     116.16 1010.7    120.97    -1.10    -9999
THULE      120516 3600 020000-030000   00     116.68 1010.8    121.60    -0.60    -9999
THULE      120516 3600 030000-040000   00     116.45 1011.0    121.53    -0.70    -9999
THULE      120516 3600 040000-050000   00     116.56 1011.1    121.77    -0.50    -9999
THULE      120516 3600 050000-060000   00     116.58 1011.4    122.01    -0.30    -9999
THULE      120516 3600 060000-070000   00     116.11 1011.7    121.81    -0.40    -9999
THULE      120516 3600 070000-080000   00     115.96 1011.9    121.86    -0.40    -9999
THULE      120516 3600 080000-090000   00     116.07 1012.1    122.16    -0.20    -9999
THULE      120516 3600 090000-100000   00     116.06 1012.3    122.33     0.00    -9999
THULE      120516 3600 100000-110000   00     115.93 1012.4    122.27    -0.10    -9999
THULE      120516 3600 110000-120000   00     116.04 1012.4    122.39     0.00    -9999
THULE      120516 3600 120000-130000   00     116.33 1012.3    122.54     0.20    -9999
THULE      120516 3600 130000-140000   00     116.66 1012.0    122.65     0.20    -9999
THULE      120516 3600 140000-150000   00     116.57 1011.7    122.27    -0.10    -9999
THULE      120516 3600 150000-160000   00     117.59 1011.4    123.09     0.60    -9999
THULE      120516 3600 160000-170000   00     117.80 1011.1    123.06     0.60    -9999
THULE      120516 3600 170000-180000   00     117.77 1010.9    122.86     0.40    -9999
THULE      120516 3600 180000-190000   00     117.75 1010.9    122.76     0.30    -9999
THULE      120516 3600 190000-200000   00     117.38 1010.8    122.32     0.00    -9999
THULE      120516 3600 200000-210000   00     117.08 1011.0    122.22    -0.10    -9999
THULE      120516 300  210000-210500   00     116.89 1011.1    122.12    -0.20    -9999
THULE      120516 300  210500-211000   00     115.85 1011.2    121.04    -1.10    -9999
THULE      120516 300  211000-211500   00     116.45 1011.2    121.67    -0.60    -9999
THULE      120516 300  211500-212000   00     117.42 1011.1    122.67     0.30    -9999
THULE      120516 300  212000-212500   00     115.80 1011.1    120.97    -1.10    -9999
THULE      120516 300  212500-213000   00     116.83 1011.1    122.04    -0.30    -9999
THULE      120516 300  213000-213500   00     117.22 1011.1    122.45     0.10    -9999
THULE      120516 300  213500-214000   00     117.01 1011.1    122.21    -0.10    -9999
THULE      120516 300  214000-214500   00     117.53 1011.1    122.76     0.30    -9999
THULE      120516 300  214500-215000   00     115.89 1011.1    121.02    -1.10    -9999
THULE      120516 300  215000-215500   00     116.96 1011.1    122.13    -0.20    -9999
THULE      120516 300  215500-220000   00     116.46 1011.1    121.62    -0.60    -9999
THULE      120516 300  220000-220500   00     115.85 1011.1    120.97    -1.10    -9999
THULE      120516 300  220500-221000   00     117.04 1011.0    122.19    -0.10    -9999
THULE      120516 300  221000-221500   00     116.08 1011.0    121.16    -1.00    -9999
THULE      120516 300  221500-222000   00     117.61 1011.0    122.76     0.30    -9999
THULE      120516 300  222000-222500   00     115.99 1011.1    121.09    -1.00    -9999
THULE      120516 300  222500-223000   00     118.24 1011.0    123.44     0.90    -9999
THULE      120516 300  223000-223500   00     118.18 1011.0    123.36     0.80    -9999
THULE      120516 300  223500-224000   00     117.77 1011.0    122.92     0.50    -9999
THULE      120516 300  224000-224500   00     116.89 1011.0    121.99    -0.30    -9999
THULE      120516 300  224500-225000   00     116.14 1011.0    121.22    -0.90    -9999
THULE      120516 300  225000-225500   00     116.10 1011.0    121.18    -1.00    -9999
THULE      120516 300  225500-230000   00     116.69 1011.0    121.80    -0.40    -9999
THULE      120516 300  230000-230500   00     117.24 1011.1    122.41     0.00    -9999
THULE      120516 300  230500-231000   00     117.03 1011.1    122.21    -0.10    -9999
THULE      120516 300  231000-231500   00     116.45 1011.1    121.57    -0.60    -9999
THULE      120516 300  231500-232000   00     117.25 1011.0    122.38     0.00    -9999
THULE      120516 300  232000-232500   00     117.30 1011.0    122.41     0.00    -9999
THULE      120516 300  232500-233000   00     117.41 1011.0    122.53     0.10    -9999
THULE      120516 300  233000-233500   00     116.93 1011.0    122.01    -0.30    -9999
THULE      120516 300  233500-234000   00     117.30 1011.0    122.37     0.00    -9999
THULE      120516 300  234000-234500   00     116.82 1011.0    121.87    -0.40    -9999
THULE      120516 300  234500-235000   00     119.19 1011.0    124.35     1.60    -9999
THULE      120516 300  235000-235500   00     117.38 1011.0    122.48     0.10    -9999
THULE      120516 300  235500-240000   00     116.76 1011.0    121.83    -0.40    -9999
THULE      120517 300  000000-000500   00     117.80 1011.0    122.93     0.50    -9999
THULE      120517 300  000500-001000   00     115.53 1011.0    120.56    -1.50    -9999
THULE      120517 300  001000-001500   00     116.39 1010.9    121.40    -0.80    -9999
THULE      120517 300  001500-002000   00     117.95 1010.9    122.98     0.50    -9999
THULE      120517 300  002000-002500   00     117.56 1010.9    122.56     0.20    -9999
THULE      120517 300  002500-003000   00     117.54 1010.9    122.54     0.20    -9999
THULE      120517 300  003000-003500   00     117.53 1010.8    122.51     0.10    -9999
THULE      120517 300  003500-004000   00     118.72 1010.8    123.73     1.10    -9999
THULE      120517 300  004000-004500   00     116.50 1010.8    121.41    -0.80    -9999
THULE      120517 300  004500-005000   00     116.93 1010.8    121.83    -0.40    -9999
THULE      120517 300  005000-005500   00     118.22 1010.8    123.17     0.70    -9999
THULE      120517 300  005500-010000   00     117.50 1010.8    122.42     0.10    -9999
THULE      120517 300  010000-010500   00     117.93 1010.7    122.84     0.40     0.40
THULE      120517 300  010500-011000   00     117.96 1010.7    122.85     0.40     0.40
THULE      120517 300  011000-011500   00     117.55 1010.7    122.41     0.00     0.00
THULE      120517 300  011500-012000   00     116.63 1010.7    121.45    -0.70    -0.70
THULE      120517 300  012000-012500   00     116.96 1010.7    121.81    -0.40    -0.40
THULE      120517 300  012500-013000   00     118.17 1010.7    123.05     0.60     0.60
THULE      120517 300  013000-013500   00     118.80 1010.7    123.70     1.10     1.10
THULE      120517 300  013500-014000   00     118.13 1010.7    123.02     0.50     0.50
THULE      120517 300  014000-014500   00     119.09 1010.7    124.03     1.40     1.40
THULE      120517 300  014500-015000   00     116.60 1010.7    121.45    -0.70    -0.70
THULE      120517 300  015000-015500   00     118.32 1010.8    123.26     0.70     0.70
THULE      120517 300  015500-020000   00     117.38 1010.8    122.28    -0.10    -0.10
THULE      120517 300  020000-020500   00     118.78 1010.7    123.71     1.10     1.10
THULE      120517 300  020500-021000   00     119.69 1010.7    124.60     1.80     1.80
THULE      120517 300  021000-021500   00     122.27 1010.7    127.28     4.00     4.00
THULE      120517 300  021500-022000   00     121.01 1010.6    125.93     2.90     2.90
THULE      120517 300  022000-022500   00     122.80 1010.7    127.85     4.50     4.50
THULE      120517 300  022500-023000   00     120.35 1010.6    125.26     2.40     2.40
THULE      120517 300  023000-023500   00     121.78 1010.6    126.73     3.60     3.60
THULE      120517 300  023500-024000   00     122.33 1010.6    127.30     4.00     4.00
THULE      120517 300  024000-024500   00     120.97 1010.6    125.84     2.90     2.90
THULE      120517 300  024500-025000   00     122.11 1010.6    127.03     3.80     3.80
THULE      120517 300  025000-025500   00     121.36 1010.6    126.23     3.20     3.20
THULE      120517 300  025500-030000   00     121.26 1010.5    126.12     3.10     3.10
THULE      120517 300  030000-030500   00     120.43 1010.5    125.22     2.30     2.30
THULE      120517 300  030500-031000   00     121.58 1010.5    126.42     3.30     3.30
THULE      120517 300  031000-031500   00     120.77 1010.5    125.59     2.60     2.60
THULE      120517 300  031500-032000   00     120.75 1010.5    125.54     2.60     2.60
THULE      120517 300  032000-032500   00     119.87 1010.5    124.60     1.80     1.80
THULE      120517 300  032500-033000   00     120.03 1010.5    124.75     2.00     2.00
THULE      120517 300  033000-033500   00     119.64 1010.4    124.33     1.60     1.60
THULE      120517 300  033500-034000   00     122.11 1010.4    126.89     3.70     3.70
THULE      120517 300  034000-034500   00     119.98 1010.4    124.69     1.90     1.90
THULE      120517 300  034500-035000   00     120.89 1010.5    125.65     2.70     2.70
THULE      120517 300  035000-035500   00     120.04 1010.4    124.73     1.90     1.90
THULE      120517 300  035500-040000   00     118.59 1010.4    123.22     0.70     0.70
THULE      120517 300  040000-040500   00     121.40 1010.4    126.14     3.10     3.10
THULE      120517 300  040500-041000   00     119.10 1010.4    123.78     1.20     1.20
THULE      120517 300  041000-041500   00     120.15 1010.4    124.84     2.00     2.00
THULE      120517 300  041500-042000   00     118.68 1010.4    123.29     0.80     0.80
THULE      120517 300  042000-042500   00     119.14 1010.4    123.77     1.20     1.20
THULE      120517 300  042500-043000   00     119.35 1010.4    124.02     1.40     1.40
THULE      120517 300  043000-043500   00     120.12 1010.4    124.82     2.00     2.00
THULE      120517 300  043500-044000   00     118.90 1010.4    123.55     1.00     1.00
THULE      120517 300  044000-044500   00     118.43 1010.4    123.04     0.60     0.60
THULE      120517 300  044500-045000   00     119.92 1010.4    124.61     1.80     1.80
THULE      120517 300  045000-045500   00     120.27 1010.4    124.98     2.10     2.10
THULE      120517 300  045500-050000   00     119.90 1010.4    124.61     1.80     1.80
THULE      120517 300  050000-050500   00     120.73 1010.5    125.49     2.60     2.60
THULE      120517 300  050500-051000   00     118.92 1010.4    123.55     1.00     1.00
THULE      120517 300  051000-051500   00     117.11 1010.4    121.66    -0.60    -0.60
THULE      120517 300  051500-052000   00     118.95 1010.4    123.59     1.00     1.00
THULE      120517 300  052000-052500   00     118.52 1010.4    123.15     0.70     0.70
THULE      120517 300  052500-053000   00     119.16 1010.4    123.80     1.20     1.20
THULE      120517 300  053000-053500   00     118.61 1010.4    123.24     0.70     0.70
THULE      120517 300  053500-054000   00     119.67 1010.4    124.32     1.60     1.60
THULE      120517 300  054000-054500   00     118.72 1010.3    123.30     0.80     0.80
THULE      120517 300  054500-055000   00     118.72 1010.3    123.24     0.70     0.70
THULE      120517 300  055000-055500   00     119.02 1010.2    123.52     1.00     1.00
THULE      120517 300  055500-060000   00     119.69 1010.2    124.20     1.50     1.50
THULE      120517 300  060000-060500   00     118.57 1010.2    123.02     0.50     0.50
THULE      120517 300  060500-061000   00     119.27 1010.2    123.74     1.10     1.10
THULE      120517 300  061000-061500   00     117.44 1010.3    121.88    -0.40    -0.40
THULE      120517 300  061500-062000   00     119.13 1010.3    123.64     1.10     1.10
THULE      120517 300  062000-062500   00     117.61 1010.3    122.07    -0.20    -0.20
THULE      120517 300  062500-063000   00     118.17 1010.3    122.65     0.20     0.20
THULE      120517 300  063000-063500   00     118.08 1010.3    122.54     0.20     0.20
THULE      120517 300  063500-064000   00     118.01 1010.3    122.48     0.10     0.10
THULE      120517 300  064000-064500   00     118.55 1010.2    123.02     0.50     0.50
THULE      120517 300  064500-065000   00     119.41 1010.2    123.91     1.30     1.30
THULE      120517 300  065000-065500   00     117.90 1010.2    122.36     0.00     0.00
THULE      120517 300  065500-070000   00     118.90 1010.2    123.37     0.80     0.80
THULE      120517 300  070000-070500   00     117.72 1010.2    122.13    -0.20    -0.20
THULE      120517 300  070500-071000   00     118.72 1010.1    123.11     0.60     0.60
THULE      120517 300  071000-071500   00     117.67 1010.1    122.01    -0.30    -0.30
THULE      120517 300  071500-072000   00     118.86 1010.1    123.24     0.70     0.70
THULE      120517 300  072000-072500   00     117.36 1010.1    121.68    -0.50    -0.50
THULE      120517 300  072500-073000   00     118.67 1010.1    123.04     0.60     0.60
THULE      120517 300  073000-073500   00     119.58 1010.1    123.97     1.30     1.30
THULE      120517 300  073500-074000   00     119.17 1010.1    123.55     1.00     1.00
THULE      120517 300  074000-074500   00     117.46 1010.1    121.76    -0.50    -0.50
THULE      120517 300  074500-075000   00     118.69 1010.1    123.03     0.60     0.60
THULE      120517 300  075000-075500   00     118.26 1010.1    122.61     0.20     0.20
THULE      120517 300  075500-080000   00     117.70 1010.1    122.02    -0.30    -0.30
THULE      120517 300  080000-080500   00     118.28 1010.1    122.60     0.20    -9999
THULE      120517 300  080500-081000   00     117.25 1010.1    121.54    -0.70    -9999
THULE      120517 300  081000-081500   00     118.20 1010.1    122.53     0.10    -9999
THULE      120517 300  081500-082000   00     117.73 1010.1    122.04    -0.30    -9999
THULE      120517 300  082000-082500   00     117.85 1010.1    122.15    -0.20    -9999
THULE      120517 300  082500-083000   00     118.87 1010.1    123.21     0.70    -9999
THULE      120517 300  083000-083500   00     118.05 1010.1    122.39     0.00    -9999
THULE      120517 300  083500-084000   00     119.08 1010.1    123.48     0.90    -9999
THULE      120517 300  084000-084500   00     118.59 1010.1    122.93     0.50    -9999
THULE      120517 300  084500-085000   00     118.02 1010.1    122.30     0.00    -9999
THULE      120517 300  085000-085500   00     117.31 1010.0    121.56    -0.60    -9999
THULE      120517 300  085500-090000   00     118.08 1010.0    122.36     0.00    -9999
THULE      120517 300  090000-090500   00     118.11 1010.1    122.40     0.00    -9999
THULE      120517 300  090500-091000   00     118.77 1010.1    123.08     0.60    -9999
THULE      120517 300  091000-091500   00     118.90 1010.0    123.21     0.70    -9999
THULE      120517 300  091500-092000   00     117.36 1010.0    121.59    -0.60    -9999
THULE      120517 300  092000-092500   00     119.59 1010.0    123.89     1.30    -9999
THULE      120517 300  092500-093000   00     118.03 1010.0    122.25    -0.10    -9999
THULE      120517 300  093000-093500   00     117.53 1010.0    121.72    -0.50    -9999
THULE      120517 300  093500-094000   00     118.32 1010.0    122.53     0.10    -9999
THULE      120517 300  094000-094500   00     118.99 1009.9    123.21     0.70    -9999
THULE      120517 300  094500-095000   00     117.89 1009.9    122.05    -0.20    -9999
THULE      120517 300  095000-095500   00     118.76 1009.9    122.97     0.50    -9999
THULE      120517 300  095500-100000   00     117.39 1009.9    121.55    -0.70    -9999
THULE      120517 300  100000-100500   00     117.94 1009.9    122.11    -0.20    -9999
THULE      120517 300  100500-101000   00     118.16 1009.9    122.34     0.00    -9999
THULE      120517 300  101000-101500   00     118.98 1010.0    123.24     0.70    -9999
THULE      120517 300  101500-102000   00     118.05 1010.0    122.28    -0.10    -9999
THULE      120517 300  102000-102500   00     118.12 1010.0    122.37     0.00    -9999
THULE      120517 300  102500-103000   00     118.09 1010.0    122.34     0.00    -9999
THULE      120517 300  103000-103500   00     117.45 1010.0    121.69    -0.50    -9999
THULE      120517 300  103500-104000   00     119.74 1010.1    124.11     1.40    -9999
THULE      120517 300  104000-104500   00     117.95 1010.1    122.27    -0.10    -9999
THULE      120517 300  104500-105000   00     118.54 1010.1    122.86     0.40    -9999
THULE      120517 300  105000-105500   00     118.57 1010.1    122.87     0.40    -9999
THULE      120517 300  105500-110000   00     118.26 1010.1    122.58     0.20    -9999
THULE      120517 300  110000-110500   00     118.13 1010.1    122.44     0.10    -9999
THULE      120517 300  110500-111000   00     117.60 1010.1    121.90    -0.40    -9999
THULE      120517 300  111000-111500   00     119.25 1010.1    123.62     1.00    -9999
THULE      120517 300  111500-112000   00     118.79 1010.1    123.15     0.70    -9999
THULE      120517 300  112000-112500   00     118.39 1010.1    122.73     0.30    -9999
THULE      120517 300  112500-113000   00     117.66 1010.1    121.98    -0.30    -9999
THULE      120517 300  113000-113500   00     118.97 1010.1    123.29     0.80    -9999
THULE      120517 300  113500-114000   00     118.12 1010.1    122.45     0.10    -9999
THULE      120517 300  114000-114500   00     118.51 1010.0    122.81     0.40    -9999
THULE      120517 300  114500-115000   00     118.53 1010.1    122.88     0.40    -9999
THULE      120517 300  115000-115500   00     119.72 1010.1    124.07     1.40    -9999
THULE      120517 300  115500-120000   00     117.59 1010.1    121.90    -0.40    -9999
THULE      120517 300  120000-120500   00     119.24 1010.1    123.65     1.10    -9999
THULE      120517 300  120500-121000   00     116.61 1010.2    120.95    -1.10    -9999
THULE      120517 300  121000-121500   00     118.56 1010.2    122.98     0.50    -9999
THULE      120517 300  121500-122000   00     118.15 1010.1    122.52     0.10    -9999
THULE      120517 300  122000-122500   00     118.02 1010.1    122.35     0.00    -9999
THULE      120517 300  122500-123000   00     118.49 1010.3    122.97     0.50    -9999
THULE      120517 300  123000-123500   00     118.00 1010.3    122.48     0.10    -9999
THULE      120517 300  123500-124000   00     117.26 1010.2    121.67    -0.60    -9999
THULE      120517 300  124000-124500   00     117.83 1010.3    122.31     0.00    -9999
THULE      120517 300  124500-125000   00     119.38 1010.3    123.95     1.30    -9999
THULE      120517 300  125000-125500   00     118.68 1010.3    123.23     0.70    -9999
THULE      120517 300  125500-130000   00     118.36 1010.3    122.89     0.40    -9999
THULE      120517 300  130000-130500   00     118.08 1010.2    122.54     0.20    -9999
THULE      120517 300  130500-131000   00     118.89 1010.3    123.38     0.80    -9999
THULE      120517 300  131000-131500   00     117.94 1010.3    122.40     0.00    -9999
THULE      120517 300  131500-132000   00     118.49 1010.2    122.96     0.50    -9999
THULE      120517 300  132000-132500   00     118.75 1010.2    123.20     0.70    -9999
THULE      120517 300  132500-133000   00     120.24 1010.2    124.73     1.90    -9999
THULE      120517 300  133000-133500   00     118.84 1010.2    123.31     0.80    -9999
THULE      120517 300  133500-134000   00     118.56 1010.2    123.00     0.50    -9999
THULE      120517 300  134000-134500   00     118.28 1010.2    122.71     0.30    -9999
THULE      120517 300  134500-135000   00     118.89 1010.2    123.36     0.80    -9999
THULE      120517 300  135000-135500   00     118.68 1010.2    123.10     0.60    -9999
THULE      120517 300  135500-140000   00     118.42 1010.2    122.87     0.40    -9999
THULE      120517 300  140000-140500   00     118.77 1010.2    123.25     0.70    -9999
THULE      120517 300  140500-141000   00     118.38 1010.2    122.78     0.40    -9999
THULE      120517 300  141000-141500   00     117.62 1010.2    122.03    -0.30    -9999
THULE      120517 300  141500-142000   00     117.49 1010.2    121.89    -0.40    -9999
THULE      120517 300  142000-142500   00     119.08 1010.1    123.48     0.90    -9999
THULE      120517 300  142500-143000   00     118.60 1010.1    122.92     0.50    -9999
THULE      120517 300  143000-143500   00     119.67 1010.1    124.03     1.40    -9999
THULE      120517 300  143500-144000   00     118.98 1010.1    123.32     0.80    -9999
THULE      120517 300  144000-144500   00     119.02 1010.0    123.32     0.80    -9999
THULE      120517 300  144500-145000   00     119.93 1010.0    124.25     1.60    -9999
THULE      120517 300  145000-145500   00     118.12 1010.0    122.34     0.00    -9999
THULE      120517 300  145500-150000   00     120.00 1009.9    124.25     1.60    -9999
THULE      120517 300  150000-150500   00     117.84 1009.9    121.99    -0.30    -9999
THULE      120517 300  150500-151000   00     118.21 1009.9    122.35     0.00    -9999
THULE      120517 300  151000-151500   00     117.47 1009.9    121.61    -0.60    -9999
THULE      120517 300  151500-152000   00     119.28 1009.9    123.42     0.90    -9999
THULE      120517 300  152000-152500   00     117.81 1009.8    121.83    -0.40    -9999
THULE      120517 300  152500-153000   00     119.32 1009.7    123.33     0.80    -9999
THULE      120517 300  153000-153500   00     117.81 1009.6    121.71    -0.50    -9999
THULE      120517 300  153500-154000   00     118.02 1009.6    121.91    -0.40    -9999
THULE      120517 300  154000-154500   00     119.82 1009.6    123.77     1.20    -9999
THULE      120517 300  154500-155000   00     119.78 1009.6    123.71     1.10    -9999
THULE      120517 300  155000-155500   00     119.33 1009.6    123.22     0.70    -9999
THULE      120517 300  155500-160000   00     118.13 1009.6    122.01    -0.30    -9999
THULE      120517 300  160000-160500   00     119.80 1009.6    123.73     1.10    -9999
THULE      120517 300  160500-161000   00     118.66 1009.6    122.57     0.20    -9999
THULE      120517 300  161000-161500   00     119.93 1009.6    123.88     1.30    -9999
THULE      120517 300  161500-162000   00     119.09 1009.6    122.99     0.50    -9999
THULE      120517 300  162000-162500   00     118.27 1009.6    122.13    -0.20    -9999
THULE      120517 300  162500-163000   00     119.22 1009.6    123.13     0.60    -9999
THULE      120517 300  163000-163500   00     119.04 1009.6    122.94     0.50    -9999
THULE      120517 300  163500-164000   00     119.65 1009.6    123.54     1.00    -9999
THULE      120517 300  164000-164500   00     119.48 1009.5    123.33     0.80    -9999
THULE      120517 300  164500-165000   00     118.60 1009.5    122.38     0.00    -9999
THULE      120517 300  165000-165500   00     118.69 1009.5    122.48     0.10    -9999
THULE      120517 300  165500-170000   00     119.56 1009.5    123.39     0.90    -9999
THULE      120517 300  170000-170500   00     118.45 1009.5    122.24    -0.10    -9999
THULE      120517 300  170500-171000   00     120.26 1009.5    124.08     1.40    -9999
THULE      120517 300  171000-171500   00     117.79 1009.5    121.53    -0.70    -9999
THULE      120517 300  171500-172000   00     120.08 1009.5    123.89     1.30    -9999
THULE      120517 300  172000-172500   00     117.78 1009.5    121.53    -0.70    -9999
THULE      120517 300  172500-173000   00     119.47 1009.5    123.26     0.70    -9999
THULE      120517 300  173000-173500   00     119.23 1009.4    122.99     0.50    -9999
THULE      120517 300  173500-174000   00     118.47 1009.4    122.20    -0.10    -9999
THULE      120517 300  174000-174500   00     119.88 1009.4    123.64     1.10    -9999
THULE      120517 300  174500-175000   00     120.41 1009.4    124.15     1.50    -9999
THULE      120517 300  175000-175500   00     119.32 1009.3    123.00     0.50    -9999
THULE      120517 300  175500-180000   00     119.95 1009.3    123.66     1.10    -9999
THULE      120517 300  180000-180500   00     121.28 1009.3    124.98     2.10    -9999
THULE      120517 300  180500-181000   00     118.91 1009.3    122.54     0.20    -9999
THULE      120517 300  181000-181500   00     119.14 1009.3    122.75     0.30    -9999
THULE      120517 300  181500-182000   00     119.54 1009.3    123.19     0.70    -9999
THULE      120517 300  182000-182500   00     118.97 1009.3    122.61     0.20    -9999
THULE      120517 300  182500-183000   00     120.08 1009.3    123.77     1.20    -9999
THULE      120517 300  183000-183500   00     120.22 1009.4    123.95     1.30    -9999
THULE      120517 300  183500-184000   00     120.15 1009.3    123.85     1.20    -9999
THULE      120517 300  184000-184500   00     119.90 1009.3    123.57     1.00    -9999
THULE      120517 300  184500-185000   00     120.61 1009.3    124.29     1.60    -9999
THULE      120517 300  185000-185500   00     120.38 1009.3    124.03     1.40    -9999
THULE      120517 300  185500-190000   00     118.33 1009.2    121.87    -0.40    -9999
THULE      120517 300  190000-190500   00     119.31 1009.2    122.86     0.40    -9999
THULE      120517 300  190500-191000   00     119.67 1009.2    123.22     0.70    -9999
THULE      120517 300  191000-191500   00     118.07 1009.2    121.54    -0.70    -9999
THULE      120517 300  191500-192000   00     120.17 1009.1    123.67     1.10    -9999
THULE      120517 300  192000-192500   00     120.57 1009.1    124.05     1.40    -9999
THULE      120517 300  192500-193000   00     120.18 1009.1    123.65     1.10    -9999
THULE      120517 300  193000-193500   00     120.56 1009.1    124.07     1.40    -9999
THULE      120517 300  193500-194000   00     120.07 1009.1    123.57     1.00    -9999
THULE      120517 300  194000-194500   00     117.22 1009.1    120.60    -1.40    -9999
THULE      120517 300  194500-195000   00     119.59 1009.0    123.02     0.50    -9999
THULE      120517 300  195000-195500   00     119.33 1009.1    122.75     0.30    -9999
THULE      120517 300  195500-200000   00     119.73 1009.0    123.12     0.60    -9999
THULE      120517 300  200000-200500   00     121.62 1009.0    125.06     2.20    -9999
THULE      120517 300  200500-201000   00     118.76 1009.0    122.11    -0.20    -9999
THULE      120517 300  201000-201500   00     119.93 1009.0    123.29     0.80    -9999
THULE      120517 300  201500-202000   00     118.53 1008.9    121.82    -0.40    -9999
THULE      120517 300  202000-202500   00     118.97 1008.9    122.25    -0.10    -9999
THULE      120517 300  202500-203000   00     119.32 1008.9    122.61     0.20    -9999
THULE      120517 300  203000-203500   00     119.99 1008.8    123.24     0.70    -9999
THULE      120517 300  203500-204000   00     118.45 1008.8    121.63    -0.60    -9999
THULE      120517 300  204000-204500   00     120.04 1008.8    123.23     0.70    -9999
THULE      120517 300  204500-205000   00     118.89 1008.8    122.04    -0.30    -9999
THULE      120517 300  205000-205500   00     120.50 1008.7    123.66     1.10    -9999
THULE      120517 300  205500-210000   00     119.66 1008.7    122.78     0.40    -9999
THULE      120517 300  210000-210500   00     119.63 1008.7    122.74     0.30    -9999
THULE      120517 300  210500-211000   00     119.11 1008.7    122.21    -0.10    -9999
THULE      120517 300  211000-211500   00     119.86 1008.7    122.93     0.50    -9999
THULE      120517 300  211500-212000   00     119.77 1008.6    122.79     0.40    -9999
THULE      120517 300  212000-212500   00     119.29 1008.6    122.28    -0.10    -9999
THULE      120517 300  212500-213000   00     120.45 1008.6    123.45     0.90    -9999
THULE      120517 300  213000-213500   00     119.04 1008.5    121.97    -0.30    -9999
THULE      120517 300  213500-214000   00     120.08 1008.5    123.00     0.50    -9999
THULE      120517 300  214000-214500   00     119.87 1008.4    122.75     0.30    -9999
THULE      120517 300  214500-215000   00     120.35 1008.4    123.22     0.70    -9999
THULE      120517 300  215000-215500   00     118.99 1008.4    121.80    -0.40    -9999
THULE      120517 300  215500-220000   00     119.21 1008.3    121.98    -0.30    -9999
THULE      120517 300  220000-220500   00     119.17 1008.3    121.91    -0.40    -9999
THULE      120517 300  220500-221000   00     118.57 1008.3    121.27    -0.90    -9999
THULE      120517 300  221000-221500   00     119.47 1008.3    122.18    -0.10    -9999
THULE      120517 300  221500-222000   00     118.64 1008.2    121.28    -0.90    -9999
THULE      120517 300  222000-222500   00     119.41 1008.2    122.03    -0.30    -9999
THULE      120517 300  222500-223000   00     119.38 1008.1    121.96    -0.30    -9999
THULE      120517 300  223000-223500   00     118.99 1008.1    121.49    -0.70    -9999
THULE      120517 300  223500-224000   00     118.92 1008.0    121.39    -0.80    -9999
THULE      120517 300  224000-224500   00     120.74 1008.0    123.22     0.70    -9999
THULE      120517 300  224500-225000   00     119.58 1008.0    122.04    -0.30    -9999
THULE      120517 300  225000-225500   00     119.40 1008.0    121.82    -0.40    -9999
THULE      120517 300  225500-230000   00     119.41 1007.9    121.78    -0.50    -9999
THULE      120517 300  230000-230500   00     118.92 1007.8    121.21    -0.90    -9999
THULE      120517 300  230500-231000   00     120.39 1007.8    122.69     0.30    -9999
THULE      120517 300  231000-231500   00     119.60 1007.7    121.80    -0.40    -9999
THULE      120517 300  231500-232000   00     119.64 1007.6    121.76    -0.50    -9999
THULE      120517 300  232000-232500   00     119.25 1007.6    121.33    -0.80    -9999
THULE      120517 300  232500-233000   00     120.43 1007.6    122.51     0.10    -9999
THULE      120517 300  233000-233500   00     118.94 1007.5    120.95    -1.10    -9999
THULE      120517 300  233500-234000   00     120.76 1007.5    122.75     0.30    -9999
THULE      120517 300  234000-234500   00     119.50 1007.4    121.44    -0.70    -9999
THULE      120517 300  234500-235000   00     120.18 1007.4    122.09    -0.20    -9999
THULE      120517 300  235000-235500   00     121.70 1007.3    123.58     1.00    -9999
THULE      120517 300  235500-240000   00     119.88 1007.3    121.67    -0.60    -9999
THULE      120518 3600 000000-010000   00     120.49 1006.9    121.95    -0.30    -9999
THULE      120518 3600 010000-020000   00     120.97 1006.2    121.86    -0.40    -9999
THULE      120518 3600 020000-030000   00     121.16 1005.6    121.48    -0.70    -9999
THULE      120518 3600 030000-040000   00     121.83 1004.8    121.42    -0.80    -9999
THULE      120518 3600 040000-050000   00     122.46 1004.1    121.45    -0.70    -9999
THULE      120518 3600 050000-060000   00     123.10 1003.7    121.66    -0.60    -9999
THULE      120518 3600 060000-070000   00     123.23 1003.3    121.47    -0.70    -9999
THULE      120518 3600 070000-080000   00     122.99 1003.1    121.08    -1.00    -9999
THULE      120518 3600 080000-090000   00     122.75 1003.0    120.72    -1.30    -9999
THULE      120518 3600 090000-100000   00     123.04 1003.0    121.03    -1.10    -9999
THULE      120518 3600 100000-110000   00     122.76 1003.3    120.95    -1.10    -9999
THULE      120518 3600 110000-120000   00     122.22 1003.7    120.81    -1.30    -9999
THULE      120518 3600 120000-130000   00     121.95 1004.0    120.86    -1.20    -9999
THULE      120518 3600 130000-140000   00     121.96 1004.4    121.15    -1.00    -9999
THULE      120518 3600 140000-150000   00     122.05 1004.8    121.68    -0.50    -9999
THULE      120518 3600 150000-160000   00     122.33 1005.3    122.35     0.00    -9999
THULE      120518 3600 160000-170000   00     121.80 1005.4    121.93    -0.30    -9999
THULE      120518 3600 170000-180000   00     122.42 1005.6    122.76     0.30    -9999
THULE      120518 3600 180000-190000   00     121.53 1005.9    122.11    -0.20    -9999
THULE      120518 3600 190000-200000   00     121.48 1006.3    122.39     0.00    -9999
THULE      120518 3600 200000-210000   00     121.54 1006.5    122.64     0.20    -9999
THULE      120518 3600 210000-220000   00     120.80 1006.6    122.04    -0.30    -9999
THULE      120518 3600 220000-230000   00     121.17 1006.6    122.42     0.10    -9999
THULE      120518 3600 230000-240000   00     121.02 1006.7    122.29     0.00    -9999
*
COMMENT UNIVERISTY OF OULU: FILE GENERATED FROM DATABASE AND OBTAINED FROM
COMMENT https://gle.oulu.fi at 2024-01-15 17:24:22 +00:00
COMMENT FOR HISTORICAL/ORIGINAL TEXT FILES SEE https://gle.oulu.fi/txtarchive/
COMMENT ORIGINAL AT https://gle.oulu.fi/txtarchive/GLE71/C071THUL_cor.DAT
COMMENT DETRENDED DATA SHOW -9999 IF EQUAL TO INC% COLUMN 