JUNGFRAU1  LATITUDE    46.55     LONGITUDE     7.98      ALTITUDE    3570 M
JUNGFRAU1  INSTRUMENT   IGY     NEUTRON MONITOR
JUNGFRAU1  STANDARD PRESSURE    641.06  MB     COEFFICIENT   -0.72     % / MB
JUNGFRAU1  PRE-INCREASE BASELINE TIME INTERVAL    120516    230000-010000   UT
JUNGFRAU1  PRE-INCREASE AVERAGE COUNTING RATE    352.70      COUNTS PER SECOND
JUNGFRAU1  TIME INTERVALS    300         3600     
JUNGFRAU1  SCALE FACTORS     1           1        
STATION    YYMMDD  SEC   TIME (UT)   CODE    UNCORR. PRESS.    CORR.    % INC.	DETRENDED
                         INTERVAL    TD      C/S     (MB)      C/S
JUNGFRAU1  120516 3600 000000-010000   00     320.78  656.2    352.90     0.10    -9999
JUNGFRAU1  120516 3600 010000-020000   00     320.88  656.0    352.52    -0.10    -9999
JUNGFRAU1  120516 3600 020000-030000   00     321.05  655.7    351.95    -0.20    -9999
JUNGFRAU1  120516 3600 030000-040000   00     322.07  655.4    352.23    -0.10    -9999
JUNGFRAU1  120516 3600 040000-050000   00     322.39  655.6    353.24     0.20    -9999
JUNGFRAU1  120516 3600 050000-060000   00     321.21  655.8    352.51    -0.10    -9999
JUNGFRAU1  120516 3600 060000-070000   00     320.96  656.2    353.19     0.10    -9999
JUNGFRAU1  120516 3600 070000-080000   00     319.11  656.9    352.86     0.00    -9999
JUNGFRAU1  120516 3600 080000-090000   00     317.35  657.5    352.33    -0.10    -9999
JUNGFRAU1  120516 3600 090000-100000   00     317.26  657.7    352.75     0.00    -9999
JUNGFRAU1  120516 3600 100000-110000   00     315.39  658.3    352.31    -0.10    -9999
JUNGFRAU1  120516 3600 110000-120000   00     313.92  659.1    352.73     0.00    -9999
JUNGFRAU1  120516 3600 120000-130000   00     312.68  659.4    352.05    -0.20    -9999
JUNGFRAU1  120516 3600 130000-140000   00     312.37  660.0    353.14     0.10    -9999
JUNGFRAU1  120516 3600 140000-150000   00     308.87  660.3    350.03    -0.80    -9999
JUNGFRAU1  120516 3600 150000-160000   00     308.35  660.4    349.66    -0.90    -9999
JUNGFRAU1  120516 3600 160000-170000   00     307.38  660.7    349.34    -1.00    -9999
JUNGFRAU1  120516 3600 170000-180000   00     306.20  661.2    349.16    -1.00    -9999
JUNGFRAU1  120516 3600 180000-190000   00     306.36  661.6    350.37    -0.70    -9999
JUNGFRAU1  120516 3600 190000-200000   00     305.34  662.0    350.35    -0.70    -9999
JUNGFRAU1  120516 3600 200000-210000   00     304.27  662.3    349.93    -0.80    -9999
JUNGFRAU1  120516 300  210000-210500   00     306.52  662.6    353.16     0.10    -9999
JUNGFRAU1  120516 300  210500-211000   00     305.80  662.5    352.20    -0.10    -9999
JUNGFRAU1  120516 300  211000-211500   00     304.31  662.5    350.38    -0.70    -9999
JUNGFRAU1  120516 300  211500-212000   00     304.30  662.4    350.20    -0.70    -9999
JUNGFRAU1  120516 300  212000-212500   00     304.33  662.4    350.23    -0.70    -9999
JUNGFRAU1  120516 300  212500-213000   00     303.28  662.4    348.85    -1.10    -9999
JUNGFRAU1  120516 300  213000-213500   00     308.93  662.4    355.43     0.80    -9999
JUNGFRAU1  120516 300  213500-214000   00     308.14  662.4    354.48     0.50    -9999
JUNGFRAU1  120516 300  214000-214500   00     309.27  662.2    355.33     0.70    -9999
JUNGFRAU1  120516 300  214500-215000   00     303.67  662.1    348.55    -1.20    -9999
JUNGFRAU1  120516 300  215000-215500   00     303.53  662.2    348.73    -1.10    -9999
JUNGFRAU1  120516 300  215500-220000   00     305.76  662.1    351.12    -0.40    -9999
JUNGFRAU1  120516 300  220000-220500   00     307.49  661.9    352.54     0.00    -9999
JUNGFRAU1  120516 300  220500-221000   00     303.87  662.2    349.19    -1.00    -9999
JUNGFRAU1  120516 300  221000-221500   00     306.26  662.3    352.11    -0.20    -9999
JUNGFRAU1  120516 300  221500-222000   00     305.59  662.2    351.12    -0.40    -9999
JUNGFRAU1  120516 300  222000-222500   00     306.35  662.2    351.87    -0.20    -9999
JUNGFRAU1  120516 300  222500-223000   00     302.17  662.3    347.37    -1.50    -9999
JUNGFRAU1  120516 300  223000-223500   00     307.99  662.2    353.73     0.30    -9999
JUNGFRAU1  120516 300  223500-224000   00     303.55  662.4    349.19    -1.00    -9999
JUNGFRAU1  120516 300  224000-224500   00     304.87  662.4    350.71    -0.60    -9999
JUNGFRAU1  120516 300  224500-225000   00     305.51  662.4    351.51    -0.30    -9999
JUNGFRAU1  120516 300  225000-225500   00     305.60  662.3    351.47    -0.30    -9999
JUNGFRAU1  120516 300  225500-230000   00     305.07  662.4    351.10    -0.50    -9999
JUNGFRAU1  120516 300  230000-230500   00     306.09  662.3    352.06    -0.20    -9999
JUNGFRAU1  120516 300  230500-231000   00     304.38  662.4    350.11    -0.70    -9999
JUNGFRAU1  120516 300  231000-231500   00     308.84  662.3    355.13     0.70    -9999
JUNGFRAU1  120516 300  231500-232000   00     305.72  662.4    351.72    -0.30    -9999
JUNGFRAU1  120516 300  232000-232500   00     305.08  662.4    351.10    -0.50    -9999
JUNGFRAU1  120516 300  232500-233000   00     305.40  662.4    351.40    -0.40    -9999
JUNGFRAU1  120516 300  233000-233500   00     305.73  662.4    351.86    -0.20    -9999
JUNGFRAU1  120516 300  233500-234000   00     307.91  662.6    354.69     0.60    -9999
JUNGFRAU1  120516 300  234000-234500   00     307.10  662.6    353.78     0.30    -9999
JUNGFRAU1  120516 300  234500-235000   00     305.48  662.6    351.98    -0.20    -9999
JUNGFRAU1  120516 300  235000-235500   00     307.46  662.5    353.89     0.30    -9999
JUNGFRAU1  120516 300  235500-240000   00     304.69  662.6    351.16    -0.40    -9999
JUNGFRAU1  120517 300  000000-000500   00     310.38  662.5    357.50     1.40    -9999
JUNGFRAU1  120517 300  000500-001000   00     308.72  662.6    355.76     0.90    -9999
JUNGFRAU1  120517 300  001000-001500   00     305.79  662.5    351.95    -0.20    -9999
JUNGFRAU1  120517 300  001500-002000   00     308.72  662.5    355.59     0.80    -9999
JUNGFRAU1  120517 300  002000-002500   00     307.62  662.6    354.46     0.50    -9999
JUNGFRAU1  120517 300  002500-003000   00     307.68  662.7    354.79     0.60    -9999
JUNGFRAU1  120517 300  003000-003500   00     304.14  662.6    350.39    -0.70    -9999
JUNGFRAU1  120517 300  003500-004000   00     303.88  662.6    350.21    -0.70    -9999
JUNGFRAU1  120517 300  004000-004500   00     305.36  662.7    352.18    -0.10    -9999
JUNGFRAU1  120517 300  004500-005000   00     304.54  662.7    351.04    -0.50    -9999
JUNGFRAU1  120517 300  005000-005500   00     307.08  662.7    354.03     0.40    -9999
JUNGFRAU1  120517 300  005500-010000   00     302.46  662.5    348.12    -1.30    -9999
JUNGFRAU1  120517 300  010000-010500   00     309.39  662.6    356.50     1.10    -9999
JUNGFRAU1  120517 300  010500-011000   00     311.24  662.6    358.66     1.70    -9999
JUNGFRAU1  120517 300  011000-011500   00     307.81  662.7    354.88     0.60    -9999
JUNGFRAU1  120517 300  011500-012000   00     306.11  662.7    353.07     0.10    -9999
JUNGFRAU1  120517 300  012000-012500   00     306.46  662.6    353.12     0.10    -9999
JUNGFRAU1  120517 300  012500-013000   00     306.37  662.7    353.30     0.20    -9999
JUNGFRAU1  120517 300  013000-013500   00     303.89  662.8    350.69    -0.60    -9999
JUNGFRAU1  120517 300  013500-014000   00     304.25  662.8    350.93    -0.50    -9999
JUNGFRAU1  120517 300  014000-014500   00     305.11  662.7    351.69    -0.30    -9999
JUNGFRAU1  120517 300  014500-015000   00     307.16  662.7    354.23     0.40    -9999
JUNGFRAU1  120517 300  015000-015500   00     305.32  662.7    352.09    -0.20    -9999
JUNGFRAU1  120517 300  015500-020000   00     306.31  662.8    353.54     0.20    -9999
JUNGFRAU1  120517 300  020000-020500   00     306.69  662.8    353.87     0.30    -9999
JUNGFRAU1  120517 300  020500-021000   00     305.78  662.7    352.63     0.00    -9999
JUNGFRAU1  120517 300  021000-021500   00     305.26  662.6    351.77    -0.30    -9999
JUNGFRAU1  120517 300  021500-022000   00     301.74  662.8    348.05    -1.30    -9999
JUNGFRAU1  120517 300  022000-022500   00     307.02  662.8    354.13     0.40    -9999
JUNGFRAU1  120517 300  022500-023000   00     305.76  662.8    352.76     0.00    -9999
JUNGFRAU1  120517 300  023000-023500   00     303.10  662.8    349.80    -0.80    -9999
JUNGFRAU1  120517 300  023500-024000   00     306.77  662.7    353.79     0.30    -9999
JUNGFRAU1  120517 300  024000-024500   00     306.68  662.7    353.64     0.30    -9999
JUNGFRAU1  120517 300  024500-025000   00     307.53  662.8    354.89     0.60    -9999
JUNGFRAU1  120517 300  025000-025500   00     303.94  662.7    350.48    -0.60    -9999
JUNGFRAU1  120517 300  025500-030000   00     305.11  662.7    351.84    -0.20    -9999
JUNGFRAU1  120517 300  030000-030500   00     302.77  662.8    349.37    -0.90    -9999
JUNGFRAU1  120517 300  030500-031000   00     305.36  662.8    352.25    -0.10    -9999
JUNGFRAU1  120517 300  031000-031500   00     306.16  662.8    353.15     0.10    -9999
JUNGFRAU1  120517 300  031500-032000   00     302.99  662.7    349.34    -1.00    -9999
JUNGFRAU1  120517 300  032000-032500   00     307.15  662.8    354.43     0.50    -9999
JUNGFRAU1  120517 300  032500-033000   00     306.67  662.9    354.15     0.40    -9999
JUNGFRAU1  120517 300  033000-033500   00     309.55  662.8    357.26     1.30    -9999
JUNGFRAU1  120517 300  033500-034000   00     302.37  662.7    348.71    -1.10    -9999
JUNGFRAU1  120517 300  034000-034500   00     304.77  662.7    351.43    -0.40    -9999
JUNGFRAU1  120517 300  034500-035000   00     305.42  662.6    352.02    -0.20    -9999
JUNGFRAU1  120517 300  035000-035500   00     305.15  662.7    351.86    -0.20    -9999
JUNGFRAU1  120517 300  035500-040000   00     309.75  662.7    357.08     1.20    -9999
JUNGFRAU1  120517 300  040000-040500   00     308.19  662.7    355.44     0.80    -9999
JUNGFRAU1  120517 300  040500-041000   00     307.38  662.6    354.26     0.40    -9999
JUNGFRAU1  120517 300  041000-041500   00     304.83  662.7    351.38    -0.40    -9999
JUNGFRAU1  120517 300  041500-042000   00     305.75  662.7    352.53     0.00    -9999
JUNGFRAU1  120517 300  042000-042500   00     305.11  662.7    351.79    -0.30    -9999
JUNGFRAU1  120517 300  042500-043000   00     302.26  662.8    348.68    -1.10    -9999
JUNGFRAU1  120517 300  043000-043500   00     304.82  662.8    351.62    -0.30    -9999
JUNGFRAU1  120517 300  043500-044000   00     308.55  662.7    355.89     0.90    -9999
JUNGFRAU1  120517 300  044000-044500   00     306.77  662.7    353.76     0.30    -9999
JUNGFRAU1  120517 300  044500-045000   00     306.19  662.8    353.36     0.20    -9999
JUNGFRAU1  120517 300  045000-045500   00     308.45  662.8    355.93     0.90    -9999
JUNGFRAU1  120517 300  045500-050000   00     306.36  662.9    353.66     0.30    -9999
JUNGFRAU1  120517 300  050000-050500   00     304.67  663.1    352.23    -0.10    -9999
JUNGFRAU1  120517 300  050500-051000   00     304.16  663.0    351.55    -0.30    -9999
JUNGFRAU1  120517 300  051000-051500   00     305.00  663.1    352.62     0.00    -9999
JUNGFRAU1  120517 300  051500-052000   00     309.90  663.1    358.23     1.60    -9999
JUNGFRAU1  120517 300  052000-052500   00     306.22  663.0    353.88     0.30    -9999
JUNGFRAU1  120517 300  052500-053000   00     304.75  663.0    352.17    -0.20    -9999
JUNGFRAU1  120517 300  053000-053500   00     303.00  663.1    350.39    -0.70    -9999
JUNGFRAU1  120517 300  053500-054000   00     305.21  663.0    352.69     0.00    -9999
JUNGFRAU1  120517 300  054000-054500   00     306.19  663.2    354.23     0.40    -9999
JUNGFRAU1  120517 300  054500-055000   00     308.11  663.2    356.61     1.10    -9999
JUNGFRAU1  120517 300  055000-055500   00     306.61  663.3    355.03     0.70    -9999
JUNGFRAU1  120517 300  055500-060000   00     304.28  663.3    352.49    -0.10    -9999
JUNGFRAU1  120517 300  060000-060500   00     307.30  663.4    356.05     0.90    -9999
JUNGFRAU1  120517 300  060500-061000   00     308.75  663.4    357.85     1.50    -9999
JUNGFRAU1  120517 300  061000-061500   00     302.10  663.4    350.11    -0.70    -9999
JUNGFRAU1  120517 300  061500-062000   00     302.32  663.4    350.27    -0.70    -9999
JUNGFRAU1  120517 300  062000-062500   00     303.75  663.5    352.30    -0.10    -9999
JUNGFRAU1  120517 300  062500-063000   00     303.61  663.6    352.26    -0.10    -9999
JUNGFRAU1  120517 300  063000-063500   00     304.74  663.5    353.46     0.20    -9999
JUNGFRAU1  120517 300  063500-064000   00     307.13  663.6    356.38     1.00    -9999
JUNGFRAU1  120517 300  064000-064500   00     307.12  663.5    356.21     1.00    -9999
JUNGFRAU1  120517 300  064500-065000   00     306.27  663.5    355.25     0.70    -9999
JUNGFRAU1  120517 300  065000-065500   00     307.14  663.5    356.27     1.00    -9999
JUNGFRAU1  120517 300  065500-070000   00     305.34  663.5    354.17     0.40    -9999
JUNGFRAU1  120517 300  070000-070500   00     304.08  663.6    352.89     0.10    -9999
JUNGFRAU1  120517 300  070500-071000   00     306.64  663.6    355.96     0.90    -9999
JUNGFRAU1  120517 300  071000-071500   00     310.22  663.7    360.28     2.10    -9999
JUNGFRAU1  120517 300  071500-072000   00     307.88  663.7    357.51     1.40    -9999
JUNGFRAU1  120517 300  072000-072500   00     309.25  663.7    359.27     1.90    -9999
JUNGFRAU1  120517 300  072500-073000   00     310.89  663.9    361.52     2.50    -9999
JUNGFRAU1  120517 300  073000-073500   00     309.10  663.9    359.53     1.90    -9999
JUNGFRAU1  120517 300  073500-074000   00     312.84  663.9    363.82     3.20    -9999
JUNGFRAU1  120517 300  074000-074500   00     305.96  663.9    355.74     0.90    -9999
JUNGFRAU1  120517 300  074500-075000   00     310.41  664.0    361.19     2.40    -9999
JUNGFRAU1  120517 300  075000-075500   00     307.34  664.0    357.67     1.40    -9999
JUNGFRAU1  120517 300  075500-080000   00     308.42  664.1    359.14     1.80    -9999
JUNGFRAU1  120517 300  080000-080500   00     308.83  664.0    359.42     1.90    -9999
JUNGFRAU1  120517 300  080500-081000   00     305.26  664.1    355.55     0.80    -9999
JUNGFRAU1  120517 300  081000-081500   00     305.53  664.1    355.95     0.90    -9999
JUNGFRAU1  120517 300  081500-082000   00     307.03  664.1    357.57     1.40    -9999
JUNGFRAU1  120517 300  082000-082500   00     305.06  664.1    355.43     0.80    -9999
JUNGFRAU1  120517 300  082500-083000   00     307.34  664.1    357.89     1.50    -9999
JUNGFRAU1  120517 300  083000-083500   00     304.18  664.2    354.41     0.50    -9999
JUNGFRAU1  120517 300  083500-084000   00     307.37  664.1    358.05     1.50    -9999
JUNGFRAU1  120517 300  084000-084500   00     309.31  664.1    360.35     2.20    -9999
JUNGFRAU1  120517 300  084500-085000   00     308.66  664.1    359.60     2.00    -9999
JUNGFRAU1  120517 300  085000-085500   00     305.76  664.2    356.32     1.00    -9999
JUNGFRAU1  120517 300  085500-090000   00     306.54  664.1    357.04     1.20    -9999
JUNGFRAU1  120517 300  090000-090500   00     305.66  664.3    356.37     1.00    -9999
JUNGFRAU1  120517 300  090500-091000   00     304.40  664.3    354.96     0.60    -9999
JUNGFRAU1  120517 300  091000-091500   00     307.94  664.4    359.34     1.90    -9999
JUNGFRAU1  120517 300  091500-092000   00     305.44  664.4    356.54     1.10    -9999
JUNGFRAU1  120517 300  092000-092500   00     309.82  664.5    361.85     2.60    -9999
JUNGFRAU1  120517 300  092500-093000   00     307.02  664.5    358.54     1.70    -9999
JUNGFRAU1  120517 300  093000-093500   00     302.36  664.5    353.22     0.10    -9999
JUNGFRAU1  120517 300  093500-094000   00     306.87  664.6    358.62     1.70    -9999
JUNGFRAU1  120517 300  094000-094500   00     305.19  664.6    356.63     1.10    -9999
JUNGFRAU1  120517 300  094500-095000   00     308.81  664.6    360.96     2.30    -9999
JUNGFRAU1  120517 300  095000-095500   00     309.22  664.6    361.49     2.50    -9999
JUNGFRAU1  120517 300  095500-100000   00     304.30  664.6    355.77     0.90    -9999
JUNGFRAU1  120517 300  100000-100500   00     307.53  664.7    359.78     2.00    -9999
JUNGFRAU1  120517 300  100500-101000   00     302.05  664.7    353.41     0.20    -9999
JUNGFRAU1  120517 300  101000-101500   00     307.70  664.8    360.12     2.10    -9999
JUNGFRAU1  120517 300  101500-102000   00     305.20  664.8    357.31     1.30    -9999
JUNGFRAU1  120517 300  102000-102500   00     306.07  664.9    358.44     1.60    -9999
JUNGFRAU1  120517 300  102500-103000   00     307.90  664.8    360.47     2.20    -9999
JUNGFRAU1  120517 300  103000-103500   00     305.33  664.9    357.60     1.40    -9999
JUNGFRAU1  120517 300  103500-104000   00     303.24  664.9    355.10     0.70    -9999
JUNGFRAU1  120517 300  104000-104500   00     304.02  664.8    355.98     0.90    -9999
JUNGFRAU1  120517 300  104500-105000   00     307.96  664.8    360.49     2.20    -9999
JUNGFRAU1  120517 300  105000-105500   00     303.89  664.8    355.63     0.80    -9999
JUNGFRAU1  120517 300  105500-110000   00     305.18  664.8    357.24     1.30    -9999
JUNGFRAU1  120517 300  110000-110500   00     306.87  664.8    359.12     1.80    -9999
JUNGFRAU1  120517 300  110500-111000   00     306.13  664.8    358.41     1.60    -9999
JUNGFRAU1  120517 300  111000-111500   00     306.71  664.9    359.25     1.90    -9999
JUNGFRAU1  120517 300  111500-112000   00     308.57  664.9    361.37     2.50    -9999
JUNGFRAU1  120517 300  112000-112500   00     304.92  664.8    357.01     1.20    -9999
JUNGFRAU1  120517 300  112500-113000   00     308.82  664.8    361.50     2.50    -9999
JUNGFRAU1  120517 300  113000-113500   00     302.86  664.8    354.54     0.50    -9999
JUNGFRAU1  120517 300  113500-114000   00     304.59  664.8    356.51     1.10    -9999
JUNGFRAU1  120517 300  114000-114500   00     304.64  664.8    356.60     1.10    -9999
JUNGFRAU1  120517 300  114500-115000   00     305.25  664.8    357.32     1.30    -9999
JUNGFRAU1  120517 300  115000-115500   00     304.59  664.8    356.56     1.10    -9999
JUNGFRAU1  120517 300  115500-120000   00     306.39  664.8    358.61     1.70    -9999
JUNGFRAU1  120517 300  120000-120500   00     304.69  664.9    356.95     1.20    -9999
JUNGFRAU1  120517 300  120500-121000   00     304.89  664.9    357.15     1.30    -9999
JUNGFRAU1  120517 300  121000-121500   00     304.94  664.9    357.19     1.30    -9999
JUNGFRAU1  120517 300  121500-122000   00     302.77  664.9    354.70     0.60    -9999
JUNGFRAU1  120517 300  122000-122500   00     305.35  664.9    357.74     1.40    -9999
JUNGFRAU1  120517 300  122500-123000   00     306.44  665.0    359.10     1.80    -9999
JUNGFRAU1  120517 300  123000-123500   00     305.84  665.0    358.53     1.70    -9999
JUNGFRAU1  120517 300  123500-124000   00     306.80  665.0    359.64     2.00    -9999
JUNGFRAU1  120517 300  124000-124500   00     304.61  665.0    357.14     1.30    -9999
JUNGFRAU1  120517 300  124500-125000   00     304.34  665.0    356.74     1.10    -9999
JUNGFRAU1  120517 300  125000-125500   00     307.76  665.0    360.86     2.30    -9999
JUNGFRAU1  120517 300  125500-130000   00     304.51  665.1    357.15     1.30    -9999
JUNGFRAU1  120517 300  130000-130500   00     302.44  665.1    354.81     0.60    -9999
JUNGFRAU1  120517 300  130500-131000   00     305.06  665.1    357.86     1.50    -9999
JUNGFRAU1  120517 300  131000-131500   00     303.50  665.1    356.05     0.90    -9999
JUNGFRAU1  120517 300  131500-132000   00     306.04  665.1    359.05     1.80    -9999
JUNGFRAU1  120517 300  132000-132500   00     303.02  665.1    355.49     0.80    -9999
JUNGFRAU1  120517 300  132500-133000   00     306.56  665.1    359.64     2.00    -9999
JUNGFRAU1  120517 300  133000-133500   00     303.83  665.1    356.45     1.10    -9999
JUNGFRAU1  120517 300  133500-134000   00     303.43  665.1    355.99     0.90    -9999
JUNGFRAU1  120517 300  134000-134500   00     304.73  665.1    357.48     1.40    -9999
JUNGFRAU1  120517 300  134500-135000   00     301.98  665.1    354.25     0.40    -9999
JUNGFRAU1  120517 300  135000-135500   00     304.04  665.2    356.90     1.20    -9999
JUNGFRAU1  120517 300  135500-140000   00     302.54  665.2    355.19     0.70    -9999
JUNGFRAU1  120517 300  140000-140500   00     300.93  665.1    353.13     0.10    -9999
JUNGFRAU1  120517 300  140500-141000   00     305.72  665.2    358.86     1.70    -9999
JUNGFRAU1  120517 300  141000-141500   00     307.20  665.2    360.52     2.20    -9999
JUNGFRAU1  120517 300  141500-142000   00     301.90  665.2    354.35     0.50    -9999
JUNGFRAU1  120517 300  142000-142500   00     301.84  665.1    354.14     0.40    -9999
JUNGFRAU1  120517 300  142500-143000   00     302.38  665.1    354.66     0.60    -9999
JUNGFRAU1  120517 300  143000-143500   00     302.92  665.1    355.33     0.70    -9999
JUNGFRAU1  120517 300  143500-144000   00     303.16  665.1    355.52     0.80    -9999
JUNGFRAU1  120517 300  144000-144500   00     302.33  665.0    354.51     0.50    -9999
JUNGFRAU1  120517 300  144500-145000   00     301.81  665.1    353.94     0.40    -9999
JUNGFRAU1  120517 300  145000-145500   00     302.84  665.1    355.17     0.70    -9999
JUNGFRAU1  120517 300  145500-150000   00     300.84  665.1    352.86     0.00    -9999
JUNGFRAU1  120517 300  150000-150500   00     301.24  665.0    353.23     0.20    -9999
JUNGFRAU1  120517 300  150500-151000   00     300.88  665.0    352.81     0.00    -9999
JUNGFRAU1  120517 300  151000-151500   00     301.02  665.0    352.88     0.10    -9999
JUNGFRAU1  120517 300  151500-152000   00     303.08  665.0    355.31     0.70    -9999
JUNGFRAU1  120517 300  152000-152500   00     298.71  665.0    350.13    -0.70    -9999
JUNGFRAU1  120517 300  152500-153000   00     303.47  664.9    355.63     0.80    -9999
JUNGFRAU1  120517 300  153000-153500   00     301.79  664.9    353.62     0.30    -9999
JUNGFRAU1  120517 300  153500-154000   00     301.90  665.0    353.90     0.30    -9999
JUNGFRAU1  120517 300  154000-154500   00     305.28  664.9    357.69     1.40    -9999
JUNGFRAU1  120517 300  154500-155000   00     301.99  664.9    353.79     0.30    -9999
JUNGFRAU1  120517 300  155000-155500   00     299.83  664.9    351.15    -0.40    -9999
JUNGFRAU1  120517 300  155500-160000   00     305.34  664.9    357.80     1.40    -9999
JUNGFRAU1  120517 300  160000-160500   00     299.14  664.9    350.42    -0.60    -9999
JUNGFRAU1  120517 300  160500-161000   00     302.24  664.9    354.06     0.40    -9999
JUNGFRAU1  120517 300  161000-161500   00     302.41  664.9    354.19     0.40    -9999
JUNGFRAU1  120517 300  161500-162000   00     300.83  664.9    352.25    -0.10    -9999
JUNGFRAU1  120517 300  162000-162500   00     301.05  664.8    352.50    -0.10    -9999
JUNGFRAU1  120517 300  162500-163000   00     302.97  664.8    354.68     0.60    -9999
JUNGFRAU1  120517 300  163000-163500   00     301.92  664.8    353.50     0.20    -9999
JUNGFRAU1  120517 300  163500-164000   00     299.95  664.8    351.06    -0.50    -9999
JUNGFRAU1  120517 300  164000-164500   00     301.02  664.8    352.47    -0.10    -9999
JUNGFRAU1  120517 300  164500-165000   00     300.62  664.7    351.74    -0.30    -9999
JUNGFRAU1  120517 300  165000-165500   00     299.57  664.8    350.73    -0.60    -9999
JUNGFRAU1  120517 300  165500-170000   00     301.79  664.9    353.48     0.20    -9999
JUNGFRAU1  120517 300  170000-170500   00     304.44  664.9    356.56     1.10    -9999
JUNGFRAU1  120517 300  170500-171000   00     300.14  664.8    351.39    -0.40    -9999
JUNGFRAU1  120517 300  171000-171500   00     299.81  664.8    350.89    -0.50    -9999
JUNGFRAU1  120517 300  171500-172000   00     297.95  664.8    348.74    -1.10    -9999
JUNGFRAU1  120517 300  172000-172500   00     301.40  664.8    352.79     0.00    -9999
JUNGFRAU1  120517 300  172500-173000   00     300.15  664.7    351.13    -0.40    -9999
JUNGFRAU1  120517 300  173000-173500   00     301.80  664.7    352.98     0.10    -9999
JUNGFRAU1  120517 300  173500-174000   00     300.67  664.7    351.60    -0.30    -9999
JUNGFRAU1  120517 300  174000-174500   00     297.99  664.7    348.49    -1.20    -9999
JUNGFRAU1  120517 300  174500-175000   00     304.54  664.6    355.91     0.90    -9999
JUNGFRAU1  120517 300  175000-175500   00     300.71  664.6    351.51    -0.30    -9999
JUNGFRAU1  120517 300  175500-180000   00     301.72  664.6    352.71     0.00    -9999
JUNGFRAU1  120517 300  180000-180500   00     299.99  664.6    350.58    -0.60    -9999
JUNGFRAU1  120517 300  180500-181000   00     302.26  664.5    353.16     0.10    -9999
JUNGFRAU1  120517 300  181000-181500   00     300.68  664.6    351.53    -0.30    -9999
JUNGFRAU1  120517 300  181500-182000   00     302.47  664.6    353.67     0.30    -9999
JUNGFRAU1  120517 300  182000-182500   00     302.00  664.7    353.32     0.20    -9999
JUNGFRAU1  120517 300  182500-183000   00     304.29  664.7    355.98     0.90    -9999
JUNGFRAU1  120517 300  183000-183500   00     302.24  664.7    353.45     0.20    -9999
JUNGFRAU1  120517 300  183500-184000   00     301.65  664.6    352.65     0.00    -9999
JUNGFRAU1  120517 300  184000-184500   00     300.12  664.6    350.71    -0.60    -9999
JUNGFRAU1  120517 300  184500-185000   00     301.02  664.8    352.25    -0.10    -9999
JUNGFRAU1  120517 300  185000-185500   00     300.18  664.7    351.19    -0.40    -9999
JUNGFRAU1  120517 300  185500-190000   00     303.75  664.7    355.35     0.80    -9999
JUNGFRAU1  120517 300  190000-190500   00     300.17  664.6    350.89    -0.50    -9999
JUNGFRAU1  120517 300  190500-191000   00     301.23  664.6    352.14    -0.20    -9999
JUNGFRAU1  120517 300  191000-191500   00     301.83  664.5    352.58     0.00    -9999
JUNGFRAU1  120517 300  191500-192000   00     302.89  664.6    354.07     0.40    -9999
JUNGFRAU1  120517 300  192000-192500   00     302.18  664.7    353.36     0.20    -9999
JUNGFRAU1  120517 300  192500-193000   00     302.64  664.7    353.90     0.30    -9999
JUNGFRAU1  120517 300  193000-193500   00     301.08  664.6    351.96    -0.20    -9999
JUNGFRAU1  120517 300  193500-194000   00     300.43  664.5    350.95    -0.50    -9999
JUNGFRAU1  120517 300  194000-194500   00     299.85  664.6    350.42    -0.60    -9999
JUNGFRAU1  120517 300  194500-195000   00     300.85  664.6    351.68    -0.30    -9999
JUNGFRAU1  120517 300  195000-195500   00     300.04  664.6    350.69    -0.60    -9999
JUNGFRAU1  120517 300  195500-200000   00     299.52  664.6    350.10    -0.70    -9999
JUNGFRAU1  120517 300  200000-200500   00     301.67  664.6    352.53     0.00    -9999
JUNGFRAU1  120517 300  200500-201000   00     298.10  664.5    348.13    -1.30    -9999
JUNGFRAU1  120517 300  201000-201500   00     301.76  664.5    352.38    -0.10    -9999
JUNGFRAU1  120517 300  201500-202000   00     302.11  664.5    352.84     0.00    -9999
JUNGFRAU1  120517 300  202000-202500   00     298.67  664.6    349.07    -1.00    -9999
JUNGFRAU1  120517 300  202500-203000   00     300.23  664.7    351.19    -0.40    -9999
JUNGFRAU1  120517 300  203000-203500   00     296.43  664.7    346.62    -1.70    -9999
JUNGFRAU1  120517 300  203500-204000   00     298.77  664.7    349.42    -0.90    -9999
JUNGFRAU1  120517 300  204000-204500   00     300.91  664.7    351.93    -0.20    -9999
JUNGFRAU1  120517 300  204500-205000   00     299.99  664.6    350.73    -0.60    -9999
JUNGFRAU1  120517 300  205000-205500   00     300.65  664.7    351.71    -0.30    -9999
JUNGFRAU1  120517 300  205500-210000   00     301.36  664.7    352.53     0.00    -9999
JUNGFRAU1  120517 300  210000-210500   00     297.80  664.8    348.54    -1.20    -9999
JUNGFRAU1  120517 300  210500-211000   00     295.55  664.8    345.98    -1.90    -9999
JUNGFRAU1  120517 300  211000-211500   00     297.45  664.8    348.15    -1.30    -9999
JUNGFRAU1  120517 300  211500-212000   00     301.44  664.8    352.85     0.00    -9999
JUNGFRAU1  120517 300  212000-212500   00     297.32  664.8    348.03    -1.30    -9999
JUNGFRAU1  120517 300  212500-213000   00     299.83  664.8    350.84    -0.50    -9999
JUNGFRAU1  120517 300  213000-213500   00     300.79  664.8    352.12    -0.20    -9999
JUNGFRAU1  120517 300  213500-214000   00     300.71  664.8    351.93    -0.20    -9999
JUNGFRAU1  120517 300  214000-214500   00     300.55  664.8    351.70    -0.30    -9999
JUNGFRAU1  120517 300  214500-215000   00     296.90  664.7    347.29    -1.50    -9999
JUNGFRAU1  120517 300  215000-215500   00     297.81  664.7    348.39    -1.20    -9999
JUNGFRAU1  120517 300  215500-220000   00     300.83  664.8    352.04    -0.20    -9999
JUNGFRAU1  120517 300  220000-220500   00     296.81  664.7    347.21    -1.60    -9999
JUNGFRAU1  120517 300  220500-221000   00     297.07  664.7    347.51    -1.50    -9999
JUNGFRAU1  120517 300  221000-221500   00     300.34  664.7    351.31    -0.40    -9999
JUNGFRAU1  120517 300  221500-222000   00     296.98  664.7    347.39    -1.50    -9999
JUNGFRAU1  120517 300  222000-222500   00     301.48  664.6    352.51    -0.10    -9999
JUNGFRAU1  120517 300  222500-223000   00     299.69  664.6    350.31    -0.70    -9999
JUNGFRAU1  120517 300  223000-223500   00     302.18  664.6    353.20     0.10    -9999
JUNGFRAU1  120517 300  223500-224000   00     300.49  664.6    351.14    -0.40    -9999
JUNGFRAU1  120517 300  224000-224500   00     299.58  664.5    349.95    -0.80    -9999
JUNGFRAU1  120517 300  224500-225000   00     298.72  664.5    349.00    -1.00    -9999
JUNGFRAU1  120517 300  225000-225500   00     299.99  664.5    350.49    -0.60    -9999
JUNGFRAU1  120517 300  225500-230000   00     302.11  664.5    352.88     0.10    -9999
JUNGFRAU1  120517 300  230000-230500   00     297.36  664.5    347.24    -1.50    -9999
JUNGFRAU1  120517 300  230500-231000   00     300.21  664.4    350.43    -0.60    -9999
JUNGFRAU1  120517 300  231000-231500   00     298.81  664.4    348.82    -1.10    -9999
JUNGFRAU1  120517 300  231500-232000   00     298.48  664.4    348.42    -1.20    -9999
JUNGFRAU1  120517 300  232000-232500   00     300.44  664.4    350.71    -0.60    -9999
JUNGFRAU1  120517 300  232500-233000   00     299.57  664.5    349.83    -0.80    -9999
JUNGFRAU1  120517 300  233000-233500   00     298.18  664.4    348.07    -1.30    -9999
JUNGFRAU1  120517 300  233500-234000   00     301.13  664.5    351.65    -0.30    -9999
JUNGFRAU1  120517 300  234000-234500   00     298.41  664.5    348.71    -1.10    -9999
JUNGFRAU1  120517 300  234500-235000   00     298.06  664.5    348.17    -1.30    -9999
JUNGFRAU1  120517 300  235000-235500   00     301.30  664.5    351.76    -0.30    -9999
JUNGFRAU1  120517 300  235500-240000   00     300.48  664.4    350.78    -0.50    -9999
JUNGFRAU1  120518 3600 000000-010000   00     300.76  664.0    350.10    -0.70    -9999
JUNGFRAU1  120518 3600 010000-020000   00     301.66  663.6    350.14    -0.70    -9999
JUNGFRAU1  120518 3600 020000-030000   00     301.58  663.3    349.13    -1.00    -9999
JUNGFRAU1  120518 3600 030000-040000   00     300.80  663.1    347.70    -1.40    -9999
JUNGFRAU1  120518 3600 040000-050000   00     300.69  662.9    347.09    -1.60    -9999
JUNGFRAU1  120518 3600 050000-060000   00     300.69  662.9    347.23    -1.60    -9999
JUNGFRAU1  120518 3600 060000-070000   00     301.73  662.9    348.43    -1.20    -9999
JUNGFRAU1  120518 3600 070000-080000   00     302.83  663.1    350.07    -0.70    -9999
JUNGFRAU1  120518 3600 080000-090000   00     304.12  663.2    352.02    -0.20    -9999
JUNGFRAU1  120518 3600 090000-100000   00     304.07  663.4    352.43    -0.10    -9999
JUNGFRAU1  120518 3600 100000-110000   00     305.87  663.6    354.86     0.60    -9999
JUNGFRAU1  120518 3600 110000-120000   00     305.39  663.7    354.80     0.60    -9999
JUNGFRAU1  120518 3600 120000-130000   00     303.93  663.9    353.37     0.20    -9999
JUNGFRAU1  120518 3600 130000-140000   00     303.14  663.9    352.64     0.00    -9999
JUNGFRAU1  120518 3600 140000-150000   00     302.99  664.0    352.75     0.00    -9999
JUNGFRAU1  120518 3600 150000-160000   00     303.37  664.1    353.27     0.20    -9999
JUNGFRAU1  120518 3600 160000-170000   00     303.01  664.2    353.10     0.10    -9999
JUNGFRAU1  120518 3600 170000-180000   00     303.21  664.2    353.53     0.20    -9999
JUNGFRAU1  120518 3600 180000-190000   00     302.08  664.4    352.67     0.00    -9999
JUNGFRAU1  120518 3600 190000-200000   00     300.81  664.8    352.05    -0.20    -9999
JUNGFRAU1  120518 3600 200000-210000   00     298.82  665.1    350.63    -0.60    -9999
JUNGFRAU1  120518 3600 210000-220000   00     299.06  665.1    350.86    -0.50    -9999
JUNGFRAU1  120518 3600 220000-230000   00     299.58  665.2    351.66    -0.30    -9999
JUNGFRAU1  120518 3600 230000-240000   00     297.84  665.1    349.34    -1.00    -9999
*
COMMENT UNIVERISTY OF OULU: FILE GENERATED FROM DATABASE AND OBTAINED FROM
COMMENT https://gle.oulu.fi at 2024-01-15 17:24:22 +00:00
COMMENT FOR HISTORICAL/ORIGINAL TEXT FILES SEE https://gle.oulu.fi/txtarchive/
COMMENT ORIGINAL AT https://gle.oulu.fi/txtarchive/GLE71/C071JUN1.DAT
COMMENT DETRENDED DATA SHOW -9999 IF EQUAL TO INC% COLUMN 