ALMA-ATA-B LATITUDE    43.14     LONGITUDE     76.6      ALTITUDE    3340 M
ALMA-ATA-B INSTRUMENT   18NM64    NEUTRON MONITOR     
ALMA-ATA-B STANDARD PRESSURE    675     MB     COEFFICIENT   -0.72     % / MB
ALMA-ATA-B PRE-INCREASE BASELINE TIME INTERVAL    120516    230000-010000   UT
ALMA-ATA-B PRE-INCREASE AVERAGE COUNTING RATE  1,450.22      COUNTS PER SECOND
ALMA-ATA-B TIME INTERVALS    300         3600     
ALMA-ATA-B SCALE FACTORS     1           1        
STATION    YYMMDD  SEC   TIME (UT)   CODE    UNCORR. PRESS.    CORR.    % INC.	DETRENDED
                         INTERVAL    TD      C/S     (MB)      C/S
ALMA-ATA-B 120516 3600 000000-010000   00    1353.60  678.6   1436.98    -0.90    -9999
ALMA-ATA-B 120516 3600 010000-020000   00    1356.57  678.8   1442.02    -0.60    -9999
ALMA-ATA-B 120516 3600 020000-030000   00    1355.98  678.7   1440.51    -0.70    -9999
ALMA-ATA-B 120516 3600 030000-040000   00    1355.97  678.6   1440.26    -0.70    -9999
ALMA-ATA-B 120516 3600 040000-050000   00    1355.91  678.8   1441.81    -0.60    -9999
ALMA-ATA-B 120516 3600 050000-060000   00    1354.80  678.9   1442.07    -0.60    -9999
ALMA-ATA-B 120516 3600 060000-070000   00    1354.64  678.8   1440.27    -0.70    -9999
ALMA-ATA-B 120516 3600 070000-080000   00    1353.99  678.8   1439.52    -0.70    -9999
ALMA-ATA-B 120516 3600 080000-090000   00    1351.98  678.8   1437.27    -0.90    -9999
ALMA-ATA-B 120516 3600 090000-100000   00    1349.42  678.7   1433.87    -1.10    -9999
ALMA-ATA-B 120516 3600 100000-110000   00    1348.56  678.6   1431.64    -1.30    -9999
ALMA-ATA-B 120516 3600 110000-120000   00    1345.38  678.6   1428.80    -1.50    -9999
ALMA-ATA-B 120516 3600 120000-130000   00    1347.25  678.6   1430.52    -1.40    -9999
ALMA-ATA-B 120516 3600 130000-140000   00    1348.94  678.6   1432.64    -1.20    -9999
ALMA-ATA-B 120516 3600 140000-150000   00    1351.69  678.7   1436.61    -0.90    -9999
ALMA-ATA-B 120516 3600 150000-160000   00    1351.36  679.0   1439.06    -0.80    -9999
ALMA-ATA-B 120516 3600 160000-170000   00    1348.90  679.0   1436.27    -1.00    -9999
ALMA-ATA-B 120516 3600 170000-180000   00    1354.41  678.5   1437.51    -0.90    -9999
ALMA-ATA-B 120516 3600 180000-190000   00    1364.27  677.8   1440.40    -0.70    -9999
ALMA-ATA-B 120516 3600 190000-200000   00    1372.29  677.4   1445.15    -0.30    -9999
ALMA-ATA-B 120516 3600 200000-210000   00    1374.27  677.1   1443.96    -0.40    -9999
ALMA-ATA-B 120516 300  210000-210500   00    1372.70  677.0   1441.30    -0.60    -9999
ALMA-ATA-B 120516 300  210500-211000   00    1385.32  677.0   1454.14     0.30    -9999
ALMA-ATA-B 120516 300  211000-211500   00    1372.66  677.0   1440.62    -0.70    -9999
ALMA-ATA-B 120516 300  211500-212000   00    1376.22  677.0   1444.40    -0.40    -9999
ALMA-ATA-B 120516 300  212000-212500   00    1385.86  677.0   1455.00     0.30    -9999
ALMA-ATA-B 120516 300  212500-213000   00    1381.08  677.0   1450.20     0.00    -9999
ALMA-ATA-B 120516 300  213000-213500   00    1373.76  677.0   1442.56    -0.50    -9999
ALMA-ATA-B 120516 300  213500-214000   00    1381.30  677.0   1450.46     0.00    -9999
ALMA-ATA-B 120516 300  214000-214500   00    1381.00  677.0   1450.14     0.00    -9999
ALMA-ATA-B 120516 300  214500-215000   00    1380.78  677.0   1449.54     0.00    -9999
ALMA-ATA-B 120516 300  215000-215500   00    1384.56  677.0   1453.38     0.20    -9999
ALMA-ATA-B 120516 300  215500-220000   00    1394.98  677.0   1464.30     1.00    -9999
ALMA-ATA-B 120516 300  220000-220500   00    1382.12  676.9   1450.30     0.00    -9999
ALMA-ATA-B 120516 300  220500-221000   00    1385.26  677.0   1453.96     0.30    -9999
ALMA-ATA-B 120516 300  221000-221500   00    1376.14  677.0   1444.54    -0.40    -9999
ALMA-ATA-B 120516 300  221500-222000   00    1375.58  677.0   1444.18    -0.40    -9999
ALMA-ATA-B 120516 300  222000-222500   00    1384.98  677.0   1454.52     0.30    -9999
ALMA-ATA-B 120516 300  222500-223000   00    1377.90  677.1   1447.14    -0.20    -9999
ALMA-ATA-B 120516 300  223000-223500   00    1384.84  677.0   1453.98     0.30    -9999
ALMA-ATA-B 120516 300  223500-224000   00    1376.28  676.9   1444.14    -0.40    -9999
ALMA-ATA-B 120516 300  224000-224500   00    1382.20  677.0   1450.66     0.00    -9999
ALMA-ATA-B 120516 300  224500-225000   00    1374.60  677.0   1443.18    -0.50    -9999
ALMA-ATA-B 120516 300  225000-225500   00    1375.58  677.0   1443.94    -0.40    -9999
ALMA-ATA-B 120516 300  225500-230000   00    1372.14  677.0   1440.86    -0.60    -9999
ALMA-ATA-B 120516 300  230000-230500   00    1380.60  677.0   1449.70     0.00    -9999
ALMA-ATA-B 120516 300  230500-231000   00    1375.48  677.1   1444.56    -0.40    -9999
ALMA-ATA-B 120516 300  231000-231500   00    1382.02  677.1   1451.80     0.10    -9999
ALMA-ATA-B 120516 300  231500-232000   00    1383.64  677.1   1453.56     0.20    -9999
ALMA-ATA-B 120516 300  232000-232500   00    1375.94  677.1   1445.78    -0.30    -9999
ALMA-ATA-B 120516 300  232500-233000   00    1380.66  677.1   1451.12     0.10    -9999
ALMA-ATA-B 120516 300  233000-233500   00    1375.28  677.2   1445.58    -0.30    -9999
ALMA-ATA-B 120516 300  233500-234000   00    1382.22  677.1   1452.78     0.20    -9999
ALMA-ATA-B 120516 300  234000-234500   00    1382.84  677.2   1453.74     0.20    -9999
ALMA-ATA-B 120516 300  234500-235000   00    1372.88  677.2   1443.52    -0.50    -9999
ALMA-ATA-B 120516 300  235000-235500   00    1383.96  677.2   1455.18     0.30    -9999
ALMA-ATA-B 120516 300  235500-240000   00    1373.18  677.2   1443.84    -0.40    -9999
ALMA-ATA-B 120517 300  000000-000500   00    1379.16  677.2   1450.00     0.00    -9999
ALMA-ATA-B 120517 300  000500-001000   00    1385.38  677.2   1456.42     0.40    -9999
ALMA-ATA-B 120517 300  001000-001500   00    1381.84  677.2   1452.64     0.20    -9999
ALMA-ATA-B 120517 300  001500-002000   00    1377.40  677.2   1448.34    -0.10    -9999
ALMA-ATA-B 120517 300  002000-002500   00    1384.16  677.3   1455.90     0.40    -9999
ALMA-ATA-B 120517 300  002500-003000   00    1384.28  677.3   1456.45     0.40    -9999
ALMA-ATA-B 120517 300  003000-003500   00    1372.93  677.3   1444.90    -0.40    -9999
ALMA-ATA-B 120517 300  003500-004000   00    1376.62  677.4   1449.06    -0.10    -9999
ALMA-ATA-B 120517 300  004000-004500   00    1376.48  677.4   1449.54     0.00    -9999
ALMA-ATA-B 120517 300  004500-005000   00    1373.92  677.5   1447.18    -0.20    -9999
ALMA-ATA-B 120517 300  005000-005500   00    1378.42  677.5   1452.22     0.10    -9999
ALMA-ATA-B 120517 300  005500-010000   00    1377.78  677.5   1451.46     0.10    -9999
ALMA-ATA-B 120517 300  010000-010500   00    1373.78  677.5   1447.06    -0.20    -9999
ALMA-ATA-B 120517 300  010500-011000   00    1376.06  677.5   1449.42    -0.10    -9999
ALMA-ATA-B 120517 300  011000-011500   00    1377.04  677.5   1450.32     0.00    -9999
ALMA-ATA-B 120517 300  011500-012000   00    1378.70  677.5   1451.98     0.10    -9999
ALMA-ATA-B 120517 300  012000-012500   00    1377.92  677.4   1450.74     0.00    -9999
ALMA-ATA-B 120517 300  012500-013000   00    1379.00  677.4   1451.70     0.10    -9999
ALMA-ATA-B 120517 300  013000-013500   00    1381.18  677.4   1454.24     0.30    -9999
ALMA-ATA-B 120517 300  013500-014000   00    1379.70  677.5   1453.04     0.20    -9999
ALMA-ATA-B 120517 300  014000-014500   00    1382.04  677.5   1455.66     0.40    -9999
ALMA-ATA-B 120517 300  014500-015000   00    1376.92  677.5   1450.86     0.00    -9999
ALMA-ATA-B 120517 300  015000-015500   00    1383.08  677.5   1457.44     0.50    -9999
ALMA-ATA-B 120517 300  015500-020000   00    1379.22  677.5   1453.56     0.20    -9999
ALMA-ATA-B 120517 300  020000-020500   00    1379.64  677.6   1454.42     0.30    -9999
ALMA-ATA-B 120517 300  020500-021000   00    1382.94  677.7   1458.56     0.60    -9999
ALMA-ATA-B 120517 300  021000-021500   00    1376.14  677.7   1451.68     0.10    -9999
ALMA-ATA-B 120517 300  021500-022000   00    1372.26  677.7   1448.00    -0.20    -9999
ALMA-ATA-B 120517 300  022000-022500   00    1378.24  677.8   1454.74     0.30    -9999
ALMA-ATA-B 120517 300  022500-023000   00    1378.34  677.8   1454.70     0.30    -9999
ALMA-ATA-B 120517 300  023000-023500   00    1373.52  677.7   1449.22    -0.10    -9999
ALMA-ATA-B 120517 300  023500-024000   00    1386.76  677.7   1462.98     0.90    -9999
ALMA-ATA-B 120517 300  024000-024500   00    1377.78  677.7   1453.78     0.20    -9999
ALMA-ATA-B 120517 300  024500-025000   00    1386.88  677.8   1463.70     0.90    -9999
ALMA-ATA-B 120517 300  025000-025500   00    1385.20  677.8   1462.06     0.80    -9999
ALMA-ATA-B 120517 300  025500-030000   00    1379.36  677.8   1455.92     0.40    -9999
ALMA-ATA-B 120517 300  030000-030500   00    1382.58  677.8   1459.46     0.60    -9999
ALMA-ATA-B 120517 300  030500-031000   00    1384.00  677.8   1460.92     0.70    -9999
ALMA-ATA-B 120517 300  031000-031500   00    1375.30  677.8   1451.60     0.10    -9999
ALMA-ATA-B 120517 300  031500-032000   00    1380.30  677.8   1456.80     0.50    -9999
ALMA-ATA-B 120517 300  032000-032500   00    1385.16  677.8   1462.02     0.80    -9999
ALMA-ATA-B 120517 300  032500-033000   00    1388.78  677.7   1465.74     1.10    -9999
ALMA-ATA-B 120517 300  033000-033500   00    1384.92  677.7   1461.44     0.80    -9999
ALMA-ATA-B 120517 300  033500-034000   00    1381.00  677.7   1457.28     0.50    -9999
ALMA-ATA-B 120517 300  034000-034500   00    1377.66  677.7   1453.54     0.20    -9999
ALMA-ATA-B 120517 300  034500-035000   00    1377.30  677.7   1453.10     0.20    -9999
ALMA-ATA-B 120517 300  035000-035500   00    1380.42  677.7   1456.38     0.40    -9999
ALMA-ATA-B 120517 300  035500-040000   00    1379.30  677.7   1455.42     0.40    -9999
ALMA-ATA-B 120517 300  040000-040500   00    1381.14  677.7   1457.48     0.50    -9999
ALMA-ATA-B 120517 300  040500-041000   00    1383.28  677.7   1459.70     0.70    -9999
ALMA-ATA-B 120517 300  041000-041500   00    1373.34  677.8   1449.42    -0.10    -9999
ALMA-ATA-B 120517 300  041500-042000   00    1376.96  677.8   1453.58     0.20    -9999
ALMA-ATA-B 120517 300  042000-042500   00    1376.88  677.8   1453.50     0.20    -9999
ALMA-ATA-B 120517 300  042500-043000   00    1383.04  677.8   1460.16     0.70    -9999
ALMA-ATA-B 120517 300  043000-043500   00    1390.28  677.8   1467.48     1.20    -9999
ALMA-ATA-B 120517 300  043500-044000   00    1383.86  677.8   1460.98     0.70    -9999
ALMA-ATA-B 120517 300  044000-044500   00    1390.08  677.8   1467.54     1.20    -9999
ALMA-ATA-B 120517 300  044500-045000   00    1385.54  677.8   1462.70     0.90    -9999
ALMA-ATA-B 120517 300  045000-045500   00    1378.78  677.8   1455.48     0.40    -9999
ALMA-ATA-B 120517 300  045500-050000   00    1383.18  677.8   1460.54     0.70    -9999
ALMA-ATA-B 120517 300  050000-050500   00    1381.74  677.8   1458.68     0.60    -9999
ALMA-ATA-B 120517 300  050500-051000   00    1390.90  677.8   1468.32     1.20    -9999
ALMA-ATA-B 120517 300  051000-051500   00    1379.86  677.8   1456.54     0.40    -9999
ALMA-ATA-B 120517 300  051500-052000   00    1384.66  677.8   1462.08     0.80    -9999
ALMA-ATA-B 120517 300  052000-052500   00    1381.14  677.8   1458.26     0.60    -9999
ALMA-ATA-B 120517 300  052500-053000   00    1372.86  677.8   1449.88     0.00    -9999
ALMA-ATA-B 120517 300  053000-053500   00    1383.74  677.8   1461.32     0.80    -9999
ALMA-ATA-B 120517 300  053500-054000   00    1390.70  677.8   1468.06     1.20    -9999
ALMA-ATA-B 120517 300  054000-054500   00    1391.30  677.8   1468.64     1.30    -9999
ALMA-ATA-B 120517 300  054500-055000   00    1381.62  677.8   1458.64     0.60    -9999
ALMA-ATA-B 120517 300  055000-055500   00    1385.46  677.8   1463.14     0.90    -9999
ALMA-ATA-B 120517 300  055500-060000   00    1378.00  677.8   1455.04     0.30    -9999
ALMA-ATA-B 120517 300  060000-060500   00    1382.54  677.8   1459.68     0.70    -9999
ALMA-ATA-B 120517 300  060500-061000   00    1387.60  677.8   1464.64     1.00    -9999
ALMA-ATA-B 120517 300  061000-061500   00    1377.78  677.8   1454.24     0.30    -9999
ALMA-ATA-B 120517 300  061500-062000   00    1383.18  677.8   1459.96     0.70    -9999
ALMA-ATA-B 120517 300  062000-062500   00    1383.58  677.7   1460.16     0.70    -9999
ALMA-ATA-B 120517 300  062500-063000   00    1380.08  677.8   1456.72     0.40    -9999
ALMA-ATA-B 120517 300  063000-063500   00    1373.54  677.8   1449.84     0.00    -9999
ALMA-ATA-B 120517 300  063500-064000   00    1390.28  677.7   1467.14     1.20    -9999
ALMA-ATA-B 120517 300  064000-064500   00    1385.08  677.7   1461.16     0.80    -9999
ALMA-ATA-B 120517 300  064500-065000   00    1382.70  677.7   1458.78     0.60    -9999
ALMA-ATA-B 120517 300  065000-065500   00    1376.42  677.7   1452.28     0.10    -9999
ALMA-ATA-B 120517 300  065500-070000   00    1375.52  677.7   1451.28     0.10    -9999
ALMA-ATA-B 120517 300  070000-070500   00    1386.62  677.7   1463.14     0.90    -9999
ALMA-ATA-B 120517 300  070500-071000   00    1378.26  677.7   1454.34     0.30    -9999
ALMA-ATA-B 120517 300  071000-071500   00    1379.10  677.7   1455.24     0.30    -9999
ALMA-ATA-B 120517 300  071500-072000   00    1374.74  677.7   1450.82     0.00    -9999
ALMA-ATA-B 120517 300  072000-072500   00    1386.66  677.7   1463.30     0.90    -9999
ALMA-ATA-B 120517 300  072500-073000   00    1376.88  677.7   1453.02     0.20    -9999
ALMA-ATA-B 120517 300  073000-073500   00    1384.82  677.7   1461.32     0.80    -9999
ALMA-ATA-B 120517 300  073500-074000   00    1383.30  677.7   1459.28     0.60    -9999
ALMA-ATA-B 120517 300  074000-074500   00    1382.64  677.7   1458.42     0.60    -9999
ALMA-ATA-B 120517 300  074500-075000   00    1377.46  677.6   1452.48     0.20    -9999
ALMA-ATA-B 120517 300  075000-075500   00    1383.20  677.6   1458.40     0.60    -9999
ALMA-ATA-B 120517 300  075500-080000   00    1380.92  677.6   1456.28     0.40    -9999
ALMA-ATA-B 120517 300  080000-080500   00    1384.52  677.6   1460.18     0.70    -9999
ALMA-ATA-B 120517 300  080500-081000   00    1382.32  677.6   1457.74     0.50    -9999
ALMA-ATA-B 120517 300  081000-081500   00    1380.24  677.7   1455.90     0.40    -9999
ALMA-ATA-B 120517 300  081500-082000   00    1379.28  677.7   1454.96     0.30    -9999
ALMA-ATA-B 120517 300  082000-082500   00    1381.94  677.7   1457.86     0.50    -9999
ALMA-ATA-B 120517 300  082500-083000   00    1376.76  677.7   1452.26     0.10    -9999
ALMA-ATA-B 120517 300  083000-083500   00    1378.12  677.7   1453.52     0.20    -9999
ALMA-ATA-B 120517 300  083500-084000   00    1382.82  677.6   1458.36     0.60    -9999
ALMA-ATA-B 120517 300  084000-084500   00    1371.36  677.7   1446.54    -0.30    -9999
ALMA-ATA-B 120517 300  084500-085000   00    1382.86  677.6   1458.10     0.50    -9999
ALMA-ATA-B 120517 300  085000-085500   00    1387.34  677.6   1462.26     0.80    -9999
ALMA-ATA-B 120517 300  085500-090000   00    1379.40  677.5   1453.76     0.20    -9999
ALMA-ATA-B 120517 300  090000-090500   00    1383.72  677.5   1458.04     0.50    -9999
ALMA-ATA-B 120517 300  090500-091000   00    1380.52  677.5   1454.90     0.30    -9999
ALMA-ATA-B 120517 300  091000-091500   00    1382.50  677.5   1457.08     0.50    -9999
ALMA-ATA-B 120517 300  091500-092000   00    1391.66  677.5   1466.68     1.10    -9999
ALMA-ATA-B 120517 300  092000-092500   00    1388.54  677.6   1463.52     0.90    -9999
ALMA-ATA-B 120517 300  092500-093000   00    1381.70  677.5   1456.20     0.40    -9999
ALMA-ATA-B 120517 300  093000-093500   00    1377.64  677.5   1451.76     0.10    -9999
ALMA-ATA-B 120517 300  093500-094000   00    1386.86  677.5   1461.36     0.80    -9999
ALMA-ATA-B 120517 300  094000-094500   00    1385.28  677.5   1459.98     0.70    -9999
ALMA-ATA-B 120517 300  094500-095000   00    1380.18  677.5   1454.52     0.30    -9999
ALMA-ATA-B 120517 300  095000-095500   00    1372.72  677.5   1446.62    -0.20    -9999
ALMA-ATA-B 120517 300  095500-100000   00    1373.52  677.5   1447.44    -0.20    -9999
ALMA-ATA-B 120517 300  100000-100500   00    1375.10  677.5   1449.28    -0.10    -9999
ALMA-ATA-B 120517 300  100500-101000   00    -999.00 -999.0   -999.00    -9999    -9999
ALMA-ATA-B 120517 300  101000-101500   00    -999.00 -999.0   -999.00    -9999    -9999
ALMA-ATA-B 120517 300  101500-102000   00    -999.00 -999.0   -999.00    -9999    -9999
ALMA-ATA-B 120517 300  102000-102500   00    1380.20  677.6   1455.40     0.40    -9999
ALMA-ATA-B 120517 300  102500-103000   00    1382.78  677.6   1458.34     0.60    -9999
ALMA-ATA-B 120517 300  103000-103500   00    1386.30  677.7   1462.30     0.80    -9999
ALMA-ATA-B 120517 300  103500-104000   00    -999.00 -999.0   -999.00    -9999    -9999
ALMA-ATA-B 120517 300  104000-104500   00    -999.00 -999.0   -999.00    -9999    -9999
ALMA-ATA-B 120517 300  104500-105000   00    1384.70  677.7   1461.17     0.80    -9999
ALMA-ATA-B 120517 300  105000-105500   00    1381.34  677.7   1457.64     0.50    -9999
ALMA-ATA-B 120517 300  105500-110000   00    1381.10  677.8   1458.00     0.50    -9999
ALMA-ATA-B 120517 300  110000-110500   00    1369.06  677.8   1445.82    -0.30    -9999
ALMA-ATA-B 120517 300  110500-111000   00    1374.44  677.9   1452.36     0.10    -9999
ALMA-ATA-B 120517 300  111000-111500   00    1362.34  678.0   1440.36    -0.70    -9999
ALMA-ATA-B 120517 300  111500-112000   00    1363.90  678.0   1442.48    -0.50    -9999
ALMA-ATA-B 120517 300  112000-112500   00    1359.60  678.0   1437.96    -0.80    -9999
ALMA-ATA-B 120517 300  112500-113000   00    1366.46  678.0   1445.28    -0.30    -9999
ALMA-ATA-B 120517 300  113000-113500   00    1356.78  678.1   1435.64    -1.00    -9999
ALMA-ATA-B 120517 300  113500-114000   00    1366.90  678.1   1446.34    -0.30    -9999
ALMA-ATA-B 120517 300  114000-114500   00    1361.60  678.0   1439.88    -0.70    -9999
ALMA-ATA-B 120517 300  114500-115000   00    1359.44  678.0   1437.14    -0.90    -9999
ALMA-ATA-B 120517 300  115000-115500   00    1367.60  678.0   1445.56    -0.30    -9999
ALMA-ATA-B 120517 300  115500-120000   00    1368.68  678.0   1446.90    -0.20    -9999
ALMA-ATA-B 120517 300  120000-120500   00    1364.74  678.0   1442.50    -0.50    -9999
ALMA-ATA-B 120517 300  120500-121000   00    1357.90  677.9   1434.92    -1.10    -9999
ALMA-ATA-B 120517 300  121000-121500   00    1357.06  677.9   1434.22    -1.10    -9999
ALMA-ATA-B 120517 300  121500-122000   00    1366.48  677.9   1444.18    -0.40    -9999
ALMA-ATA-B 120517 300  122000-122500   00    1360.32  678.0   1437.80    -0.90    -9999
ALMA-ATA-B 120517 300  122500-123000   00    1364.64  677.9   1442.16    -0.60    -9999
ALMA-ATA-B 120517 300  123000-123500   00    1355.54  678.0   1432.94    -1.20    -9999
ALMA-ATA-B 120517 300  123500-124000   00    1358.58  678.0   1436.54    -0.90    -9999
ALMA-ATA-B 120517 300  124000-124500   00    1356.96  678.0   1434.40    -1.10    -9999
ALMA-ATA-B 120517 300  124500-125000   00    1358.80  677.9   1435.64    -1.00    -9999
ALMA-ATA-B 120517 300  125000-125500   00    1359.64  677.9   1436.44    -1.00    -9999
ALMA-ATA-B 120517 300  125500-130000   00    1363.40  678.0   1441.02    -0.60    -9999
ALMA-ATA-B 120517 300  130000-130500   00    1367.56  677.9   1445.12    -0.40    -9999
ALMA-ATA-B 120517 300  130500-131000   00    1361.34  677.9   1438.44    -0.80    -9999
ALMA-ATA-B 120517 300  131000-131500   00    1359.04  677.9   1436.10    -1.00    -9999
ALMA-ATA-B 120517 300  131500-132000   00    1360.86  678.0   1438.92    -0.80    -9999
ALMA-ATA-B 120517 300  132000-132500   00    1361.78  678.0   1439.80    -0.70    -9999
ALMA-ATA-B 120517 300  132500-133000   00    1364.18  678.0   1442.36    -0.50    -9999
ALMA-ATA-B 120517 300  133000-133500   00    1361.38  678.0   1439.48    -0.70    -9999
ALMA-ATA-B 120517 300  133500-134000   00    1357.88  678.0   1435.82    -1.00    -9999
ALMA-ATA-B 120517 300  134000-134500   00    1363.78  678.0   1441.48    -0.60    -9999
ALMA-ATA-B 120517 300  134500-135000   00    1363.78  677.9   1441.18    -0.60    -9999
ALMA-ATA-B 120517 300  135000-135500   00    1371.36  677.8   1448.56    -0.10    -9999
ALMA-ATA-B 120517 300  135500-140000   00    1365.72  677.8   1442.32    -0.50    -9999
ALMA-ATA-B 120517 300  140000-140500   00    1366.78  677.8   1443.42    -0.50    -9999
ALMA-ATA-B 120517 300  140500-141000   00    1358.70  677.9   1435.46    -1.00    -9999
ALMA-ATA-B 120517 300  141000-141500   00    1359.84  677.9   1436.66    -0.90    -9999
ALMA-ATA-B 120517 300  141500-142000   00    1355.60  677.9   1432.48    -1.20    -9999
ALMA-ATA-B 120517 300  142000-142500   00    1358.52  678.0   1436.14    -1.00    -9999
ALMA-ATA-B 120517 300  142500-143000   00    1366.66  678.0   1445.14    -0.40    -9999
ALMA-ATA-B 120517 300  143000-143500   00    1357.46  678.0   1435.66    -1.00    -9999
ALMA-ATA-B 120517 300  143500-144000   00    1358.86  678.0   1436.88    -0.90    -9999
ALMA-ATA-B 120517 300  144000-144500   00    1364.28  678.0   1443.04    -0.50    -9999
ALMA-ATA-B 120517 300  144500-145000   00    1356.40  678.1   1434.98    -1.10    -9999
ALMA-ATA-B 120517 300  145000-145500   00    1355.80  678.1   1434.72    -1.10    -9999
ALMA-ATA-B 120517 300  145500-150000   00    1366.78  678.2   1447.02    -0.20    -9999
ALMA-ATA-B 120517 300  150000-150500   00    1359.32  678.2   1439.80    -0.70    -9999
ALMA-ATA-B 120517 300  150500-151000   00    1356.94  678.3   1437.36    -0.90    -9999
ALMA-ATA-B 120517 300  151000-151500   00    1353.06  678.3   1433.28    -1.20    -9999
ALMA-ATA-B 120517 300  151500-152000   00    1355.98  678.3   1436.48    -0.90    -9999
ALMA-ATA-B 120517 300  152000-152500   00    1358.20  678.3   1439.32    -0.80    -9999
ALMA-ATA-B 120517 300  152500-153000   00    1361.98  678.3   1443.52    -0.50    -9999
ALMA-ATA-B 120517 300  153000-153500   00    1363.82  678.3   1445.38    -0.30    -9999
ALMA-ATA-B 120517 300  153500-154000   00    1364.78  678.3   1446.74    -0.20    -9999
ALMA-ATA-B 120517 300  154000-154500   00    1356.08  678.4   1437.68    -0.90    -9999
ALMA-ATA-B 120517 300  154500-155000   00    1359.92  678.4   1441.68    -0.60    -9999
ALMA-ATA-B 120517 300  155000-155500   00    1358.20  678.4   1439.70    -0.70    -9999
ALMA-ATA-B 120517 300  155500-160000   00    1352.04  678.3   1432.84    -1.20    -9999
ALMA-ATA-B 120517 300  160000-160500   00    1357.30  678.3   1438.42    -0.80    -9999
ALMA-ATA-B 120517 300  160500-161000   00    1360.92  678.4   1442.62    -0.50    -9999
ALMA-ATA-B 120517 300  161000-161500   00    1352.20  678.3   1432.90    -1.20    -9999
ALMA-ATA-B 120517 300  161500-162000   00    1361.80  678.3   1442.52    -0.50    -9999
ALMA-ATA-B 120517 300  162000-162500   00    1362.46  678.3   1443.34    -0.50    -9999
ALMA-ATA-B 120517 300  162500-163000   00    1357.28  678.3   1437.94    -0.80    -9999
ALMA-ATA-B 120517 300  163000-163500   00    1357.48  678.3   1438.32    -0.80    -9999
ALMA-ATA-B 120517 300  163500-164000   00    1359.24  678.3   1439.76    -0.70    -9999
ALMA-ATA-B 120517 300  164000-164500   00    1361.84  678.2   1441.96    -0.60    -9999
ALMA-ATA-B 120517 300  164500-165000   00    1353.26  678.2   1432.38    -1.20    -9999
ALMA-ATA-B 120517 300  165000-165500   00    1360.64  678.2   1440.10    -0.70    -9999
ALMA-ATA-B 120517 300  165500-170000   00    1359.72  678.1   1439.08    -0.80    -9999
ALMA-ATA-B 120517 300  170000-170500   00    1360.48  678.2   1440.16    -0.70    -9999
ALMA-ATA-B 120517 300  170500-171000   00    1355.52  678.2   1435.28    -1.00    -9999
ALMA-ATA-B 120517 300  171000-171500   00    1357.08  678.2   1436.84    -0.90    -9999
ALMA-ATA-B 120517 300  171500-172000   00    1359.88  678.2   1439.52    -0.70    -9999
ALMA-ATA-B 120517 300  172000-172500   00    1353.48  678.2   1432.60    -1.20    -9999
ALMA-ATA-B 120517 300  172500-173000   00    1361.48  678.2   1440.98    -0.60    -9999
ALMA-ATA-B 120517 300  173000-173500   00    1357.42  678.2   1436.66    -0.90    -9999
ALMA-ATA-B 120517 300  173500-174000   00    1351.46  678.1   1430.20    -1.40    -9999
ALMA-ATA-B 120517 300  174000-174500   00    1358.64  678.1   1437.74    -0.90    -9999
ALMA-ATA-B 120517 300  174500-175000   00    1357.96  678.1   1437.20    -0.90    -9999
ALMA-ATA-B 120517 300  175000-175500   00    1349.90  678.1   1428.52    -1.50    -9999
ALMA-ATA-B 120517 300  175500-180000   00    1355.32  678.1   1433.98    -1.10    -9999
ALMA-ATA-B 120517 300  180000-180500   00    1353.92  678.1   1432.22    -1.20    -9999
ALMA-ATA-B 120517 300  180500-181000   00    1348.50  678.0   1425.98    -1.70    -9999
ALMA-ATA-B 120517 300  181000-181500   00    1352.70  678.0   1430.66    -1.30    -9999
ALMA-ATA-B 120517 300  181500-182000   00    1355.98  678.1   1434.40    -1.10    -9999
ALMA-ATA-B 120517 300  182000-182500   00    1356.02  678.0   1434.32    -1.10    -9999
ALMA-ATA-B 120517 300  182500-183000   00    1353.96  678.0   1431.72    -1.30    -9999
ALMA-ATA-B 120517 300  183000-183500   00    1351.08  678.0   1428.64    -1.50    -9999
ALMA-ATA-B 120517 300  183500-184000   00    1355.78  678.0   1433.48    -1.20    -9999
ALMA-ATA-B 120517 300  184000-184500   00    1353.50  678.0   1430.78    -1.30    -9999
ALMA-ATA-B 120517 300  184500-185000   00    1347.68  678.0   1424.68    -1.80    -9999
ALMA-ATA-B 120517 300  185000-185500   00    1352.60  678.0   1429.66    -1.40    -9999
ALMA-ATA-B 120517 300  185500-190000   00    1352.66  677.9   1429.44    -1.40    -9999
ALMA-ATA-B 120517 300  190000-190500   00    1353.18  677.9   1429.74    -1.40    -9999
ALMA-ATA-B 120517 300  190500-191000   00    1357.44  677.8   1433.62    -1.10    -9999
ALMA-ATA-B 120517 300  191000-191500   00    1358.32  677.8   1434.14    -1.10    -9999
ALMA-ATA-B 120517 300  191500-192000   00    1355.66  677.8   1430.94    -1.30    -9999
ALMA-ATA-B 120517 300  192000-192500   00    1366.12  677.7   1441.38    -0.60    -9999
ALMA-ATA-B 120517 300  192500-193000   00    1353.94  677.7   1428.10    -1.50    -9999
ALMA-ATA-B 120517 300  193000-193500   00    1363.82  677.6   1437.94    -0.80    -9999
ALMA-ATA-B 120517 300  193500-194000   00    1363.64  677.6   1437.34    -0.90    -9999
ALMA-ATA-B 120517 300  194000-194500   00    1357.30  677.6   1430.82    -1.30    -9999
ALMA-ATA-B 120517 300  194500-195000   00    1347.58  677.6   1420.38    -2.10    -9999
ALMA-ATA-B 120517 300  195000-195500   00    1351.80  677.5   1424.56    -1.80    -9999
ALMA-ATA-B 120517 300  195500-200000   00    1360.30  677.5   1433.30    -1.20    -9999
ALMA-ATA-B 120517 300  200000-200500   00    1364.42  677.5   1437.52    -0.90    -9999
ALMA-ATA-B 120517 300  200500-201000   00    1357.16  677.5   1429.98    -1.40    -9999
ALMA-ATA-B 120517 300  201000-201500   00    1352.92  677.5   1425.68    -1.70    -9999
ALMA-ATA-B 120517 300  201500-202000   00    1361.72  677.6   1435.18    -1.00    -9999
ALMA-ATA-B 120517 300  202000-202500   00    1362.80  677.6   1436.72    -0.90    -9999
ALMA-ATA-B 120517 300  202500-203000   00    1368.88  677.6   1443.48    -0.50    -9999
ALMA-ATA-B 120517 300  203000-203500   00    1353.92  677.6   1427.70    -1.60    -9999
ALMA-ATA-B 120517 300  203500-204000   00    1363.60  677.6   1437.52    -0.90    -9999
ALMA-ATA-B 120517 300  204000-204500   00    1358.78  677.6   1432.48    -1.20    -9999
ALMA-ATA-B 120517 300  204500-205000   00    1358.34  677.6   1432.10    -1.20    -9999
ALMA-ATA-B 120517 300  205000-205500   00    1358.98  677.6   1432.80    -1.20    -9999
ALMA-ATA-B 120517 300  205500-210000   00    1360.32  677.6   1434.26    -1.10    -9999
ALMA-ATA-B 120517 300  210000-210500   00    1361.26  677.6   1435.34    -1.00    -9999
ALMA-ATA-B 120517 300  210500-211000   00    1363.72  677.6   1438.36    -0.80    -9999
ALMA-ATA-B 120517 300  211000-211500   00    1357.06  677.7   1431.76    -1.30    -9999
ALMA-ATA-B 120517 300  211500-212000   00    1364.02  677.7   1439.26    -0.80    -9999
ALMA-ATA-B 120517 300  212000-212500   00    1357.42  677.7   1432.06    -1.30    -9999
ALMA-ATA-B 120517 300  212500-213000   00    1356.74  677.7   1431.48    -1.30    -9999
ALMA-ATA-B 120517 300  213000-213500   00    1355.94  677.8   1431.02    -1.30    -9999
ALMA-ATA-B 120517 300  213500-214000   00    1354.16  677.8   1429.46    -1.40    -9999
ALMA-ATA-B 120517 300  214000-214500   00    1356.42  677.8   1431.60    -1.30    -9999
ALMA-ATA-B 120517 300  214500-215000   00    1358.74  677.7   1433.76    -1.10    -9999
ALMA-ATA-B 120517 300  215000-215500   00    1354.84  677.8   1429.94    -1.40    -9999
ALMA-ATA-B 120517 300  215500-220000   00    1357.10  677.8   1432.48    -1.20    -9999
ALMA-ATA-B 120517 300  220000-220500   00    1356.42  677.8   1431.54    -1.30    -9999
ALMA-ATA-B 120517 300  220500-221000   00    1355.82  677.8   1430.96    -1.30    -9999
ALMA-ATA-B 120517 300  221000-221500   00    1350.54  677.7   1425.24    -1.70    -9999
ALMA-ATA-B 120517 300  221500-222000   00    1359.74  677.7   1434.58    -1.10    -9999
ALMA-ATA-B 120517 300  222000-222500   00    1359.22  677.7   1433.54    -1.20    -9999
ALMA-ATA-B 120517 300  222500-223000   00    1355.68  677.7   1429.74    -1.40    -9999
ALMA-ATA-B 120517 300  223000-223500   00    1354.42  677.6   1428.36    -1.50    -9999
ALMA-ATA-B 120517 300  223500-224000   00    1354.78  677.6   1428.60    -1.50    -9999
ALMA-ATA-B 120517 300  224000-224500   00    1357.94  677.6   1431.64    -1.30    -9999
ALMA-ATA-B 120517 300  224500-225000   00    1359.22  677.6   1433.20    -1.20    -9999
ALMA-ATA-B 120517 300  225000-225500   00    1354.54  677.6   1428.38    -1.50    -9999
ALMA-ATA-B 120517 300  225500-230000   00    1351.74  677.6   1425.42    -1.70    -9999
ALMA-ATA-B 120517 300  230000-230500   00    1361.34  677.6   1435.60    -1.00    -9999
ALMA-ATA-B 120517 300  230500-231000   00    1366.84  677.7   1441.60    -0.60    -9999
ALMA-ATA-B 120517 300  231000-231500   00    1354.22  677.7   1428.94    -1.50    -9999
ALMA-ATA-B 120517 300  231500-232000   00    1344.74  677.7   1419.16    -2.10    -9999
ALMA-ATA-B 120517 300  232000-232500   00    1356.14  677.8   1431.28    -1.30    -9999
ALMA-ATA-B 120517 300  232500-233000   00    1358.38  677.8   1433.72    -1.10    -9999
ALMA-ATA-B 120517 300  233000-233500   00    1359.06  677.8   1434.36    -1.10    -9999
ALMA-ATA-B 120517 300  233500-234000   00    1361.08  677.7   1436.26    -1.00    -9999
ALMA-ATA-B 120517 300  234000-234500   00    1351.12  677.7   1425.90    -1.70    -9999
ALMA-ATA-B 120517 300  234500-235000   00    1353.26  677.8   1428.34    -1.50    -9999
ALMA-ATA-B 120517 300  235000-235500   00    1352.68  677.8   1427.56    -1.60    -9999
ALMA-ATA-B 120517 300  235500-240000   00    1353.86  677.7   1428.74    -1.50    -9999
ALMA-ATA-B 120518 3600 000000-010000   00    1356.20  677.7   1431.01    -1.30    -9999
ALMA-ATA-B 120518 3600 010000-020000   00    1358.27  677.7   1433.46    -1.20    -9999
ALMA-ATA-B 120518 3600 020000-030000   00    1357.32  677.9   1433.97    -1.10    -9999
ALMA-ATA-B 120518 3600 030000-040000   00    1359.23  678.0   1437.29    -0.90    -9999
ALMA-ATA-B 120518 3600 040000-050000   00    1363.12  678.2   1442.66    -0.50    -9999
ALMA-ATA-B 120518 3600 050000-060000   00    1373.86  678.3   1455.52     0.40    -9999
ALMA-ATA-B 120518 3600 060000-070000   00    1374.20  678.4   1456.65     0.40    -9999
ALMA-ATA-B 120518 3600 070000-080000   00    1370.05  678.3   1451.55     0.10    -9999
ALMA-ATA-B 120518 3600 080000-090000   00    1373.26  678.1   1452.54     0.20    -9999
ALMA-ATA-B 120518 3600 090000-100000   00    1379.59  678.0   1458.25     0.60    -9999
ALMA-ATA-B 120518 3600 100000-110000   00    1374.46  678.1   1454.19     0.30    -9999
ALMA-ATA-B 120518 3600 110000-120000   00    1369.06  678.3   1450.95     0.10    -9999
ALMA-ATA-B 120518 3600 120000-130000   00    1370.18  678.1   1450.12     0.00    -9999
ALMA-ATA-B 120518 3600 130000-140000   00    1368.67  678.1   1448.38    -0.10    -9999
ALMA-ATA-B 120518 3600 140000-150000   00    -999.00 -999.0   -999.00    -9999    -9999
ALMA-ATA-B 120518 3600 150000-160000   00    -999.00 -999.0   -999.00    -9999    -9999
ALMA-ATA-B 120518 3600 160000-170000   00    -999.00 -999.0   -999.00    -9999    -9999
ALMA-ATA-B 120518 3600 170000-180000   00    -999.00 -999.0   -999.00    -9999    -9999
ALMA-ATA-B 120518 3600 180000-190000   00    -999.00 -999.0   -999.00    -9999    -9999
ALMA-ATA-B 120518 3600 190000-200000   00    -999.00 -999.0   -999.00    -9999    -9999
ALMA-ATA-B 120518 3600 200000-210000   00    -999.00 -999.0   -999.00    -9999    -9999
ALMA-ATA-B 120518 3600 210000-220000   00    -999.00 -999.0   -999.00    -9999    -9999
ALMA-ATA-B 120518 3600 220000-230000   00    -999.00 -999.0   -999.00    -9999    -9999
ALMA-ATA-B 120518 3600 230000-240000   00    -999.00 -999.0   -999.00    -9999    -9999
*
COMMENT UNIVERISTY OF OULU: FILE GENERATED FROM DATABASE AND OBTAINED FROM
COMMENT https://gle.oulu.fi at 2024-01-15 17:24:22 +00:00
COMMENT FOR HISTORICAL/ORIGINAL TEXT FILES SEE https://gle.oulu.fi/txtarchive/
COMMENT ORIGINAL AT https://gle.oulu.fi/txtarchive/GLE71/C071AATB.DAT
COMMENT DETRENDED DATA SHOW -9999 IF EQUAL TO INC% COLUMN 