KINGSTON   LATITUDE    -42.99    LONGITUDE     147.29    ALTITUDE    65 M
KINGSTON   INSTRUMENT   18NM64    NEUTRON MONITOR	
KINGSTON   STANDARD PRESSURE    1013    mb     COEFFICIENT   -0.71     % / mb
KINGSTON   PRE-INCREASE BASELINE TIME INTERVAL    120516    230000-010000   UT
KINGSTON   PRE-INCREASE AVERAGE COUNTING RATE    207.41      COUNTS PER SECOND
KINGSTON   TIME INTERVALS    300         3600     
KINGSTON   SCALE FACTORS     1           1        
STATION    YYMMDD  SEC   TIME (UT)   CODE    UNCORR. PRESS.    CORR.    % INC.	DETRENDED
                         INTERVAL    TD      C/S     (mb)      C/S
KINGSTON   120516 3600 000000-010000   00    -999.00 -999.0    207.13    -0.10    -9999
KINGSTON   120516 3600 010000-020000   00    -999.00 -999.0    207.83     0.20    -9999
KINGSTON   120516 3600 020000-030000   00    -999.00 -999.0    207.80     0.20    -9999
KINGSTON   120516 3600 030000-040000   00    -999.00 -999.0    207.83     0.20    -9999
KINGSTON   120516 3600 040000-050000   00    -999.00 -999.0    208.22     0.40    -9999
KINGSTON   120516 3600 050000-060000   00    -999.00 -999.0    206.85    -0.30    -9999
KINGSTON   120516 3600 060000-070000   00    -999.00 -999.0    206.48    -0.40    -9999
KINGSTON   120516 3600 070000-080000   00    -999.00 -999.0    206.08    -0.60    -9999
KINGSTON   120516 3600 080000-090000   00    -999.00 -999.0    205.20    -1.10    -9999
KINGSTON   120516 3600 090000-100000   00    -999.00 -999.0    205.20    -1.10    -9999
KINGSTON   120516 3600 100000-110000   00    -999.00 -999.0    205.42    -1.00    -9999
KINGSTON   120516 3600 110000-120000   00    -999.00 -999.0    205.75    -0.80    -9999
KINGSTON   120516 3600 120000-130000   00    -999.00 -999.0    206.37    -0.50    -9999
KINGSTON   120516 3600 130000-140000   00    -999.00 -999.0    206.40    -0.50    -9999
KINGSTON   120516 3600 140000-150000   00    -999.00 -999.0    207.03    -0.20    -9999
KINGSTON   120516 3600 150000-160000   00    -999.00 -999.0    206.20    -0.60    -9999
KINGSTON   120516 3600 160000-170000   00    -999.00 -999.0    205.50    -0.90    -9999
KINGSTON   120516 3600 170000-180000   00    -999.00 -999.0    206.72    -0.30    -9999
KINGSTON   120516 3600 180000-190000   00    -999.00 -999.0    206.67    -0.40    -9999
KINGSTON   120516 3600 190000-200000   00    -999.00 -999.0    206.08    -0.60    -9999
KINGSTON   120516 3600 200000-210000   00    -999.00 -999.0    206.13    -0.60    -9999
KINGSTON   120516 300  210000-210500   00    -999.00 -999.0    208.87     0.70    -9999
KINGSTON   120516 300  210500-211000   00    -999.00 -999.0    206.92    -0.20    -9999
KINGSTON   120516 300  211000-211500   00    -999.00 -999.0    206.38    -0.50    -9999
KINGSTON   120516 300  211500-212000   00    -999.00 -999.0    206.48    -0.40    -9999
KINGSTON   120516 300  212000-212500   00    -999.00 -999.0    207.17    -0.10    -9999
KINGSTON   120516 300  212500-213000   00    -999.00 -999.0    205.97    -0.70    -9999
KINGSTON   120516 300  213000-213500   00    -999.00 -999.0    207.08    -0.20    -9999
KINGSTON   120516 300  213500-214000   00    -999.00 -999.0    206.50    -0.40    -9999
KINGSTON   120516 300  214000-214500   00    -999.00 -999.0    207.18    -0.10    -9999
KINGSTON   120516 300  214500-215000   00    -999.00 -999.0    207.07    -0.20    -9999
KINGSTON   120516 300  215000-215500   00    -999.00 -999.0    205.70    -0.80    -9999
KINGSTON   120516 300  215500-220000   00    -999.00 -999.0    205.97    -0.70    -9999
KINGSTON   120516 300  220000-220500   00    -999.00 -999.0    205.97    -0.70    -9999
KINGSTON   120516 300  220500-221000   00    -999.00 -999.0    208.07     0.30    -9999
KINGSTON   120516 300  221000-221500   00    -999.00 -999.0    208.05     0.30    -9999
KINGSTON   120516 300  221500-222000   00    -999.00 -999.0    207.27    -0.10    -9999
KINGSTON   120516 300  222000-222500   00    -999.00 -999.0    207.72     0.10    -9999
KINGSTON   120516 300  222500-223000   00    -999.00 -999.0    206.20    -0.60    -9999
KINGSTON   120516 300  223000-223500   00    -999.00 -999.0    206.57    -0.40    -9999
KINGSTON   120516 300  223500-224000   00    -999.00 -999.0    205.77    -0.80    -9999
KINGSTON   120516 300  224000-224500   00    -999.00 -999.0    205.05    -1.10    -9999
KINGSTON   120516 300  224500-225000   00    -999.00 -999.0    204.35    -1.50    -9999
KINGSTON   120516 300  225000-225500   00    -999.00 -999.0    205.47    -0.90    -9999
KINGSTON   120516 300  225500-230000   00    -999.00 -999.0    206.47    -0.50    -9999
KINGSTON   120516 300  230000-230500   00    -999.00 -999.0    210.37     1.40    -9999
KINGSTON   120516 300  230500-231000   00    -999.00 -999.0    206.42    -0.50    -9999
KINGSTON   120516 300  231000-231500   00    -999.00 -999.0    206.90    -0.20    -9999
KINGSTON   120516 300  231500-232000   00    -999.00 -999.0    207.77     0.20    -9999
KINGSTON   120516 300  232000-232500   00    -999.00 -999.0    206.88    -0.30    -9999
KINGSTON   120516 300  232500-233000   00    -999.00 -999.0    205.38    -1.00    -9999
KINGSTON   120516 300  233000-233500   00    -999.00 -999.0    207.80     0.20    -9999
KINGSTON   120516 300  233500-234000   00    -999.00 -999.0    208.35     0.50    -9999
KINGSTON   120516 300  234000-234500   00    -999.00 -999.0    206.50    -0.40    -9999
KINGSTON   120516 300  234500-235000   00    -999.00 -999.0    205.05    -1.10    -9999
KINGSTON   120516 300  235000-235500   00    -999.00 -999.0    208.08     0.30    -9999
KINGSTON   120516 300  235500-240000   00    -999.00 -999.0    207.48     0.00    -9999
KINGSTON   120517 300  000000-000500   00    -999.00 -999.0    206.73    -0.30    -9999
KINGSTON   120517 300  000500-001000   00    -999.00 -999.0    207.95     0.30    -9999
KINGSTON   120517 300  001000-001500   00    -999.00 -999.0    205.87    -0.70    -9999
KINGSTON   120517 300  001500-002000   00    -999.00 -999.0    207.73     0.20    -9999
KINGSTON   120517 300  002000-002500   00    -999.00 -999.0    209.62     1.10    -9999
KINGSTON   120517 300  002500-003000   00    -999.00 -999.0    206.45    -0.50    -9999
KINGSTON   120517 300  003000-003500   00    -999.00 -999.0    205.20    -1.10    -9999
KINGSTON   120517 300  003500-004000   00    -999.00 -999.0    209.23     0.90    -9999
KINGSTON   120517 300  004000-004500   00    -999.00 -999.0    209.35     0.90    -9999
KINGSTON   120517 300  004500-005000   00    -999.00 -999.0    209.00     0.80    -9999
KINGSTON   120517 300  005000-005500   00    -999.00 -999.0    206.15    -0.60    -9999
KINGSTON   120517 300  005500-010000   00    -999.00 -999.0    207.53     0.10    -9999
KINGSTON   120517 300  010000-010500   00    -999.00 -999.0    207.33     0.00    -0.17
KINGSTON   120517 300  010500-011000   00    -999.00 -999.0    207.37     0.00    -0.19
KINGSTON   120517 300  011000-011500   00    -999.00 -999.0    206.75    -0.30    -0.50
KINGSTON   120517 300  011500-012000   00    -999.00 -999.0    206.12    -0.60    -0.81
KINGSTON   120517 300  012000-012500   00    -999.00 -999.0    207.72     0.10    -0.12
KINGSTON   120517 300  012500-013000   00    -999.00 -999.0    208.42     0.50     0.27
KINGSTON   120517 300  013000-013500   00    -999.00 -999.0    205.48    -0.90    -1.14
KINGSTON   120517 300  013500-014000   00    -999.00 -999.0    206.68    -0.40    -0.65
KINGSTON   120517 300  014000-014500   00    -999.00 -999.0    205.22    -1.10    -1.36
KINGSTON   120517 300  014500-015000   00    -999.00 -999.0    207.12    -0.10    -0.37
KINGSTON   120517 300  015000-015500   00    -999.00 -999.0    209.22     0.90     0.63
KINGSTON   120517 300  015500-020000   00    -999.00 -999.0    208.50     0.50     0.22
KINGSTON   120517 300  020000-020500   00    -999.00 -999.0    209.85     1.20     0.91
KINGSTON   120517 300  020500-021000   00    -999.00 -999.0    209.80     1.20     0.90
KINGSTON   120517 300  021000-021500   00    -999.00 -999.0    210.98     1.70     1.39
KINGSTON   120517 300  021500-022000   00    -999.00 -999.0    209.17     0.80     0.49
KINGSTON   120517 300  022000-022500   00    -999.00 -999.0    210.43     1.50     1.18
KINGSTON   120517 300  022500-023000   00    -999.00 -999.0    210.85     1.70     1.37
KINGSTON   120517 300  023000-023500   00    -999.00 -999.0    210.55     1.50     1.17
KINGSTON   120517 300  023500-024000   00    -999.00 -999.0    210.18     1.30     0.96
KINGSTON   120517 300  024000-024500   00    -999.00 -999.0    211.87     2.20     1.86
KINGSTON   120517 300  024500-025000   00    -999.00 -999.0    211.95     2.20     1.85
KINGSTON   120517 300  025000-025500   00    -999.00 -999.0    208.27     0.40     0.04
KINGSTON   120517 300  025500-030000   00    -999.00 -999.0    212.13     2.30     1.94
KINGSTON   120517 300  030000-030500   00    -999.00 -999.0    209.07     0.80     0.44
KINGSTON   120517 300  030500-031000   00    -999.00 -999.0    208.23     0.40     0.03
KINGSTON   120517 300  031000-031500   00    -999.00 -999.0    210.25     1.40     1.03
KINGSTON   120517 300  031500-032000   00    -999.00 -999.0    209.80     1.20     0.82
KINGSTON   120517 300  032000-032500   00    -999.00 -999.0    208.27     0.40     0.02
KINGSTON   120517 300  032500-033000   00    -999.00 -999.0    211.50     2.00     1.62
KINGSTON   120517 300  033000-033500   00    -999.00 -999.0    210.80     1.60     1.22
KINGSTON   120517 300  033500-034000   00    -999.00 -999.0    210.22     1.40     1.01
KINGSTON   120517 300  034000-034500   00    -999.00 -999.0    209.43     1.00     0.61
KINGSTON   120517 300  034500-035000   00    -999.00 -999.0    210.20     1.30     0.91
KINGSTON   120517 300  035000-035500   00    -999.00 -999.0    209.50     1.00     0.61
KINGSTON   120517 300  035500-040000   00    -999.00 -999.0    208.78     0.70     0.31
KINGSTON   120517 300  040000-040500   00    -999.00 -999.0    208.92     0.70     0.31
KINGSTON   120517 300  040500-041000   00    -999.00 -999.0    209.07     0.80     0.40
KINGSTON   120517 300  041000-041500   00    -999.00 -999.0    208.00     0.30    -0.10
KINGSTON   120517 300  041500-042000   00    -999.00 -999.0    209.80     1.20     0.80
KINGSTON   120517 300  042000-042500   00    -999.00 -999.0    208.43     0.50     0.11
KINGSTON   120517 300  042500-043000   00    -999.00 -999.0    208.62     0.60     0.21
KINGSTON   120517 300  043000-043500   00    -999.00 -999.0    208.15     0.40     0.01
KINGSTON   120517 300  043500-044000   00    -999.00 -999.0    208.95     0.70     0.31
KINGSTON   120517 300  044000-044500   00    -999.00 -999.0    208.03     0.30    -0.09
KINGSTON   120517 300  044500-045000   00    -999.00 -999.0    208.52     0.50     0.11
KINGSTON   120517 300  045000-045500   00    -999.00 -999.0    208.40     0.50     0.11
KINGSTON   120517 300  045500-050000   00    -999.00 -999.0    208.33     0.40     0.02
KINGSTON   120517 300  050000-050500   00    -999.00 -999.0    211.57     2.00     1.62
KINGSTON   120517 300  050500-051000   00    -999.00 -999.0    208.72     0.60     0.22
KINGSTON   120517 300  051000-051500   00    -999.00 -999.0    209.65     1.10     0.73
KINGSTON   120517 300  051500-052000   00    -999.00 -999.0    208.55     0.50     0.13
KINGSTON   120517 300  052000-052500   00    -999.00 -999.0    210.50     1.50     1.13
KINGSTON   120517 300  052500-053000   00    -999.00 -999.0    208.05     0.30    -0.06
KINGSTON   120517 300  053000-053500   00    -999.00 -999.0    208.20     0.40     0.04
KINGSTON   120517 300  053500-054000   00    -999.00 -999.0    207.73     0.20    -0.15
KINGSTON   120517 300  054000-054500   00    -999.00 -999.0    210.72     1.60     1.25
KINGSTON   120517 300  054500-055000   00    -999.00 -999.0    207.80     0.20    -0.14
KINGSTON   120517 300  055000-055500   00    -999.00 -999.0    210.05     1.30     0.96
KINGSTON   120517 300  055500-060000   00    -999.00 -999.0    211.42     1.90     1.57
KINGSTON   120517 300  060000-060500   00    -999.00 -999.0    211.40     1.90     1.58
KINGSTON   120517 300  060500-061000   00    -999.00 -999.0    208.42     0.50     0.18
KINGSTON   120517 300  061000-061500   00    -999.00 -999.0    207.83     0.20    -0.11
KINGSTON   120517 300  061500-062000   00    -999.00 -999.0    209.18     0.90     0.60
KINGSTON   120517 300  062000-062500   00    -999.00 -999.0    209.00     0.80     0.50
KINGSTON   120517 300  062500-063000   00    -999.00 -999.0    205.78    -0.80    -1.09
KINGSTON   120517 300  063000-063500   00    -999.00 -999.0    206.88    -0.30    -0.58
KINGSTON   120517 300  063500-064000   00    -999.00 -999.0    205.98    -0.70    -0.97
KINGSTON   120517 300  064000-064500   00    -999.00 -999.0    208.87     0.70     0.44
KINGSTON   120517 300  064500-065000   00    -999.00 -999.0    206.82    -0.30    -0.55
KINGSTON   120517 300  065000-065500   00    -999.00 -999.0    209.25     0.90     0.66
KINGSTON   120517 300  065500-070000   00    -999.00 -999.0    207.43     0.00    -0.24
KINGSTON   120517 300  070000-070500   00    -999.00 -999.0    207.88     0.20    -0.03
KINGSTON   120517 300  070500-071000   00    -999.00 -999.0    207.45     0.00    -0.22
KINGSTON   120517 300  071000-071500   00    -999.00 -999.0    208.03     0.30     0.10
KINGSTON   120517 300  071500-072000   00    -999.00 -999.0    208.93     0.70     0.51
KINGSTON   120517 300  072000-072500   00    -999.00 -999.0    205.62    -0.90    -1.08
KINGSTON   120517 300  072500-073000   00    -999.00 -999.0    208.80     0.70     0.53
KINGSTON   120517 300  073000-073500   00    -999.00 -999.0    210.58     1.50     1.34
KINGSTON   120517 300  073500-074000   00    -999.00 -999.0    208.28     0.40     0.25
KINGSTON   120517 300  074000-074500   00    -999.00 -999.0    206.37    -0.50    -0.63
KINGSTON   120517 300  074500-075000   00    -999.00 -999.0    205.27    -1.00    -1.12
KINGSTON   120517 300  075000-075500   00    -999.00 -999.0    207.78     0.20     0.09
KINGSTON   120517 300  075500-080000   00    -999.00 -999.0    208.35     0.50     0.40
KINGSTON   120517 300  080000-080500   00    -999.00 -999.0    206.43    -0.50    -0.58
KINGSTON   120517 300  080500-081000   00    -999.00 -999.0    206.32    -0.50    -0.57
KINGSTON   120517 300  081000-081500   00    -999.00 -999.0    206.77    -0.30    -0.35
KINGSTON   120517 300  081500-082000   00    -999.00 -999.0    208.28     0.40     0.36
KINGSTON   120517 300  082000-082500   00    -999.00 -999.0    210.53     1.50     1.47
KINGSTON   120517 300  082500-083000   00    -999.00 -999.0    207.05    -0.20    -0.21
KINGSTON   120517 300  083000-083500   00    -999.00 -999.0    207.75     0.20     0.21
KINGSTON   120517 300  083500-084000   00    -999.00 -999.0    206.87    -0.30    -0.28
KINGSTON   120517 300  084000-084500   00    -999.00 -999.0    208.23     0.40     0.44
KINGSTON   120517 300  084500-085000   00    -999.00 -999.0    207.85     0.20     0.25
KINGSTON   120517 300  085000-085500   00    -999.00 -999.0    208.23     0.40     0.47
KINGSTON   120517 300  085500-090000   00    -999.00 -999.0    208.55     0.50     0.59
KINGSTON   120517 300  090000-090500   00    -999.00 -999.0    208.43     0.50     0.60
KINGSTON   120517 300  090500-091000   00    -999.00 -999.0    206.70    -0.30    -9999
KINGSTON   120517 300  091000-091500   00    -999.00 -999.0    205.13    -1.10    -9999
KINGSTON   120517 300  091500-092000   00    -999.00 -999.0    208.47     0.50    -9999
KINGSTON   120517 300  092000-092500   00    -999.00 -999.0    206.55    -0.40    -9999
KINGSTON   120517 300  092500-093000   00    -999.00 -999.0    206.57    -0.40    -9999
KINGSTON   120517 300  093000-093500   00    -999.00 -999.0    205.15    -1.10    -9999
KINGSTON   120517 300  093500-094000   00    -999.00 -999.0    206.30    -0.50    -9999
KINGSTON   120517 300  094000-094500   00    -999.00 -999.0    207.08    -0.20    -9999
KINGSTON   120517 300  094500-095000   00    -999.00 -999.0    202.58    -2.30    -9999
KINGSTON   120517 300  095000-095500   00    -999.00 -999.0    207.27    -0.10    -9999
KINGSTON   120517 300  095500-100000   00    -999.00 -999.0    206.37    -0.50    -9999
KINGSTON   120517 300  100000-100500   00    -999.00 -999.0    210.15     1.30    -9999
KINGSTON   120517 300  100500-101000   00    -999.00 -999.0    207.72     0.10    -9999
KINGSTON   120517 300  101000-101500   00    -999.00 -999.0    208.28     0.40    -9999
KINGSTON   120517 300  101500-102000   00    -999.00 -999.0    205.60    -0.90    -9999
KINGSTON   120517 300  102000-102500   00    -999.00 -999.0    205.57    -0.90    -9999
KINGSTON   120517 300  102500-103000   00    -999.00 -999.0    206.75    -0.30    -9999
KINGSTON   120517 300  103000-103500   00    -999.00 -999.0    207.50     0.00    -9999
KINGSTON   120517 300  103500-104000   00    -999.00 -999.0    208.42     0.50    -9999
KINGSTON   120517 300  104000-104500   00    -999.00 -999.0    205.22    -1.10    -9999
KINGSTON   120517 300  104500-105000   00    -999.00 -999.0    206.92    -0.20    -9999
KINGSTON   120517 300  105000-105500   00    -999.00 -999.0    205.82    -0.80    -9999
KINGSTON   120517 300  105500-110000   00    -999.00 -999.0    203.05    -2.10    -9999
KINGSTON   120517 300  110000-110500   00    -999.00 -999.0    206.92    -0.20    -9999
KINGSTON   120517 300  110500-111000   00    -999.00 -999.0    206.25    -0.60    -9999
KINGSTON   120517 300  111000-111500   00    -999.00 -999.0    206.58    -0.40    -9999
KINGSTON   120517 300  111500-112000   00    -999.00 -999.0    203.75    -1.80    -9999
KINGSTON   120517 300  112000-112500   00    -999.00 -999.0    204.83    -1.20    -9999
KINGSTON   120517 300  112500-113000   00    -999.00 -999.0    207.47     0.00    -9999
KINGSTON   120517 300  113000-113500   00    -999.00 -999.0    207.85     0.20    -9999
KINGSTON   120517 300  113500-114000   00    -999.00 -999.0    206.15    -0.60    -9999
KINGSTON   120517 300  114000-114500   00    -999.00 -999.0    205.50    -0.90    -9999
KINGSTON   120517 300  114500-115000   00    -999.00 -999.0    206.65    -0.40    -9999
KINGSTON   120517 300  115000-115500   00    -999.00 -999.0    204.77    -1.30    -9999
KINGSTON   120517 300  115500-120000   00    -999.00 -999.0    206.42    -0.50    -9999
KINGSTON   120517 300  120000-120500   00    -999.00 -999.0    205.57    -0.90    -9999
KINGSTON   120517 300  120500-121000   00    -999.00 -999.0    203.13    -2.10    -9999
KINGSTON   120517 300  121000-121500   00    -999.00 -999.0    205.37    -1.00    -9999
KINGSTON   120517 300  121500-122000   00    -999.00 -999.0    205.47    -0.90    -9999
KINGSTON   120517 300  122000-122500   00    -999.00 -999.0    206.05    -0.70    -9999
KINGSTON   120517 300  122500-123000   00    -999.00 -999.0    204.98    -1.20    -9999
KINGSTON   120517 300  123000-123500   00    -999.00 -999.0    206.12    -0.60    -9999
KINGSTON   120517 300  123500-124000   00    -999.00 -999.0    204.72    -1.30    -9999
KINGSTON   120517 300  124000-124500   00    -999.00 -999.0    207.90     0.20    -9999
KINGSTON   120517 300  124500-125000   00    -999.00 -999.0    206.87    -0.30    -9999
KINGSTON   120517 300  125000-125500   00    -999.00 -999.0    205.68    -0.80    -9999
KINGSTON   120517 300  125500-130000   00    -999.00 -999.0    203.70    -1.80    -9999
KINGSTON   120517 300  130000-130500   00    -999.00 -999.0    203.45    -1.90    -9999
KINGSTON   120517 300  130500-131000   00    -999.00 -999.0    206.32    -0.50    -9999
KINGSTON   120517 300  131000-131500   00    -999.00 -999.0    204.78    -1.30    -9999
KINGSTON   120517 300  131500-132000   00    -999.00 -999.0    206.83    -0.30    -9999
KINGSTON   120517 300  132000-132500   00    -999.00 -999.0    207.25    -0.10    -9999
KINGSTON   120517 300  132500-133000   00    -999.00 -999.0    203.55    -1.90    -9999
KINGSTON   120517 300  133000-133500   00    -999.00 -999.0    204.15    -1.60    -9999
KINGSTON   120517 300  133500-134000   00    -999.00 -999.0    206.03    -0.70    -9999
KINGSTON   120517 300  134000-134500   00    -999.00 -999.0    204.25    -1.50    -9999
KINGSTON   120517 300  134500-135000   00    -999.00 -999.0    206.18    -0.60    -9999
KINGSTON   120517 300  135000-135500   00    -999.00 -999.0    206.20    -0.60    -9999
KINGSTON   120517 300  135500-140000   00    -999.00 -999.0    205.82    -0.80    -9999
KINGSTON   120517 300  140000-140500   00    -999.00 -999.0    207.10    -0.10    -9999
KINGSTON   120517 300  140500-141000   00    -999.00 -999.0    203.82    -1.70    -9999
KINGSTON   120517 300  141000-141500   00    -999.00 -999.0    205.75    -0.80    -9999
KINGSTON   120517 300  141500-142000   00    -999.00 -999.0    206.72    -0.30    -9999
KINGSTON   120517 300  142000-142500   00    -999.00 -999.0    202.22    -2.50    -9999
KINGSTON   120517 300  142500-143000   00    -999.00 -999.0    207.75     0.20    -9999
KINGSTON   120517 300  143000-143500   00    -999.00 -999.0    204.50    -1.40    -9999
KINGSTON   120517 300  143500-144000   00    -999.00 -999.0    206.95    -0.20    -9999
KINGSTON   120517 300  144000-144500   00    -999.00 -999.0    206.48    -0.40    -9999
KINGSTON   120517 300  144500-145000   00    -999.00 -999.0    208.38     0.50    -9999
KINGSTON   120517 300  145000-145500   00    -999.00 -999.0    204.83    -1.20    -9999
KINGSTON   120517 300  145500-150000   00    -999.00 -999.0    204.88    -1.20    -9999
KINGSTON   120517 300  150000-150500   00    -999.00 -999.0    204.40    -1.50    -9999
KINGSTON   120517 300  150500-151000   00    -999.00 -999.0    205.87    -0.70    -9999
KINGSTON   120517 300  151000-151500   00    -999.00 -999.0    206.50    -0.40    -9999
KINGSTON   120517 300  151500-152000   00    -999.00 -999.0    204.75    -1.30    -9999
KINGSTON   120517 300  152000-152500   00    -999.00 -999.0    205.78    -0.80    -9999
KINGSTON   120517 300  152500-153000   00    -999.00 -999.0    205.22    -1.10    -9999
KINGSTON   120517 300  153000-153500   00    -999.00 -999.0    205.48    -0.90    -9999
KINGSTON   120517 300  153500-154000   00    -999.00 -999.0    205.37    -1.00    -9999
KINGSTON   120517 300  154000-154500   00    -999.00 -999.0    206.23    -0.60    -9999
KINGSTON   120517 300  154500-155000   00    -999.00 -999.0    206.80    -0.30    -9999
KINGSTON   120517 300  155000-155500   00    -999.00 -999.0    204.85    -1.20    -9999
KINGSTON   120517 300  155500-160000   00    -999.00 -999.0    207.20    -0.10    -9999
KINGSTON   120517 300  160000-160500   00    -999.00 -999.0    206.00    -0.70    -9999
KINGSTON   120517 300  160500-161000   00    -999.00 -999.0    205.83    -0.80    -9999
KINGSTON   120517 300  161000-161500   00    -999.00 -999.0    204.25    -1.50    -9999
KINGSTON   120517 300  161500-162000   00    -999.00 -999.0    206.18    -0.60    -9999
KINGSTON   120517 300  162000-162500   00    -999.00 -999.0    204.87    -1.20    -9999
KINGSTON   120517 300  162500-163000   00    -999.00 -999.0    206.95    -0.20    -9999
KINGSTON   120517 300  163000-163500   00    -999.00 -999.0    207.83     0.20    -9999
KINGSTON   120517 300  163500-164000   00    -999.00 -999.0    207.50     0.00    -9999
KINGSTON   120517 300  164000-164500   00    -999.00 -999.0    206.52    -0.40    -9999
KINGSTON   120517 300  164500-165000   00    -999.00 -999.0    207.03    -0.20    -9999
KINGSTON   120517 300  165000-165500   00    -999.00 -999.0    207.05    -0.20    -9999
KINGSTON   120517 300  165500-170000   00    -999.00 -999.0    207.25    -0.10    -9999
KINGSTON   120517 300  170000-170500   00    -999.00 -999.0    206.15    -0.60    -9999
KINGSTON   120517 300  170500-171000   00    -999.00 -999.0    203.15    -2.10    -9999
KINGSTON   120517 300  171000-171500   00    -999.00 -999.0    205.65    -0.80    -9999
KINGSTON   120517 300  171500-172000   00    -999.00 -999.0    204.85    -1.20    -9999
KINGSTON   120517 300  172000-172500   00    -999.00 -999.0    206.55    -0.40    -9999
KINGSTON   120517 300  172500-173000   00    -999.00 -999.0    205.05    -1.10    -9999
KINGSTON   120517 300  173000-173500   00    -999.00 -999.0    205.28    -1.00    -9999
KINGSTON   120517 300  173500-174000   00    -999.00 -999.0    206.25    -0.60    -9999
KINGSTON   120517 300  174000-174500   00    -999.00 -999.0    206.38    -0.50    -9999
KINGSTON   120517 300  174500-175000   00    -999.00 -999.0    204.00    -1.60    -9999
KINGSTON   120517 300  175000-175500   00    -999.00 -999.0    207.17    -0.10    -9999
KINGSTON   120517 300  175500-180000   00    -999.00 -999.0    206.35    -0.50    -9999
KINGSTON   120517 300  180000-180500   00    -999.00 -999.0    207.23    -0.10    -9999
KINGSTON   120517 300  180500-181000   00    -999.00 -999.0    206.18    -0.60    -9999
KINGSTON   120517 300  181000-181500   00    -999.00 -999.0    205.45    -0.90    -9999
KINGSTON   120517 300  181500-182000   00    -999.00 -999.0    207.98     0.30    -9999
KINGSTON   120517 300  182000-182500   00    -999.00 -999.0    204.97    -1.20    -9999
KINGSTON   120517 300  182500-183000   00    -999.00 -999.0    207.93     0.30    -9999
KINGSTON   120517 300  183000-183500   00    -999.00 -999.0    204.95    -1.20    -9999
KINGSTON   120517 300  183500-184000   00    -999.00 -999.0    206.47    -0.50    -9999
KINGSTON   120517 300  184000-184500   00    -999.00 -999.0    205.38    -1.00    -9999
KINGSTON   120517 300  184500-185000   00    -999.00 -999.0    204.82    -1.20    -9999
KINGSTON   120517 300  185000-185500   00    -999.00 -999.0    206.20    -0.60    -9999
KINGSTON   120517 300  185500-190000   00    -999.00 -999.0    201.92    -2.60    -9999
KINGSTON   120517 300  190000-190500   00    -999.00 -999.0    205.88    -0.70    -9999
KINGSTON   120517 300  190500-191000   00    -999.00 -999.0    204.30    -1.50    -9999
KINGSTON   120517 300  191000-191500   00    -999.00 -999.0    205.03    -1.10    -9999
KINGSTON   120517 300  191500-192000   00    -999.00 -999.0    205.30    -1.00    -9999
KINGSTON   120517 300  192000-192500   00    -999.00 -999.0    206.05    -0.70    -9999
KINGSTON   120517 300  192500-193000   00    -999.00 -999.0    208.38     0.50    -9999
KINGSTON   120517 300  193000-193500   00    -999.00 -999.0    204.48    -1.40    -9999
KINGSTON   120517 300  193500-194000   00    -999.00 -999.0    205.93    -0.70    -9999
KINGSTON   120517 300  194000-194500   00    -999.00 -999.0    205.15    -1.10    -9999
KINGSTON   120517 300  194500-195000   00    -999.00 -999.0    204.67    -1.30    -9999
KINGSTON   120517 300  195000-195500   00    -999.00 -999.0    205.45    -0.90    -9999
KINGSTON   120517 300  195500-200000   00    -999.00 -999.0    207.33     0.00    -9999
KINGSTON   120517 300  200000-200500   00    -999.00 -999.0    204.87    -1.20    -9999
KINGSTON   120517 300  200500-201000   00    -999.00 -999.0    207.52     0.10    -9999
KINGSTON   120517 300  201000-201500   00    -999.00 -999.0    206.42    -0.50    -9999
KINGSTON   120517 300  201500-202000   00    -999.00 -999.0    203.80    -1.70    -9999
KINGSTON   120517 300  202000-202500   00    -999.00 -999.0    203.22    -2.00    -9999
KINGSTON   120517 300  202500-203000   00    -999.00 -999.0    204.37    -1.50    -9999
KINGSTON   120517 300  203000-203500   00    -999.00 -999.0    204.38    -1.50    -9999
KINGSTON   120517 300  203500-204000   00    -999.00 -999.0    202.92    -2.20    -9999
KINGSTON   120517 300  204000-204500   00    -999.00 -999.0    204.63    -1.30    -9999
KINGSTON   120517 300  204500-205000   00    -999.00 -999.0    204.98    -1.20    -9999
KINGSTON   120517 300  205000-205500   00    -999.00 -999.0    205.23    -1.10    -9999
KINGSTON   120517 300  205500-210000   00    -999.00 -999.0    205.20    -1.10    -9999
KINGSTON   120517 300  210000-210500   00    -999.00 -999.0    203.80    -1.70    -9999
KINGSTON   120517 300  210500-211000   00    -999.00 -999.0    204.22    -1.50    -9999
KINGSTON   120517 300  211000-211500   00    -999.00 -999.0    205.47    -0.90    -9999
KINGSTON   120517 300  211500-212000   00    -999.00 -999.0    203.93    -1.70    -9999
KINGSTON   120517 300  212000-212500   00    -999.00 -999.0    204.68    -1.30    -9999
KINGSTON   120517 300  212500-213000   00    -999.00 -999.0    204.50    -1.40    -9999
KINGSTON   120517 300  213000-213500   00    -999.00 -999.0    204.37    -1.50    -9999
KINGSTON   120517 300  213500-214000   00    -999.00 -999.0    204.77    -1.30    -9999
KINGSTON   120517 300  214000-214500   00    -999.00 -999.0    206.17    -0.60    -9999
KINGSTON   120517 300  214500-215000   00    -999.00 -999.0    204.63    -1.30    -9999
KINGSTON   120517 300  215000-215500   00    -999.00 -999.0    207.15    -0.10    -9999
KINGSTON   120517 300  215500-220000   00    -999.00 -999.0    205.25    -1.00    -9999
KINGSTON   120517 300  220000-220500   00    -999.00 -999.0    205.28    -1.00    -9999
KINGSTON   120517 300  220500-221000   00    -999.00 -999.0    205.33    -1.00    -9999
KINGSTON   120517 300  221000-221500   00    -999.00 -999.0    206.17    -0.60    -9999
KINGSTON   120517 300  221500-222000   00    -999.00 -999.0    205.17    -1.10    -9999
KINGSTON   120517 300  222000-222500   00    -999.00 -999.0    207.30    -0.10    -9999
KINGSTON   120517 300  222500-223000   00    -999.00 -999.0    203.07    -2.10    -9999
KINGSTON   120517 300  223000-223500   00    -999.00 -999.0    205.28    -1.00    -9999
KINGSTON   120517 300  223500-224000   00    -999.00 -999.0    203.83    -1.70    -9999
KINGSTON   120517 300  224000-224500   00    -999.00 -999.0    204.43    -1.40    -9999
KINGSTON   120517 300  224500-225000   00    -999.00 -999.0    204.22    -1.50    -9999
KINGSTON   120517 300  225000-225500   00    -999.00 -999.0    205.10    -1.10    -9999
KINGSTON   120517 300  225500-230000   00    -999.00 -999.0    205.05    -1.10    -9999
KINGSTON   120517 300  230000-230500   00    -999.00 -999.0    207.83     0.20    -9999
KINGSTON   120517 300  230500-231000   00    -999.00 -999.0    205.68    -0.80    -9999
KINGSTON   120517 300  231000-231500   00    -999.00 -999.0    204.13    -1.60    -9999
KINGSTON   120517 300  231500-232000   00    -999.00 -999.0    203.72    -1.80    -9999
KINGSTON   120517 300  232000-232500   00    -999.00 -999.0    204.15    -1.60    -9999
KINGSTON   120517 300  232500-233000   00    -999.00 -999.0    204.10    -1.60    -9999
KINGSTON   120517 300  233000-233500   00    -999.00 -999.0    205.25    -1.00    -9999
KINGSTON   120517 300  233500-234000   00    -999.00 -999.0    204.08    -1.60    -9999
KINGSTON   120517 300  234000-234500   00    -999.00 -999.0    203.28    -2.00    -9999
KINGSTON   120517 300  234500-235000   00    -999.00 -999.0    204.18    -1.60    -9999
KINGSTON   120517 300  235000-235500   00    -999.00 -999.0    204.10    -1.60    -9999
KINGSTON   120517 300  235500-240000   00    -999.00 -999.0    203.12    -2.10    -9999
KINGSTON   120518 3600 000000-010000   00    -999.00 -999.0    204.83    -1.20    -9999
KINGSTON   120518 3600 010000-020000   00    -999.00 -999.0    205.92    -0.70    -9999
KINGSTON   120518 3600 020000-030000   00    -999.00 -999.0    205.15    -1.10    -9999
KINGSTON   120518 3600 030000-040000   00    -999.00 -999.0    199.32    -3.90    -9999
KINGSTON   120518 3600 040000-050000   00    -999.00 -999.0    204.85    -1.20    -9999
KINGSTON   120518 3600 050000-060000   00    -999.00 -999.0    198.60    -4.20    -9999
KINGSTON   120518 3600 060000-070000   00    -999.00 -999.0    205.45    -0.90    -9999
KINGSTON   120518 3600 070000-080000   00    -999.00 -999.0    203.68    -1.80    -9999
KINGSTON   120518 3600 080000-090000   00    -999.00 -999.0    204.57    -1.40    -9999
KINGSTON   120518 3600 090000-100000   00    -999.00 -999.0    204.85    -1.20    -9999
KINGSTON   120518 3600 100000-110000   00    -999.00 -999.0    203.50    -1.90    -9999
KINGSTON   120518 3600 110000-120000   00    -999.00 -999.0    204.30    -1.50    -9999
KINGSTON   120518 3600 120000-130000   00    -999.00 -999.0    200.68    -3.20    -9999
KINGSTON   120518 3600 130000-140000   00    -999.00 -999.0    203.48    -1.90    -9999
KINGSTON   120518 3600 140000-150000   00    -999.00 -999.0    200.57    -3.30    -9999
KINGSTON   120518 3600 150000-160000   00    -999.00 -999.0    202.37    -2.40    -9999
KINGSTON   120518 3600 160000-170000   00    -999.00 -999.0    202.10    -2.60    -9999
KINGSTON   120518 3600 170000-180000   00    -999.00 -999.0    203.07    -2.10    -9999
KINGSTON   120518 3600 180000-190000   00    -999.00 -999.0    203.20    -2.00    -9999
KINGSTON   120518 3600 190000-200000   00    -999.00 -999.0    203.12    -2.10    -9999
KINGSTON   120518 3600 200000-210000   00    -999.00 -999.0    203.62    -1.80    -9999
KINGSTON   120518 3600 210000-220000   00    -999.00 -999.0    204.03    -1.60    -9999
KINGSTON   120518 3600 220000-230000   00    -999.00 -999.0    204.52    -1.40    -9999
KINGSTON   120518 3600 230000-240000   00    -999.00 -999.0    200.38    -3.40    -9999
*
COMMENT UNIVERISTY OF OULU: FILE GENERATED FROM DATABASE AND OBTAINED FROM
COMMENT https://gle.oulu.fi at 2024-01-15 17:24:22 +00:00
COMMENT FOR HISTORICAL/ORIGINAL TEXT FILES SEE https://gle.oulu.fi/txtarchive/
COMMENT ORIGINAL AT https://gle.oulu.fi/txtarchive/GLE71/C071KGSN_cor.DAT
COMMENT DETRENDED DATA SHOW -9999 IF EQUAL TO INC% COLUMN 