LOMNICKY   LATITUDE    49.2      LONGITUDE     20.22     ALTITUDE    2634 M
LOMNICKY   INSTRUMENT   8-NM-64  NEUTRON MONITOR	
LOMNICKY   STANDARD PRESSURE    747     mb     COEFFICIENT   -0.72     % / mb
LOMNICKY   PRE-INCREASE BASELINE TIME INTERVAL    120516    230000-010000   UT
LOMNICKY   PRE-INCREASE AVERAGE COUNTING RATE    470.15      COUNTS PER SECOND
LOMNICKY   TIME INTERVALS    300         3600     
LOMNICKY   SCALE FACTORS     1           1        
STATION    YYMMDD  SEC   TIME (UT)   CODE    UNCORR. PRESS.    CORR.    % INC.	DETRENDED
                         INTERVAL    TD      C/S     (mb)      C/S
LOMNICKY   120516 3600 000000-010000   00     481.19  730.1    470.38     0.00    -9999
LOMNICKY   120516 3600 010000-020000   00     482.03  729.8    470.27     0.00    -9999
LOMNICKY   120516 3600 020000-030000   00     483.18  729.5    470.39     0.10    -9999
LOMNICKY   120516 3600 030000-040000   00     486.59  729.4    473.38     0.70    -9999
LOMNICKY   120516 3600 040000-050000   00     485.94  729.3    472.47     0.50    -9999
LOMNICKY   120516 3600 050000-060000   00     486.23  729.4    472.85     0.60    -9999
LOMNICKY   120516 3600 060000-070000   00     486.95  729.3    473.46     0.70    -9999
LOMNICKY   120516 3600 070000-080000   00     486.79  729.4    473.37     0.70    -9999
LOMNICKY   120516 3600 080000-090000   00     488.29  729.4    474.91     1.00    -9999
LOMNICKY   120516 3600 090000-100000   00     486.85  729.5    473.79     0.80    -9999
LOMNICKY   120516 3600 100000-110000   00     487.79  729.4    474.64     1.00    -9999
LOMNICKY   120516 3600 110000-120000   00     488.33  729.5    475.39     1.10    -9999
LOMNICKY   120516 3600 120000-130000   00     487.64  729.1    473.47     0.70    -9999
LOMNICKY   120516 3600 130000-140000   00     487.02  729.1    472.85     0.60    -9999
LOMNICKY   120516 3600 140000-150000   00     485.23  729.1    470.93     0.20    -9999
LOMNICKY   120516 3600 150000-160000   00     485.61  729.0    470.87     0.20    -9999
LOMNICKY   120516 3600 160000-170000   00     484.46  728.9    469.57    -0.10    -9999
LOMNICKY   120516 3600 170000-180000   00     485.25  728.9    470.42     0.10    -9999
LOMNICKY   120516 3600 180000-190000   00     484.64  729.0    469.93     0.00    -9999
LOMNICKY   120516 3600 190000-200000   00     484.93  728.8    469.74    -0.10    -9999
LOMNICKY   120516 3600 200000-210000   00     485.05  728.8    469.79    -0.10    -9999
LOMNICKY   120516 300  210000-210500   00     487.26  728.8    472.01     0.40    -9999
LOMNICKY   120516 300  210500-211000   00     484.96  728.8    469.68    -0.10    -9999
LOMNICKY   120516 300  211000-211500   00     487.95  728.7    472.19     0.40    -9999
LOMNICKY   120516 300  211500-212000   00     487.59  728.7    471.89     0.40    -9999
LOMNICKY   120516 300  212000-212500   00     486.74  728.7    471.18     0.20    -9999
LOMNICKY   120516 300  212500-213000   00     490.33  728.7    474.70     1.00    -9999
LOMNICKY   120516 300  213000-213500   00     488.24  728.8    472.99     0.60    -9999
LOMNICKY   120516 300  213500-214000   00     487.18  728.7    471.43     0.30    -9999
LOMNICKY   120516 300  214000-214500   00     486.62  728.8    471.44     0.30    -9999
LOMNICKY   120516 300  214500-215000   00     485.62  728.8    470.20     0.00    -9999
LOMNICKY   120516 300  215000-215500   00     485.54  728.7    470.10     0.00    -9999
LOMNICKY   120516 300  215500-220000   00     485.69  728.7    470.12     0.00    -9999
LOMNICKY   120516 300  220000-220500   00     488.51  728.7    472.92     0.60    -9999
LOMNICKY   120516 300  220500-221000   00     483.71  728.8    468.39    -0.40    -9999
LOMNICKY   120516 300  221000-221500   00     485.15  728.7    469.63    -0.10    -9999
LOMNICKY   120516 300  221500-222000   00     485.95  728.5    469.74    -0.10    -9999
LOMNICKY   120516 300  222000-222500   00     487.05  728.6    471.21     0.20    -9999
LOMNICKY   120516 300  222500-223000   00     485.82  728.7    470.29     0.00    -9999
LOMNICKY   120516 300  223000-223500   00     488.29  728.8    472.84     0.60    -9999
LOMNICKY   120516 300  223500-224000   00     485.81  728.7    470.23     0.00    -9999
LOMNICKY   120516 300  224000-224500   00     485.72  728.7    470.12     0.00    -9999
LOMNICKY   120516 300  224500-225000   00     482.92  728.7    467.57    -0.50    -9999
LOMNICKY   120516 300  225000-225500   00     483.68  728.7    468.30    -0.40    -9999
LOMNICKY   120516 300  225500-230000   00     486.14  728.7    470.44     0.10    -9999
LOMNICKY   120516 300  230000-230500   00     486.64  728.6    470.77     0.10    -9999
LOMNICKY   120516 300  230500-231000   00     486.08  728.7    470.42     0.10    -9999
LOMNICKY   120516 300  231000-231500   00     488.90  728.6    472.98     0.60    -9999
LOMNICKY   120516 300  231500-232000   00     484.16  728.6    468.44    -0.40    -9999
LOMNICKY   120516 300  232000-232500   00     484.26  728.7    468.67    -0.30    -9999
LOMNICKY   120516 300  232500-233000   00     484.11  728.7    468.45    -0.40    -9999
LOMNICKY   120516 300  233000-233500   00     483.09  728.7    467.47    -0.60    -9999
LOMNICKY   120516 300  233500-234000   00     484.48  728.7    468.98    -0.20    -9999
LOMNICKY   120516 300  234000-234500   00     484.56  728.7    469.05    -0.20    -9999
LOMNICKY   120516 300  234500-235000   00     488.79  728.7    473.13     0.60    -9999
LOMNICKY   120516 300  235000-235500   00     485.10  728.6    469.16    -0.20    -9999
LOMNICKY   120516 300  235500-240000   00     485.04  728.5    468.88    -0.30    -9999
LOMNICKY   120517 300  000000-000500   00     487.26  728.6    471.15     0.20    -9999
LOMNICKY   120517 300  000500-001000   00     486.81  728.5    470.56     0.10    -9999
LOMNICKY   120517 300  001000-001500   00     488.38  728.6    472.24     0.40    -9999
LOMNICKY   120517 300  001500-002000   00     486.16  728.7    470.40     0.10    -9999
LOMNICKY   120517 300  002000-002500   00     483.01  728.6    467.33    -0.60    -9999
LOMNICKY   120517 300  002500-003000   00     486.21  728.6    470.17     0.00    -9999
LOMNICKY   120517 300  003000-003500   00     484.20  728.6    468.35    -0.40    -9999
LOMNICKY   120517 300  003500-004000   00     487.66  728.6    471.53     0.30    -9999
LOMNICKY   120517 300  004000-004500   00     486.59  728.7    471.10     0.20    -9999
LOMNICKY   120517 300  004500-005000   00     487.74  728.4    471.20     0.20    -9999
LOMNICKY   120517 300  005000-005500   00     488.63  728.4    471.89     0.40    -9999
LOMNICKY   120517 300  005500-010000   00     487.94  728.4    471.20     0.20    -9999
LOMNICKY   120517 300  010000-010500   00     485.78  728.4    469.16    -0.20    -9999
LOMNICKY   120517 300  010500-011000   00     488.76  728.5    472.47     0.50    -9999
LOMNICKY   120517 300  011000-011500   00     482.40  728.5    466.36    -0.80    -9999
LOMNICKY   120517 300  011500-012000   00     486.65  728.4    470.00     0.00    -9999
LOMNICKY   120517 300  012000-012500   00     491.28  728.3    474.24     0.90    -9999
LOMNICKY   120517 300  012500-013000   00     484.56  728.3    467.77    -0.50    -9999
LOMNICKY   120517 300  013000-013500   00     484.85  728.3    468.10    -0.40    -9999
LOMNICKY   120517 300  013500-014000   00     485.44  728.2    468.29    -0.40    -9999
LOMNICKY   120517 300  014000-014500   00     486.18  728.2    468.98    -0.20    -9999
LOMNICKY   120517 300  014500-015000   00     483.24  728.3    466.27    -0.80    -9999
LOMNICKY   120517 300  015000-015500   00     485.87  728.3    469.00    -0.20    -9999
LOMNICKY   120517 300  015500-020000   00     486.16  728.1    468.39    -0.40    -9999
LOMNICKY   120517 300  020000-020500   00     487.27  728.1    469.66    -0.10    -9999
LOMNICKY   120517 300  020500-021000   00     487.73  728.2    470.34     0.00    -9999
LOMNICKY   120517 300  021000-021500   00     488.01  728.2    470.65     0.10    -9999
LOMNICKY   120517 300  021500-022000   00     487.73  728.2    470.42     0.10    -9999
LOMNICKY   120517 300  022000-022500   00     486.05  728.0    468.16    -0.40    -9999
LOMNICKY   120517 300  022500-023000   00     487.50  728.0    469.33    -0.20    -9999
LOMNICKY   120517 300  023000-023500   00     487.04  728.1    469.31    -0.20    -9999
LOMNICKY   120517 300  023500-024000   00     486.19  728.1    468.53    -0.30    -9999
LOMNICKY   120517 300  024000-024500   00     486.62  728.1    469.15    -0.20    -9999
LOMNICKY   120517 300  024500-025000   00     486.37  728.1    468.81    -0.30    -9999
LOMNICKY   120517 300  025000-025500   00     483.77  727.9    465.66    -1.00    -9999
LOMNICKY   120517 300  025500-030000   00     487.51  728.1    469.77    -0.10    -9999
LOMNICKY   120517 300  030000-030500   00     487.87  728.0    470.02     0.00    -9999
LOMNICKY   120517 300  030500-031000   00     488.68  728.3    471.70     0.30    -9999
LOMNICKY   120517 300  031000-031500   00     484.79  728.1    467.28    -0.60    -9999
LOMNICKY   120517 300  031500-032000   00     485.89  728.2    468.74    -0.30    -9999
LOMNICKY   120517 300  032000-032500   00     484.67  728.2    467.29    -0.60    -9999
LOMNICKY   120517 300  032500-033000   00     481.74  728.2    464.76    -1.10    -9999
LOMNICKY   120517 300  033000-033500   00     488.27  728.2    471.01     0.20    -9999
LOMNICKY   120517 300  033500-034000   00     483.36  728.1    465.99    -0.90    -9999
LOMNICKY   120517 300  034000-034500   00     489.01  728.2    471.53     0.30    -9999
LOMNICKY   120517 300  034500-035000   00     485.51  728.0    467.66    -0.50    -9999
LOMNICKY   120517 300  035000-035500   00     483.67  728.1    466.20    -0.80    -9999
LOMNICKY   120517 300  035500-040000   00     485.07  728.1    467.43    -0.60    -9999
LOMNICKY   120517 300  040000-040500   00     486.65  728.0    468.79    -0.30    -9999
LOMNICKY   120517 300  040500-041000   00     482.08  728.1    464.47    -1.20    -9999
LOMNICKY   120517 300  041000-041500   00     485.04  728.1    467.57    -0.50    -9999
LOMNICKY   120517 300  041500-042000   00     483.07  728.4    466.40    -0.80    -9999
LOMNICKY   120517 300  042000-042500   00     482.43  728.4    466.06    -0.90    -9999
LOMNICKY   120517 300  042500-043000   00     484.53  728.4    468.13    -0.40    -9999
LOMNICKY   120517 300  043000-043500   00     484.37  728.6    468.33    -0.40    -9999
LOMNICKY   120517 300  043500-044000   00     484.75  728.2    467.68    -0.50    -9999
LOMNICKY   120517 300  044000-044500   00     484.54  728.3    467.72    -0.50    -9999
LOMNICKY   120517 300  044500-045000   00     490.03  728.4    473.17     0.60    -9999
LOMNICKY   120517 300  045000-045500   00     484.26  728.6    468.24    -0.40    -9999
LOMNICKY   120517 300  045500-050000   00     480.49  728.6    464.84    -1.10    -9999
LOMNICKY   120517 300  050000-050500   00     483.97  728.6    468.00    -0.50    -9999
LOMNICKY   120517 300  050500-051000   00     481.57  728.7    466.04    -0.90    -9999
LOMNICKY   120517 300  051000-051500   00     481.93  728.8    466.64    -0.70    -9999
LOMNICKY   120517 300  051500-052000   00     484.51  728.6    468.62    -0.30    -9999
LOMNICKY   120517 300  052000-052500   00     486.89  728.4    470.37     0.00    -9999
LOMNICKY   120517 300  052500-053000   00     481.66  728.9    466.98    -0.70    -9999
LOMNICKY   120517 300  053000-053500   00     483.71  728.7    468.08    -0.40    -9999
LOMNICKY   120517 300  053500-054000   00     483.14  728.8    467.99    -0.50    -9999
LOMNICKY   120517 300  054000-054500   00     484.21  728.9    469.33    -0.20    -9999
LOMNICKY   120517 300  054500-055000   00     486.93  728.7    471.16     0.20    -9999
LOMNICKY   120517 300  055000-055500   00     483.24  728.9    468.28    -0.40    -9999
LOMNICKY   120517 300  055500-060000   00     483.80  728.8    468.77    -0.30    -9999
LOMNICKY   120517 300  060000-060500   00     484.09  728.8    468.91    -0.30    -9999
LOMNICKY   120517 300  060500-061000   00     481.66  728.7    466.29    -0.80    -9999
LOMNICKY   120517 300  061000-061500   00     484.84  728.7    469.38    -0.20    -9999
LOMNICKY   120517 300  061500-062000   00     480.77  728.7    465.43    -1.00    -9999
LOMNICKY   120517 300  062000-062500   00     487.13  729.0    472.33     0.50    -9999
LOMNICKY   120517 300  062500-063000   00     488.20  728.7    472.44     0.50    -9999
LOMNICKY   120517 300  063000-063500   00     481.75  729.0    467.37    -0.60    -9999
LOMNICKY   120517 300  063500-064000   00     484.89  729.0    470.43     0.10    -9999
LOMNICKY   120517 300  064000-064500   00     483.16  729.1    468.88    -0.30    -9999
LOMNICKY   120517 300  064500-065000   00     480.65  729.1    466.43    -0.80    -9999
LOMNICKY   120517 300  065000-065500   00     486.22  729.1    471.83     0.40    -9999
LOMNICKY   120517 300  065500-070000   00     484.58  729.2    470.69     0.10    -9999
LOMNICKY   120517 300  070000-070500   00     481.34  729.3    467.82    -0.50    -9999
LOMNICKY   120517 300  070500-071000   00     484.96  729.0    470.52     0.10    -9999
LOMNICKY   120517 300  071000-071500   00     481.52  729.1    467.23    -0.60    -9999
LOMNICKY   120517 300  071500-072000   00     484.70  729.4    471.66     0.30    -9999
LOMNICKY   120517 300  072000-072500   00     483.99  729.4    470.75     0.10    -9999
LOMNICKY   120517 300  072500-073000   00     485.14  729.4    472.02     0.40    -9999
LOMNICKY   120517 300  073000-073500   00     484.87  729.5    472.04     0.40    -9999
LOMNICKY   120517 300  073500-074000   00     487.57  729.4    474.25     0.90    -9999
LOMNICKY   120517 300  074000-074500   00     484.59  729.4    471.39     0.30    -9999
LOMNICKY   120517 300  074500-075000   00     483.35  729.5    470.51     0.10    -9999
LOMNICKY   120517 300  075000-075500   00     482.92  729.6    470.55     0.10    -9999
LOMNICKY   120517 300  075500-080000   00     481.77  729.6    469.29    -0.20    -9999
LOMNICKY   120517 300  080000-080500   00     483.40  729.7    471.22     0.20    -9999
LOMNICKY   120517 300  080500-081000   00     483.24  729.9    471.77     0.30    -9999
LOMNICKY   120517 300  081000-081500   00     484.78  730.0    473.54     0.70    -9999
LOMNICKY   120517 300  081500-082000   00     484.81  730.2    474.13     0.80    -9999
LOMNICKY   120517 300  082000-082500   00     485.96  730.3    475.62     1.20    -9999
LOMNICKY   120517 300  082500-083000   00     483.13  730.4    473.27     0.70    -9999
LOMNICKY   120517 300  083000-083500   00     485.75  730.4    475.89     1.20    -9999
LOMNICKY   120517 300  083500-084000   00     482.38  730.4    472.70     0.50    -9999
LOMNICKY   120517 300  084000-084500   00     488.25  730.5    478.59     1.80    -9999
LOMNICKY   120517 300  084500-085000   00     486.95  730.5    477.39     1.50    -9999
LOMNICKY   120517 300  085000-085500   00     483.05  730.6    473.81     0.80    -9999
LOMNICKY   120517 300  085500-090000   00     482.81  730.7    474.06     0.80    -9999
LOMNICKY   120517 300  090000-090500   00     482.37  730.8    474.06     0.80    -9999
LOMNICKY   120517 300  090500-091000   00     481.34  731.0    473.63     0.70    -9999
LOMNICKY   120517 300  091000-091500   00     485.99  731.1    478.46     1.80    -9999
LOMNICKY   120517 300  091500-092000   00     486.78  731.1    479.24     1.90    -9999
LOMNICKY   120517 300  092000-092500   00     481.52  731.1    474.07     0.80    -9999
LOMNICKY   120517 300  092500-093000   00     485.99  731.2    478.89     1.90    -9999
LOMNICKY   120517 300  093000-093500   00     483.77  731.1    476.22     1.30    -9999
LOMNICKY   120517 300  093500-094000   00     483.25  731.1    475.76     1.20    -9999
LOMNICKY   120517 300  094000-094500   00     481.98  731.1    474.52     0.90    -9999
LOMNICKY   120517 300  094500-095000   00     483.87  731.3    477.00     1.50    -9999
LOMNICKY   120517 300  095000-095500   00     480.49  731.4    474.27     0.90    -9999
LOMNICKY   120517 300  095500-100000   00     483.95  731.8    478.79     1.80    -9999
LOMNICKY   120517 300  100000-100500   00     481.39  731.7    475.98     1.20    -9999
LOMNICKY   120517 300  100500-101000   00     482.82  731.6    476.96     1.40    -9999
LOMNICKY   120517 300  101000-101500   00     486.74  731.4    480.38     2.20    -9999
LOMNICKY   120517 300  101500-102000   00     481.56  731.7    476.10     1.30    -9999
LOMNICKY   120517 300  102000-102500   00     479.21  731.6    473.46     0.70    -9999
LOMNICKY   120517 300  102500-103000   00     480.72  731.5    474.77     1.00    -9999
LOMNICKY   120517 300  103000-103500   00     480.30  731.8    475.34     1.10    -9999
LOMNICKY   120517 300  103500-104000   00     485.27  731.8    480.27     2.20    -9999
LOMNICKY   120517 300  104000-104500   00     479.34  731.8    474.41     0.90    -9999
LOMNICKY   120517 300  104500-105000   00     484.72  731.8    479.77     2.00    -9999
LOMNICKY   120517 300  105000-105500   00     481.28  731.8    476.12     1.30    -9999
LOMNICKY   120517 300  105500-110000   00     482.65  732.0    478.27     1.70    -9999
LOMNICKY   120517 300  110000-110500   00     480.85  732.2    477.20     1.50    -9999
LOMNICKY   120517 300  110500-111000   00     478.76  732.2    475.04     1.00    -9999
LOMNICKY   120517 300  111000-111500   00     482.53  732.3    479.05     1.90    -9999
LOMNICKY   120517 300  111500-112000   00     478.43  732.3    475.24     1.10    -9999
LOMNICKY   120517 300  112000-112500   00     479.10  732.4    476.06     1.30    -9999
LOMNICKY   120517 300  112500-113000   00     478.13  732.5    475.52     1.10    -9999
LOMNICKY   120517 300  113000-113500   00     483.70  732.3    480.45     2.20    -9999
LOMNICKY   120517 300  113500-114000   00     481.62  732.4    478.51     1.80    -9999
LOMNICKY   120517 300  114000-114500   00     479.98  732.5    477.27     1.50    -9999
LOMNICKY   120517 300  114500-115000   00     483.36  732.5    480.79     2.30    -9999
LOMNICKY   120517 300  115000-115500   00     481.71  732.4    478.79     1.80    -9999
LOMNICKY   120517 300  115500-120000   00     475.42  732.4    472.48     0.50    -9999
LOMNICKY   120517 300  120000-120500   00     474.91  732.6    472.56     0.50    -9999
LOMNICKY   120517 300  120500-121000   00     479.14  732.5    476.53     1.40    -9999
LOMNICKY   120517 300  121000-121500   00     479.16  732.6    476.97     1.50    -9999
LOMNICKY   120517 300  121500-122000   00     481.49  732.7    479.47     2.00    -9999
LOMNICKY   120517 300  122000-122500   00     475.68  732.6    473.48     0.70    -9999
LOMNICKY   120517 300  122500-123000   00     477.00  732.6    474.76     1.00    -9999
LOMNICKY   120517 300  123000-123500   00     477.54  732.6    475.39     1.10    -9999
LOMNICKY   120517 300  123500-124000   00     474.23  732.7    472.37     0.50    -9999
LOMNICKY   120517 300  124000-124500   00     474.75  732.8    473.13     0.60    -9999
LOMNICKY   120517 300  124500-125000   00     477.10  732.8    475.57     1.20    -9999
LOMNICKY   120517 300  125000-125500   00     479.26  732.7    477.41     1.50    -9999
LOMNICKY   120517 300  125500-130000   00     479.85  732.8    478.16     1.70    -9999
LOMNICKY   120517 300  130000-130500   00     476.40  732.8    474.87     1.00    -9999
LOMNICKY   120517 300  130500-131000   00     475.78  732.8    474.33     0.90    -9999
LOMNICKY   120517 300  131000-131500   00     477.40  732.7    475.60     1.20    -9999
LOMNICKY   120517 300  131500-132000   00     477.27  732.7    475.38     1.10    -9999
LOMNICKY   120517 300  132000-132500   00     472.61  732.8    471.11     0.20    -9999
LOMNICKY   120517 300  132500-133000   00     473.37  733.0    472.61     0.50    -9999
LOMNICKY   120517 300  133000-133500   00     477.87  733.0    477.09     1.50    -9999
LOMNICKY   120517 300  133500-134000   00     474.94  733.1    474.24     0.90    -9999
LOMNICKY   120517 300  134000-134500   00     475.97  733.0    475.20     1.10    -9999
LOMNICKY   120517 300  134500-135000   00     477.46  733.1    476.99     1.50    -9999
LOMNICKY   120517 300  135000-135500   00     474.21  733.3    474.19     0.90    -9999
LOMNICKY   120517 300  135500-140000   00     476.20  733.2    476.14     1.30    -9999
LOMNICKY   120517 300  140000-140500   00     472.54  733.3    472.57     0.50    -9999
LOMNICKY   120517 300  140500-141000   00     472.55  733.3    472.71     0.50    -9999
LOMNICKY   120517 300  141000-141500   00     472.08  733.3    472.35     0.50    -9999
LOMNICKY   120517 300  141500-142000   00     476.18  733.4    476.61     1.40    -9999
LOMNICKY   120517 300  142000-142500   00     470.34  733.4    470.85     0.10    -9999
LOMNICKY   120517 300  142500-143000   00     473.95  733.5    474.57     0.90    -9999
LOMNICKY   120517 300  143000-143500   00     473.81  733.5    474.57     0.90    -9999
LOMNICKY   120517 300  143500-144000   00     476.46  733.5    477.13     1.50    -9999
LOMNICKY   120517 300  144000-144500   00     471.32  733.5    472.14     0.40    -9999
LOMNICKY   120517 300  144500-145000   00     468.78  733.5    469.49    -0.10    -9999
LOMNICKY   120517 300  145000-145500   00     468.17  733.5    468.86    -0.30    -9999
LOMNICKY   120517 300  145500-150000   00     468.75  733.5    469.68    -0.10    -9999
LOMNICKY   120517 300  150000-150500   00     470.31  733.6    471.28     0.20    -9999
LOMNICKY   120517 300  150500-151000   00     467.50  733.5    468.25    -0.40    -9999
LOMNICKY   120517 300  151000-151500   00     471.05  733.5    471.87     0.40    -9999
LOMNICKY   120517 300  151500-152000   00     471.09  733.5    471.74     0.30    -9999
LOMNICKY   120517 300  152000-152500   00     471.30  733.5    472.03     0.40    -9999
LOMNICKY   120517 300  152500-153000   00     469.76  733.5    470.43     0.10    -9999
LOMNICKY   120517 300  153000-153500   00     471.26  733.5    472.13     0.40    -9999
LOMNICKY   120517 300  153500-154000   00     468.88  733.5    469.48    -0.10    -9999
LOMNICKY   120517 300  154000-154500   00     472.49  733.5    473.26     0.70    -9999
LOMNICKY   120517 300  154500-155000   00     469.78  733.5    470.51     0.10    -9999
LOMNICKY   120517 300  155000-155500   00     472.76  733.5    473.68     0.80    -9999
LOMNICKY   120517 300  155500-160000   00     469.06  733.6    470.03     0.00    -9999
LOMNICKY   120517 300  160000-160500   00     470.49  733.6    471.53     0.30    -9999
LOMNICKY   120517 300  160500-161000   00     472.12  733.6    473.27     0.70    -9999
LOMNICKY   120517 300  161000-161500   00     470.70  733.5    471.47     0.30    -9999
LOMNICKY   120517 300  161500-162000   00     471.67  733.6    472.62     0.50    -9999
LOMNICKY   120517 300  162000-162500   00     469.16  733.5    470.03     0.00    -9999
LOMNICKY   120517 300  162500-163000   00     473.59  733.5    474.53     0.90    -9999
LOMNICKY   120517 300  163000-163500   00     472.96  733.5    473.86     0.80    -9999
LOMNICKY   120517 300  163500-164000   00     471.53  733.5    472.31     0.50    -9999
LOMNICKY   120517 300  164000-164500   00     473.51  733.5    474.22     0.90    -9999
LOMNICKY   120517 300  164500-165000   00     469.56  733.5    470.35     0.00    -9999
LOMNICKY   120517 300  165000-165500   00     471.70  733.5    472.59     0.50    -9999
LOMNICKY   120517 300  165500-170000   00     470.75  733.6    471.83     0.40    -9999
LOMNICKY   120517 300  170000-170500   00     471.98  733.6    473.25     0.70    -9999
LOMNICKY   120517 300  170500-171000   00     470.66  733.7    471.94     0.40    -9999
LOMNICKY   120517 300  171000-171500   00     470.05  733.7    471.48     0.30    -9999
LOMNICKY   120517 300  171500-172000   00     472.49  733.7    473.93     0.80    -9999
LOMNICKY   120517 300  172000-172500   00     468.23  733.7    469.81    -0.10    -9999
LOMNICKY   120517 300  172500-173000   00     469.86  733.8    471.56     0.30    -9999
LOMNICKY   120517 300  173000-173500   00     468.82  733.8    470.66     0.10    -9999
LOMNICKY   120517 300  173500-174000   00     473.96  733.9    475.95     1.20    -9999
LOMNICKY   120517 300  174000-174500   00     471.24  733.9    473.42     0.70    -9999
LOMNICKY   120517 300  174500-175000   00     471.40  733.9    473.61     0.70    -9999
LOMNICKY   120517 300  175000-175500   00     469.52  733.9    471.77     0.30    -9999
LOMNICKY   120517 300  175500-180000   00     465.21  734.0    467.54    -0.60    -9999
LOMNICKY   120517 300  180000-180500   00     472.53  734.0    475.03     1.00    -9999
LOMNICKY   120517 300  180500-181000   00     467.96  734.0    470.46     0.10    -9999
LOMNICKY   120517 300  181000-181500   00     469.44  734.0    471.98     0.40    -9999
LOMNICKY   120517 300  181500-182000   00     471.15  734.0    473.69     0.80    -9999
LOMNICKY   120517 300  182000-182500   00     471.34  734.0    473.84     0.80    -9999
LOMNICKY   120517 300  182500-183000   00     470.52  734.0    473.14     0.60    -9999
LOMNICKY   120517 300  183000-183500   00     471.07  734.1    473.99     0.80    -9999
LOMNICKY   120517 300  183500-184000   00     470.75  734.1    473.68     0.80    -9999
LOMNICKY   120517 300  184000-184500   00     469.36  734.2    472.50     0.50    -9999
LOMNICKY   120517 300  184500-185000   00     467.14  734.2    470.40     0.10    -9999
LOMNICKY   120517 300  185000-185500   00     469.07  734.3    472.51     0.50    -9999
LOMNICKY   120517 300  185500-190000   00     468.19  734.3    471.56     0.30    -9999
LOMNICKY   120517 300  190000-190500   00     469.10  734.3    472.50     0.50    -9999
LOMNICKY   120517 300  190500-191000   00     471.59  734.4    475.26     1.10    -9999
LOMNICKY   120517 300  191000-191500   00     469.59  734.4    473.31     0.70    -9999
LOMNICKY   120517 300  191500-192000   00     464.06  734.4    467.84    -0.50    -9999
LOMNICKY   120517 300  192000-192500   00     466.34  734.4    469.96     0.00    -9999
LOMNICKY   120517 300  192500-193000   00     467.03  734.4    470.65     0.10    -9999
LOMNICKY   120517 300  193000-193500   00     466.82  734.4    470.50     0.10    -9999
LOMNICKY   120517 300  193500-194000   00     464.42  734.4    468.14    -0.40    -9999
LOMNICKY   120517 300  194000-194500   00     459.89  734.4    463.71    -1.40    -9999
LOMNICKY   120517 300  194500-195000   00     462.86  734.5    466.81    -0.70    -9999
LOMNICKY   120517 300  195000-195500   00     467.27  734.5    471.34     0.30    -9999
LOMNICKY   120517 300  195500-200000   00     467.10  734.5    471.08     0.20    -9999
LOMNICKY   120517 300  200000-200500   00     463.12  734.5    467.13    -0.60    -9999
LOMNICKY   120517 300  200500-201000   00     466.16  734.5    470.19     0.00    -9999
LOMNICKY   120517 300  201000-201500   00     467.62  734.5    471.70     0.30    -9999
LOMNICKY   120517 300  201500-202000   00     467.22  734.5    471.26     0.20    -9999
LOMNICKY   120517 300  202000-202500   00     462.24  734.5    466.31    -0.80    -9999
LOMNICKY   120517 300  202500-203000   00     464.25  734.5    468.36    -0.40    -9999
LOMNICKY   120517 300  203000-203500   00     465.83  734.5    470.05     0.00    -9999
LOMNICKY   120517 300  203500-204000   00     466.21  734.5    470.42     0.10    -9999
LOMNICKY   120517 300  204000-204500   00     462.40  734.5    466.60    -0.80    -9999
LOMNICKY   120517 300  204500-205000   00     464.83  734.6    469.10    -0.20    -9999
LOMNICKY   120517 300  205000-205500   00     460.56  734.6    464.82    -1.10    -9999
LOMNICKY   120517 300  205500-210000   00     464.31  734.5    468.55    -0.30    -9999
LOMNICKY   120517 300  210000-210500   00     464.61  734.6    468.89    -0.30    -9999
LOMNICKY   120517 300  210500-211000   00     463.07  734.6    467.42    -0.60    -9999
LOMNICKY   120517 300  211000-211500   00     463.36  734.6    467.71    -0.50    -9999
LOMNICKY   120517 300  211500-212000   00     461.88  734.6    466.25    -0.80    -9999
LOMNICKY   120517 300  212000-212500   00     464.91  734.6    469.19    -0.20    -9999
LOMNICKY   120517 300  212500-213000   00     465.74  734.5    469.99     0.00    -9999
LOMNICKY   120517 300  213000-213500   00     462.39  734.5    466.61    -0.80    -9999
LOMNICKY   120517 300  213500-214000   00     463.96  734.5    468.18    -0.40    -9999
LOMNICKY   120517 300  214000-214500   00     462.28  734.5    466.50    -0.80    -9999
LOMNICKY   120517 300  214500-215000   00     463.71  734.6    468.00    -0.50    -9999
LOMNICKY   120517 300  215000-215500   00     463.07  734.6    467.43    -0.60    -9999
LOMNICKY   120517 300  215500-220000   00     463.99  734.6    468.32    -0.40    -9999
LOMNICKY   120517 300  220000-220500   00     460.84  734.6    465.38    -1.00    -9999
LOMNICKY   120517 300  220500-221000   00     464.96  734.6    469.41    -0.20    -9999
LOMNICKY   120517 300  221000-221500   00     461.98  734.6    466.46    -0.80    -9999
LOMNICKY   120517 300  221500-222000   00     461.17  734.7    465.88    -0.90    -9999
LOMNICKY   120517 300  222000-222500   00     462.21  734.7    466.85    -0.70    -9999
LOMNICKY   120517 300  222500-223000   00     461.36  734.7    466.08    -0.90    -9999
LOMNICKY   120517 300  223000-223500   00     461.69  734.7    466.48    -0.80    -9999
LOMNICKY   120517 300  223500-224000   00     463.61  734.7    468.44    -0.40    -9999
LOMNICKY   120517 300  224000-224500   00     461.36  734.7    466.13    -0.90    -9999
LOMNICKY   120517 300  224500-225000   00     466.08  734.7    470.93     0.20    -9999
LOMNICKY   120517 300  225000-225500   00     460.84  734.8    465.77    -0.90    -9999
LOMNICKY   120517 300  225500-230000   00     463.50  734.8    468.54    -0.30    -9999
LOMNICKY   120517 300  230000-230500   00     464.59  734.8    469.73    -0.10    -9999
LOMNICKY   120517 300  230500-231000   00     460.71  734.9    465.93    -0.90    -9999
LOMNICKY   120517 300  231000-231500   00     464.32  734.8    469.57    -0.10    -9999
LOMNICKY   120517 300  231500-232000   00     460.77  734.8    465.94    -0.90    -9999
LOMNICKY   120517 300  232000-232500   00     460.82  734.8    466.00    -0.90    -9999
LOMNICKY   120517 300  232500-233000   00     464.15  734.8    469.36    -0.20    -9999
LOMNICKY   120517 300  233000-233500   00     464.27  734.9    469.56    -0.10    -9999
LOMNICKY   120517 300  233500-234000   00     468.50  734.9    473.92     0.80    -9999
LOMNICKY   120517 300  234000-234500   00     465.61  734.9    471.09     0.20    -9999
LOMNICKY   120517 300  234500-235000   00     466.87  734.9    472.42     0.50    -9999
LOMNICKY   120517 300  235000-235500   00     460.51  734.9    466.04    -0.90    -9999
LOMNICKY   120517 300  235500-240000   00     463.86  734.9    469.43    -0.20    -9999
LOMNICKY   120518 3600 000000-010000   00     465.13  735.0    470.76     0.10    -9999
LOMNICKY   120518 3600 010000-020000   00     465.13  734.9    470.71     0.10    -9999
LOMNICKY   120518 3600 020000-030000   00     461.90  734.8    467.14    -0.60    -9999
LOMNICKY   120518 3600 030000-040000   00     459.98  735.0    465.67    -1.00    -9999
LOMNICKY   120518 3600 040000-050000   00     458.82  735.3    465.41    -1.00    -9999
LOMNICKY   120518 3600 050000-060000   00     457.81  735.7    465.96    -0.90    -9999
LOMNICKY   120518 3600 060000-070000   00     457.70  736.1    467.15    -0.60    -9999
LOMNICKY   120518 3600 070000-080000   00     455.80  736.5    466.36    -0.80    -9999
LOMNICKY   120518 3600 080000-090000   00     458.43  736.7    469.88    -0.10    -9999
LOMNICKY   120518 3600 090000-100000   00     459.47  736.9    471.66     0.30    -9999
LOMNICKY   120518 3600 100000-110000   00     459.17  737.2    472.17     0.40    -9999
LOMNICKY   120518 3600 110000-120000   00     458.53  737.4    472.21     0.40    -9999
LOMNICKY   120518 3600 120000-130000   00     454.77  737.6    469.11    -0.20    -9999
LOMNICKY   120518 3600 130000-140000   00     450.38  737.8    465.18    -1.10    -9999
LOMNICKY   120518 3600 140000-150000   00     452.88  737.9    468.21    -0.40    -9999
LOMNICKY   120518 3600 150000-160000   00     450.84  738.0    466.24    -0.80    -9999
LOMNICKY   120518 3600 160000-170000   00     453.11  738.0    468.72    -0.30    -9999
LOMNICKY   120518 3600 170000-180000   00     453.40  738.3    470.08     0.00    -9999
LOMNICKY   120518 3600 180000-190000   00     451.55  738.7    469.39    -0.20    -9999
LOMNICKY   120518 3600 190000-200000   00     449.40  739.0    468.01    -0.50    -9999
LOMNICKY   120518 3600 200000-210000   00     449.31  739.1    468.49    -0.40    -9999
LOMNICKY   120518 3600 210000-220000   00     447.77  739.3    467.53    -0.60    -9999
LOMNICKY   120518 3600 220000-230000   00     447.95  739.3    467.82    -0.50    -9999
LOMNICKY   120518 3600 230000-240000   00     446.90  739.2    466.37    -0.80    -9999
*
COMMENT UNIVERISTY OF OULU: FILE GENERATED FROM DATABASE AND OBTAINED FROM
COMMENT https://gle.oulu.fi at 2024-01-15 17:24:22 +00:00
COMMENT FOR HISTORICAL/ORIGINAL TEXT FILES SEE https://gle.oulu.fi/txtarchive/
COMMENT ORIGINAL AT https://gle.oulu.fi/txtarchive/GLE71/C071LMKS.DAT
COMMENT DETRENDED DATA SHOW -9999 IF EQUAL TO INC% COLUMN 