TERREADELI LATITUDE    -66.65    LONGITUDE     140       ALTITUDE    32 M
TERREADELI INSTRUMENT   9-NM-64  NEUTRON MONITOR	
TERREADELI STANDARD PRESSURE    987     mb     COEFFICIENT   -0.7425   % / mb
TERREADELI PRE-INCREASE BASELINE TIME INTERVAL    120516    230000-010000   UT
TERREADELI PRE-INCREASE AVERAGE COUNTING RATE    116.32      COUNTS PER SECOND
TERREADELI TIME INTERVALS    300         3600     
TERREADELI SCALE FACTORS     1           1        
STATION    YYMMDD  SEC   TIME (UT)   CODE    UNCORR. PRESS.    CORR.    % INC.	DETRENDED
                         INTERVAL    TD      C/S     (mb)      C/S
TERREADELI 120516 3600 000000-010000   00     110.96  992.2    115.69    -0.50    -9999
TERREADELI 120516 3600 010000-020000   00     111.44  991.7    115.77    -0.50    -9999
TERREADELI 120516 3600 020000-030000   00     112.27  991.0    116.05    -0.20    -9999
TERREADELI 120516 3600 030000-040000   00     112.86  990.6    116.26    -0.10    -9999
TERREADELI 120516 3600 040000-050000   00     112.82  990.2    115.89    -0.40    -9999
TERREADELI 120516 3600 050000-060000   00     113.65  989.9    116.53     0.20    -9999
TERREADELI 120516 3600 060000-070000   00     113.13  990.0    116.03    -0.20    -9999
TERREADELI 120516 3600 070000-080000   00     112.85  990.0    115.73    -0.50    -9999
TERREADELI 120516 3600 080000-090000   00     113.52  989.9    116.35     0.00    -9999
TERREADELI 120516 3600 090000-100000   00     113.42  990.0    116.31     0.00    -9999
TERREADELI 120516 3600 100000-110000   00     112.98  990.0    115.88    -0.40    -9999
TERREADELI 120516 3600 110000-120000   00     112.84  990.0    115.76    -0.50    -9999
TERREADELI 120516 3600 120000-130000   00     113.04  990.0    115.97    -0.30    -9999
TERREADELI 120516 3600 130000-140000   00     113.07  990.2    116.15    -0.10    -9999
TERREADELI 120516 3600 140000-150000   00     113.01  990.1    115.97    -0.30    -9999
TERREADELI 120516 3600 150000-160000   00     113.01  989.9    115.83    -0.40    -9999
TERREADELI 120516 3600 160000-170000   00     113.26  989.9    116.05    -0.20    -9999
TERREADELI 120516 3600 170000-180000   00     113.33  989.7    115.95    -0.30    -9999
TERREADELI 120516 3600 180000-190000   00     113.52  989.6    116.08    -0.20    -9999
TERREADELI 120516 3600 190000-200000   00     114.05  989.7    116.76     0.40    -9999
TERREADELI 120516 3600 200000-210000   00     113.69  989.7    116.36     0.00    -9999
TERREADELI 120516 300  210000-210500   00     113.73  989.8    116.44     0.10    -9999
TERREADELI 120516 300  210500-211000   00     114.07  989.6    116.65     0.30    -9999
TERREADELI 120516 300  211000-211500   00     114.53  989.5    117.08     0.70    -9999
TERREADELI 120516 300  211500-212000   00     113.93  989.6    116.53     0.20    -9999
TERREADELI 120516 300  212000-212500   00     114.60  989.7    117.26     0.80    -9999
TERREADELI 120516 300  212500-213000   00     113.73  989.5    116.19    -0.10    -9999
TERREADELI 120516 300  213000-213500   00     114.40  989.5    116.90     0.50    -9999
TERREADELI 120516 300  213500-214000   00     114.20  989.5    116.74     0.40    -9999
TERREADELI 120516 300  214000-214500   00     115.87  989.5    118.42     1.80    -9999
TERREADELI 120516 300  214500-215000   00     114.33  989.5    116.85     0.50    -9999
TERREADELI 120516 300  215000-215500   00     114.33  989.5    116.83     0.40    -9999
TERREADELI 120516 300  215500-220000   00     113.53  989.5    115.99    -0.30    -9999
TERREADELI 120516 300  220000-220500   00     113.40  989.4    115.83    -0.40    -9999
TERREADELI 120516 300  220500-221000   00     114.40  989.5    116.87     0.50    -9999
TERREADELI 120516 300  221000-221500   00     115.40  989.6    118.01     1.50    -9999
TERREADELI 120516 300  221500-222000   00     113.60  989.6    116.17    -0.10    -9999
TERREADELI 120516 300  222000-222500   00     112.87  989.5    115.38    -0.80    -9999
TERREADELI 120516 300  222500-223000   00     114.13  989.5    116.65     0.30    -9999
TERREADELI 120516 300  223000-223500   00     114.87  989.7    117.53     1.00    -9999
TERREADELI 120516 300  223500-224000   00     114.07  989.8    116.81     0.40    -9999
TERREADELI 120516 300  224000-224500   00     114.07  989.6    116.65     0.30    -9999
TERREADELI 120516 300  224500-225000   00     114.60  989.6    117.19     0.70    -9999
TERREADELI 120516 300  225000-225500   00     113.73  989.6    116.33     0.00    -9999
TERREADELI 120516 300  225500-230000   00     114.67  989.4    117.12     0.70    -9999
TERREADELI 120516 300  230000-230500   00     114.73  989.3    117.05     0.60    -9999
TERREADELI 120516 300  230500-231000   00     114.67  989.1    116.87     0.50    -9999
TERREADELI 120516 300  231000-231500   00     116.00  989.2    118.30     1.70    -9999
TERREADELI 120516 300  231500-232000   00     113.53  989.2    115.76    -0.50    -9999
TERREADELI 120516 300  232000-232500   00     113.73  989.1    115.89    -0.40    -9999
TERREADELI 120516 300  232500-233000   00     114.07  989.1    116.25    -0.10    -9999
TERREADELI 120516 300  233000-233500   00     112.47  989.2    114.67    -1.40    -9999
TERREADELI 120516 300  233500-234000   00     115.13  989.2    117.39     0.90    -9999
TERREADELI 120516 300  234000-234500   00     117.27  989.0    119.40     2.60    -9999
TERREADELI 120516 300  234500-235000   00     112.87  989.0    114.94    -1.20    -9999
TERREADELI 120516 300  235000-235500   00     115.00  988.8    116.93     0.50    -9999
TERREADELI 120516 300  235500-240000   00     113.73  989.1    115.85    -0.40    -9999
TERREADELI 120517 300  000000-000500   00     113.40  989.1    115.58    -0.60    -9999
TERREADELI 120517 300  000500-001000   00     114.60  989.0    116.66     0.30    -9999
TERREADELI 120517 300  001000-001500   00     114.33  988.8    116.23    -0.10    -9999
TERREADELI 120517 300  001500-002000   00     114.27  988.6    116.00    -0.30    -9999
TERREADELI 120517 300  002000-002500   00     113.53  988.8    115.44    -0.80    -9999
TERREADELI 120517 300  002500-003000   00     114.40  988.8    116.30     0.00    -9999
TERREADELI 120517 300  003000-003500   00     113.67  988.7    115.44    -0.80    -9999
TERREADELI 120517 300  003500-004000   00     115.07  988.7    116.86     0.50    -9999
TERREADELI 120517 300  004000-004500   00     115.13  988.5    116.81     0.40    -9999
TERREADELI 120517 300  004500-005000   00     114.27  988.6    115.98    -0.30    -9999
TERREADELI 120517 300  005000-005500   00     114.00  988.6    115.68    -0.60    -9999
TERREADELI 120517 300  005500-010000   00     113.60  988.8    115.46    -0.70    -9999
TERREADELI 120517 300  010000-010500   00     113.40  988.7    115.23    -0.90    -9999
TERREADELI 120517 300  010500-011000   00     115.07  988.9    117.04     0.60    -9999
TERREADELI 120517 300  011000-011500   00     116.00  989.1    118.16     1.60    -9999
TERREADELI 120517 300  011500-012000   00     113.53  989.2    115.78    -0.50    -9999
TERREADELI 120517 300  012000-012500   00     114.47  989.3    116.80     0.40    -9999
TERREADELI 120517 300  012500-013000   00     114.40  989.3    116.76     0.40    -9999
TERREADELI 120517 300  013000-013500   00     113.33  989.4    115.69    -0.50    -9999
TERREADELI 120517 300  013500-014000   00     113.40  989.2    115.64    -0.60    -9999
TERREADELI 120517 300  014000-014500   00     114.60  989.1    116.80     0.40    -9999
TERREADELI 120517 300  014500-015000   00     114.13  989.1    116.25    -0.10    -9999
TERREADELI 120517 300  015000-015500   00     114.00  988.9    115.96    -0.30    -9999
TERREADELI 120517 300  015500-020000   00     113.07  988.7    114.83    -1.30    -9999
TERREADELI 120517 300  020000-020500   00     115.53  988.5    117.22     0.80    -9999
TERREADELI 120517 300  020500-021000   00     114.20  988.4    115.75    -0.50    -9999
TERREADELI 120517 300  021000-021500   00     116.00  988.6    117.73     1.20    -9999
TERREADELI 120517 300  021500-022000   00     116.73  988.5    118.41     1.80    -9999
TERREADELI 120517 300  022000-022500   00     115.60  988.5    117.28     0.80    -9999
TERREADELI 120517 300  022500-023000   00     115.67  988.3    117.19     0.70    -9999
TERREADELI 120517 300  023000-023500   00     117.27  988.2    118.72     2.10    -9999
TERREADELI 120517 300  023500-024000   00     117.00  988.0    118.26     1.70    -9999
TERREADELI 120517 300  024000-024500   00     120.27  987.7    121.25     4.20    -9999
TERREADELI 120517 300  024500-025000   00     118.27  987.6    119.16     2.40    -9999
TERREADELI 120517 300  025000-025500   00     120.20  987.7    121.23     4.20    -9999
TERREADELI 120517 300  025500-030000   00     117.27  988.2    118.64     2.00    -9999
TERREADELI 120517 300  030000-030500   00     117.67  988.4    119.26     2.50    -9999
TERREADELI 120517 300  030500-031000   00     118.07  988.6    119.86     3.00    -9999
TERREADELI 120517 300  031000-031500   00     116.73  988.7    118.55     1.90    -9999
TERREADELI 120517 300  031500-032000   00     119.40  988.6    121.21     4.20    -9999
TERREADELI 120517 300  032000-032500   00     117.67  988.7    119.55     2.80    -9999
TERREADELI 120517 300  032500-033000   00     115.67  988.6    117.40     0.90    -9999
TERREADELI 120517 300  033000-033500   00     117.47  988.6    119.27     2.50    -9999
TERREADELI 120517 300  033500-034000   00     119.60  988.7    121.46     4.40    -9999
TERREADELI 120517 300  034000-034500   00     117.33  988.6    119.09     2.40    -9999
TERREADELI 120517 300  034500-035000   00     116.00  988.5    117.69     1.20    -9999
TERREADELI 120517 300  035000-035500   00     115.93  988.5    117.58     1.10    -9999
TERREADELI 120517 300  035500-040000   00     117.40  988.4    119.04     2.30    -9999
TERREADELI 120517 300  040000-040500   00     115.20  988.3    116.65     0.30    -9999
TERREADELI 120517 300  040500-041000   00     117.07  988.2    118.49     1.90    -9999
TERREADELI 120517 300  041000-041500   00     117.80  988.2    119.18     2.50    -9999
TERREADELI 120517 300  041500-042000   00     117.87  988.1    119.18     2.50    -9999
TERREADELI 120517 300  042000-042500   00     116.00  988.2    117.41     0.90    -9999
TERREADELI 120517 300  042500-043000   00     116.47  988.2    117.88     1.30    -9999
TERREADELI 120517 300  043000-043500   00     117.80  988.1    119.14     2.40    -9999
TERREADELI 120517 300  043500-044000   00     117.73  988.2    119.16     2.40    -9999
TERREADELI 120517 300  044000-044500   00     116.73  988.2    118.15     1.60    -9999
TERREADELI 120517 300  044500-045000   00     117.07  988.2    118.47     1.80    -9999
TERREADELI 120517 300  045000-045500   00     118.40  988.1    119.77     3.00    -9999
TERREADELI 120517 300  045500-050000   00     116.20  988.1    117.54     1.00    -9999
TERREADELI 120517 300  050000-050500   00     116.07  988.0    117.34     0.90    -9999
TERREADELI 120517 300  050500-051000   00     117.53  987.9    118.73     2.10    -9999
TERREADELI 120517 300  051000-051500   00     116.33  987.9    117.47     1.00    -9999
TERREADELI 120517 300  051500-052000   00     117.27  987.8    118.34     1.70    -9999
TERREADELI 120517 300  052000-052500   00     117.53  987.7    118.54     1.90    -9999
TERREADELI 120517 300  052500-053000   00     117.60  987.6    118.49     1.90    -9999
TERREADELI 120517 300  053000-053500   00     118.20  987.5    119.05     2.30    -9999
TERREADELI 120517 300  053500-054000   00     116.93  987.6    117.79     1.30    -9999
TERREADELI 120517 300  054000-054500   00     118.60  987.6    119.47     2.70    -9999
TERREADELI 120517 300  054500-055000   00     117.93  987.5    118.73     2.10    -9999
TERREADELI 120517 300  055000-055500   00     117.40  987.5    118.17     1.60    -9999
TERREADELI 120517 300  055500-060000   00     119.53  987.4    120.27     3.40    -9999
TERREADELI 120517 300  060000-060500   00     117.27  987.4    117.97     1.40    -9999
TERREADELI 120517 300  060500-061000   00     117.93  987.3    118.59     2.00    -9999
TERREADELI 120517 300  061000-061500   00     118.13  987.2    118.72     2.10    -9999
TERREADELI 120517 300  061500-062000   00     117.13  987.2    117.67     1.20    -9999
TERREADELI 120517 300  062000-062500   00     117.73  987.2    118.27     1.70    -9999
TERREADELI 120517 300  062500-063000   00     119.20  987.2    119.77     3.00    -9999
TERREADELI 120517 300  063000-063500   00     116.73  987.3    117.33     0.90    -9999
TERREADELI 120517 300  063500-064000   00     118.40  987.2    118.94     2.30    -9999
TERREADELI 120517 300  064000-064500   00     118.33  987.1    118.80     2.10    -9999
TERREADELI 120517 300  064500-065000   00     117.47  987.0    117.86     1.30    -9999
TERREADELI 120517 300  065000-065500   00     117.27  987.2    117.78     1.30    -9999
TERREADELI 120517 300  065500-070000   00     116.67  987.0    117.04     0.60    -9999
TERREADELI 120517 300  070000-070500   00     116.07  986.8    116.30     0.00    -9999
TERREADELI 120517 300  070500-071000   00     116.27  987.0    116.66     0.30    -9999
TERREADELI 120517 300  071000-071500   00     117.80  987.2    118.31     1.70    -9999
TERREADELI 120517 300  071500-072000   00     116.07  987.3    116.67     0.30    -9999
TERREADELI 120517 300  072000-072500   00     117.47  987.4    118.17     1.60    -9999
TERREADELI 120517 300  072500-073000   00     116.60  987.2    117.13     0.70    -9999
TERREADELI 120517 300  073000-073500   00     118.13  987.0    118.53     1.90    -9999
TERREADELI 120517 300  073500-074000   00     115.53  987.2    116.08    -0.20    -9999
TERREADELI 120517 300  074000-074500   00     117.07  987.0    117.46     1.00    -9999
TERREADELI 120517 300  074500-075000   00     118.53  987.0    118.86     2.20    -9999
TERREADELI 120517 300  075000-075500   00     117.20  986.9    117.48     1.00    -9999
TERREADELI 120517 300  075500-080000   00     117.87  987.1    118.33     1.70    -9999
TERREADELI 120517 300  080000-080500   00     117.80  987.0    118.20     1.60    -9999
TERREADELI 120517 300  080500-081000   00     117.73  987.0    118.06     1.50    -9999
TERREADELI 120517 300  081000-081500   00     118.47  986.6    118.49     1.90    -9999
TERREADELI 120517 300  081500-082000   00     118.00  986.7    118.12     1.50    -9999
TERREADELI 120517 300  082000-082500   00     118.00  986.9    118.26     1.70    -9999
TERREADELI 120517 300  082500-083000   00     115.73  986.8    115.89    -0.40    -9999
TERREADELI 120517 300  083000-083500   00     118.53  986.7    118.67     2.00    -9999
TERREADELI 120517 300  083500-084000   00     116.40  986.6    116.45     0.10    -9999
TERREADELI 120517 300  084000-084500   00     115.53  986.6    115.56    -0.70    -9999
TERREADELI 120517 300  084500-085000   00     117.80  986.7    117.92     1.40    -9999
TERREADELI 120517 300  085000-085500   00     117.60  986.7    117.67     1.20    -9999
TERREADELI 120517 300  085500-090000   00     117.07  986.6    117.09     0.70    -9999
TERREADELI 120517 300  090000-090500   00     119.07  986.6    119.09     2.40    -9999
TERREADELI 120517 300  090500-091000   00     117.40  986.4    117.28     0.80    -9999
TERREADELI 120517 300  091000-091500   00     117.53  986.4    117.42     0.90    -9999
TERREADELI 120517 300  091500-092000   00     118.47  986.4    118.35     1.70    -9999
TERREADELI 120517 300  092000-092500   00     116.00  986.6    116.00    -0.30    -9999
TERREADELI 120517 300  092500-093000   00     118.33  986.5    118.24     1.70    -9999
TERREADELI 120517 300  093000-093500   00     119.13  986.4    118.94     2.30    -9999
TERREADELI 120517 300  093500-094000   00     117.33  986.4    117.17     0.70    -9999
TERREADELI 120517 300  094000-094500   00     117.00  986.2    116.70     0.30    -9999
TERREADELI 120517 300  094500-095000   00     118.80  986.1    118.38     1.80    -9999
TERREADELI 120517 300  095000-095500   00     118.33  986.2    117.96     1.40    -9999
TERREADELI 120517 300  095500-100000   00     118.13  986.0    117.64     1.10    -9999
TERREADELI 120517 300  100000-100500   00     117.87  985.9    117.31     0.90    -9999
TERREADELI 120517 300  100500-101000   00     118.53  985.6    117.71     1.20    -9999
TERREADELI 120517 300  101000-101500   00     118.53  985.6    117.71     1.20    -9999
TERREADELI 120517 300  101500-102000   00     117.60  985.7    116.81     0.40    -9999
TERREADELI 120517 300  102000-102500   00     118.00  985.5    117.09     0.70    -9999
TERREADELI 120517 300  102500-103000   00     117.47  985.6    116.66     0.30    -9999
TERREADELI 120517 300  103000-103500   00     120.60  985.5    119.67     2.90    -9999
TERREADELI 120517 300  103500-104000   00     117.13  985.5    116.19    -0.10    -9999
TERREADELI 120517 300  104000-104500   00     119.07  985.5    118.08     1.50    -9999
TERREADELI 120517 300  104500-105000   00     118.47  985.4    117.39     0.90    -9999
TERREADELI 120517 300  105000-105500   00     117.67  985.3    116.53     0.20    -9999
TERREADELI 120517 300  105500-110000   00     120.40  985.2    119.19     2.50    -9999
TERREADELI 120517 300  110000-110500   00     117.20  985.3    116.07    -0.20    -9999
TERREADELI 120517 300  110500-111000   00     119.93  985.2    118.75     2.10    -9999
TERREADELI 120517 300  111000-111500   00     116.27  985.3    115.19    -1.00    -9999
TERREADELI 120517 300  111500-112000   00     116.27  985.3    115.14    -1.00    -9999
TERREADELI 120517 300  112000-112500   00     116.27  985.4    115.23    -0.90    -9999
TERREADELI 120517 300  112500-113000   00     116.20  985.2    115.06    -1.10    -9999
TERREADELI 120517 300  113000-113500   00     115.93  985.3    114.81    -1.30    -9999
TERREADELI 120517 300  113500-114000   00     117.40  985.3    116.27     0.00    -9999
TERREADELI 120517 300  114000-114500   00     116.80  985.2    115.63    -0.60    -9999
TERREADELI 120517 300  114500-115000   00     117.73  985.2    116.55     0.20    -9999
TERREADELI 120517 300  115000-115500   00     116.87  985.2    115.67    -0.60    -9999
TERREADELI 120517 300  115500-120000   00     117.60  985.1    116.33     0.00    -9999
TERREADELI 120517 300  120000-120500   00     117.73  985.0    116.37     0.00    -9999
TERREADELI 120517 300  120500-121000   00     116.87  985.0    115.53    -0.70    -9999
TERREADELI 120517 300  121000-121500   00     115.93  985.0    114.54    -1.50    -9999
TERREADELI 120517 300  121500-122000   00     118.13  984.9    116.67     0.30    -9999
TERREADELI 120517 300  122000-122500   00     118.73  984.7    117.12     0.70    -9999
TERREADELI 120517 300  122500-123000   00     117.67  984.6    115.91    -0.40    -9999
TERREADELI 120517 300  123000-123500   00     116.80  984.3    114.83    -1.30    -9999
TERREADELI 120517 300  123500-124000   00     116.73  984.1    114.63    -1.50    -9999
TERREADELI 120517 300  124000-124500   00     118.53  984.0    116.33     0.00    -9999
TERREADELI 120517 300  124500-125000   00     119.73  984.0    117.46     1.00    -9999
TERREADELI 120517 300  125000-125500   00     117.07  984.0    114.82    -1.30    -9999
TERREADELI 120517 300  125500-130000   00     117.87  984.0    115.60    -0.60    -9999
TERREADELI 120517 300  130000-130500   00     117.93  983.9    115.60    -0.60    -9999
TERREADELI 120517 300  130500-131000   00     119.33  983.9    116.95     0.50    -9999
TERREADELI 120517 300  131000-131500   00     118.40  983.7    115.92    -0.30    -9999
TERREADELI 120517 300  131500-132000   00     119.67  983.6    117.09     0.70    -9999
TERREADELI 120517 300  132000-132500   00     117.67  983.6    115.09    -1.10    -9999
TERREADELI 120517 300  132500-133000   00     118.60  983.7    116.11    -0.20    -9999
TERREADELI 120517 300  133000-133500   00     118.00  983.8    115.55    -0.70    -9999
TERREADELI 120517 300  133500-134000   00     117.73  983.7    115.24    -0.90    -9999
TERREADELI 120517 300  134000-134500   00     117.33  983.6    114.76    -1.30    -9999
TERREADELI 120517 300  134500-135000   00     118.60  983.4    115.86    -0.40    -9999
TERREADELI 120517 300  135000-135500   00     117.73  983.5    115.08    -1.10    -9999
TERREADELI 120517 300  135500-140000   00     118.53  983.5    115.84    -0.40    -9999
TERREADELI 120517 300  140000-140500   00     118.33  983.3    115.46    -0.70    -9999
TERREADELI 120517 300  140500-141000   00     118.27  983.1    115.22    -0.90    -9999
TERREADELI 120517 300  141000-141500   00     119.47  983.0    116.34     0.00    -9999
TERREADELI 120517 300  141500-142000   00     119.93  982.9    116.73     0.40    -9999
TERREADELI 120517 300  142000-142500   00     119.67  982.9    116.42     0.10    -9999
TERREADELI 120517 300  142500-143000   00     119.20  982.8    115.87    -0.40    -9999
TERREADELI 120517 300  143000-143500   00     118.40  982.6    114.98    -1.20    -9999
TERREADELI 120517 300  143500-144000   00     119.00  982.5    115.45    -0.70    -9999
TERREADELI 120517 300  144000-144500   00     120.07  982.4    116.39     0.10    -9999
TERREADELI 120517 300  144500-145000   00     119.33  982.4    115.66    -0.60    -9999
TERREADELI 120517 300  145000-145500   00     121.40  982.3    117.59     1.10    -9999
TERREADELI 120517 300  145500-150000   00     120.67  982.0    116.67     0.30    -9999
TERREADELI 120517 300  150000-150500   00     119.27  982.0    115.27    -0.90    -9999
TERREADELI 120517 300  150500-151000   00     121.47  981.9    117.33     0.90    -9999
TERREADELI 120517 300  151000-151500   00     122.67  981.9    118.44     1.80    -9999
TERREADELI 120517 300  151500-152000   00     119.47  981.9    115.38    -0.80    -9999
TERREADELI 120517 300  152000-152500   00     119.80  981.9    115.67    -0.60    -9999
TERREADELI 120517 300  152500-153000   00     119.67  981.8    115.48    -0.70    -9999
TERREADELI 120517 300  153000-153500   00     119.33  981.8    115.15    -1.00    -9999
TERREADELI 120517 300  153500-154000   00     122.07  981.8    117.79     1.30    -9999
TERREADELI 120517 300  154000-154500   00     119.80  981.7    115.54    -0.70    -9999
TERREADELI 120517 300  154500-155000   00     121.53  981.7    117.18     0.70    -9999
TERREADELI 120517 300  155000-155500   00     119.20  981.6    114.84    -1.30    -9999
TERREADELI 120517 300  155500-160000   00     120.60  981.4    116.06    -0.20    -9999
TERREADELI 120517 300  160000-160500   00     120.80  981.4    116.27     0.00    -9999
TERREADELI 120517 300  160500-161000   00     120.47  981.4    115.90    -0.40    -9999
TERREADELI 120517 300  161000-161500   00     119.73  981.4    115.20    -1.00    -9999
TERREADELI 120517 300  161500-162000   00     120.40  981.3    115.80    -0.40    -9999
TERREADELI 120517 300  162000-162500   00     122.13  981.3    117.44     1.00    -9999
TERREADELI 120517 300  162500-163000   00     120.87  981.2    116.15    -0.10    -9999
TERREADELI 120517 300  163000-163500   00     120.53  981.2    115.81    -0.40    -9999
TERREADELI 120517 300  163500-164000   00     121.67  981.1    116.83     0.40    -9999
TERREADELI 120517 300  164000-164500   00     121.40  981.1    116.55     0.20    -9999
TERREADELI 120517 300  164500-165000   00     121.07  981.0    116.18    -0.10    -9999
TERREADELI 120517 300  165000-165500   00     121.93  981.0    116.97     0.60    -9999
TERREADELI 120517 300  165500-170000   00     122.13  980.8    116.97     0.60    -9999
TERREADELI 120517 300  170000-170500   00     121.33  980.7    116.14    -0.20    -9999
TERREADELI 120517 300  170500-171000   00     121.87  980.6    116.58     0.20    -9999
TERREADELI 120517 300  171000-171500   00     121.60  980.5    116.26    -0.10    -9999
TERREADELI 120517 300  171500-172000   00     121.80  980.3    116.28     0.00    -9999
TERREADELI 120517 300  172000-172500   00     121.33  980.3    115.79    -0.50    -9999
TERREADELI 120517 300  172500-173000   00     123.73  980.1    117.92     1.40    -9999
TERREADELI 120517 300  173000-173500   00     123.07  980.1    117.28     0.80    -9999
TERREADELI 120517 300  173500-174000   00     122.80  979.9    116.89     0.50    -9999
TERREADELI 120517 300  174000-174500   00     121.80  979.9    115.92    -0.30    -9999
TERREADELI 120517 300  174500-175000   00     122.07  979.7    116.01    -0.30    -9999
TERREADELI 120517 300  175000-175500   00     122.67  979.8    116.63     0.30    -9999
TERREADELI 120517 300  175500-180000   00     120.67  979.8    114.75    -1.30    -9999
TERREADELI 120517 300  180000-180500   00     121.67  979.5    115.42    -0.80    -9999
TERREADELI 120517 300  180500-181000   00     122.93  979.4    116.51     0.20    -9999
TERREADELI 120517 300  181000-181500   00     123.00  979.3    116.50     0.20    -9999
TERREADELI 120517 300  181500-182000   00     122.00  979.1    115.44    -0.80    -9999
TERREADELI 120517 300  182000-182500   00     122.00  979.2    115.47    -0.70    -9999
TERREADELI 120517 300  182500-183000   00     122.47  979.1    115.86    -0.40    -9999
TERREADELI 120517 300  183000-183500   00     124.47  979.0    117.66     1.20    -9999
TERREADELI 120517 300  183500-184000   00     123.27  978.9    116.39     0.10    -9999
TERREADELI 120517 300  184000-184500   00     121.33  978.8    114.54    -1.50    -9999
TERREADELI 120517 300  184500-185000   00     122.40  978.8    115.50    -0.70    -9999
TERREADELI 120517 300  185000-185500   00     122.67  978.7    115.71    -0.50    -9999
TERREADELI 120517 300  185500-190000   00     122.40  978.8    115.50    -0.70    -9999
TERREADELI 120517 300  190000-190500   00     124.87  978.8    117.83     1.30    -9999
TERREADELI 120517 300  190500-191000   00     122.93  978.7    115.94    -0.30    -9999
TERREADELI 120517 300  191000-191500   00     122.67  978.7    115.71    -0.50    -9999
TERREADELI 120517 300  191500-192000   00     122.07  978.8    115.19    -1.00    -9999
TERREADELI 120517 300  192000-192500   00     123.53  979.0    116.73     0.40    -9999
TERREADELI 120517 300  192500-193000   00     123.60  978.9    116.77     0.40    -9999
TERREADELI 120517 300  193000-193500   00     124.33  979.0    117.49     1.00    -9999
TERREADELI 120517 300  193500-194000   00     122.33  979.1    115.74    -0.50    -9999
TERREADELI 120517 300  194000-194500   00     121.87  979.1    115.32    -0.90    -9999
TERREADELI 120517 300  194500-195000   00     121.53  979.2    115.07    -1.10    -9999
TERREADELI 120517 300  195000-195500   00     122.93  979.4    116.56     0.20    -9999
TERREADELI 120517 300  195500-200000   00     121.20  979.4    114.94    -1.20    -9999
TERREADELI 120517 300  200000-200500   00     122.60  979.4    116.27     0.00    -9999
TERREADELI 120517 300  200500-201000   00     122.27  979.4    115.88    -0.40    -9999
TERREADELI 120517 300  201000-201500   00     122.73  979.3    116.28     0.00    -9999
TERREADELI 120517 300  201500-202000   00     120.67  979.4    114.36    -1.70    -9999
TERREADELI 120517 300  202000-202500   00     119.87  979.5    113.74    -2.20    -9999
TERREADELI 120517 300  202500-203000   00     121.20  979.8    115.21    -1.00    -9999
TERREADELI 120517 300  203000-203500   00     120.20  979.7    114.24    -1.80    -9999
TERREADELI 120517 300  203500-204000   00     122.13  980.0    116.30     0.00    -9999
TERREADELI 120517 300  204000-204500   00     123.33  980.0    117.49     1.00    -9999
TERREADELI 120517 300  204500-205000   00     121.47  979.8    115.51    -0.70    -9999
TERREADELI 120517 300  205000-205500   00     122.33  980.0    116.54     0.20    -9999
TERREADELI 120517 300  205500-210000   00     120.07  980.1    114.43    -1.60    -9999
TERREADELI 120517 300  210000-210500   00     121.13  980.0    115.38    -0.80    -9999
TERREADELI 120517 300  210500-211000   00     120.47  980.2    114.88    -1.20    -9999
TERREADELI 120517 300  211000-211500   00     120.60  980.2    115.03    -1.10    -9999
TERREADELI 120517 300  211500-212000   00     121.47  980.2    115.88    -0.40    -9999
TERREADELI 120517 300  212000-212500   00     120.87  980.2    115.23    -0.90    -9999
TERREADELI 120517 300  212500-213000   00     121.87  980.0    116.10    -0.20    -9999
TERREADELI 120517 300  213000-213500   00     120.87  980.2    115.26    -0.90    -9999
TERREADELI 120517 300  213500-214000   00     121.27  980.3    115.71    -0.50    -9999
TERREADELI 120517 300  214000-214500   00     120.07  980.2    114.47    -1.60    -9999
TERREADELI 120517 300  214500-215000   00     121.20  980.4    115.78    -0.50    -9999
TERREADELI 120517 300  215000-215500   00     120.93  980.3    115.44    -0.80    -9999
TERREADELI 120517 300  215500-220000   00     121.20  980.6    115.97    -0.30    -9999
TERREADELI 120517 300  220000-220500   00     118.53  980.6    113.41    -2.50    -9999
TERREADELI 120517 300  220500-221000   00     122.07  980.6    116.72     0.30    -9999
TERREADELI 120517 300  221000-221500   00     119.40  980.8    114.40    -1.70    -9999
TERREADELI 120517 300  221500-222000   00     121.87  981.1    116.97     0.60    -9999
TERREADELI 120517 300  222000-222500   00     119.20  981.1    114.44    -1.60    -9999
TERREADELI 120517 300  222500-223000   00     120.80  980.7    115.61    -0.60    -9999
TERREADELI 120517 300  223000-223500   00     118.93  980.8    113.91    -2.10    -9999
TERREADELI 120517 300  223500-224000   00     119.13  980.9    114.21    -1.80    -9999
TERREADELI 120517 300  224000-224500   00     120.53  981.0    115.62    -0.60    -9999
TERREADELI 120517 300  224500-225000   00     122.67  980.9    117.58     1.10    -9999
TERREADELI 120517 300  225000-225500   00     121.00  981.0    116.05    -0.20    -9999
TERREADELI 120517 300  225500-230000   00     121.47  981.1    116.66     0.30    -9999
TERREADELI 120517 300  230000-230500   00     120.93  981.1    116.08    -0.20    -9999
TERREADELI 120517 300  230500-231000   00     119.13  981.2    114.44    -1.60    -9999
TERREADELI 120517 300  231000-231500   00     120.80  981.1    115.95    -0.30    -9999
TERREADELI 120517 300  231500-232000   00     118.80  981.0    114.01    -2.00    -9999
TERREADELI 120517 300  232000-232500   00     121.47  980.7    116.29     0.00    -9999
TERREADELI 120517 300  232500-233000   00     121.20  980.8    116.13    -0.20    -9999
TERREADELI 120517 300  233000-233500   00     120.87  980.9    115.90    -0.40    -9999
TERREADELI 120517 300  233500-234000   00     121.13  980.9    116.11    -0.20    -9999
TERREADELI 120517 300  234000-234500   00     119.93  980.8    114.87    -1.20    -9999
TERREADELI 120517 300  234500-235000   00     119.60  981.1    114.80    -1.30    -9999
TERREADELI 120517 300  235000-235500   00     119.20  981.1    114.44    -1.60    -9999
TERREADELI 120517 300  235500-240000   00     118.73  981.3    114.15    -1.90    -9999
TERREADELI 120518 3600 000000-010000   00     120.21  981.1    115.41    -0.80    -9999
TERREADELI 120518 3600 010000-020000   00     119.64  981.3    115.02    -1.10    -9999
TERREADELI 120518 3600 020000-030000   00     120.21  981.4    115.66    -0.60    -9999
TERREADELI 120518 3600 030000-040000   00     119.84  981.5    115.39    -0.80    -9999
TERREADELI 120518 3600 040000-050000   00     119.24  981.7    114.96    -1.20    -9999
TERREADELI 120518 3600 050000-060000   00     120.59  981.8    116.36     0.00    -9999
TERREADELI 120518 3600 060000-070000   00     119.73  981.7    115.48    -0.70    -9999
TERREADELI 120518 3600 070000-080000   00     120.21  981.6    115.81    -0.40    -9999
TERREADELI 120518 3600 080000-090000   00     120.59  981.4    116.06    -0.20    -9999
TERREADELI 120518 3600 090000-100000   00     119.86  981.4    115.31    -0.90    -9999
TERREADELI 120518 3600 100000-110000   00     120.20  981.2    115.50    -0.70    -9999
TERREADELI 120518 3600 110000-120000   00     120.01  981.0    115.16    -1.00    -9999
TERREADELI 120518 3600 120000-130000   00     120.49  980.9    115.48    -0.70    -9999
TERREADELI 120518 3600 130000-140000   00     119.97  980.6    114.79    -1.30    -9999
TERREADELI 120518 3600 140000-150000   00     120.64  980.6    115.42    -0.80    -9999
TERREADELI 120518 3600 150000-160000   00     120.18  980.6    114.93    -1.20    -9999
TERREADELI 120518 3600 160000-170000   00     120.70  980.7    115.54    -0.70    -9999
TERREADELI 120518 3600 170000-180000   00     119.69  980.8    114.68    -1.40    -9999
TERREADELI 120518 3600 180000-190000   00     118.89  980.7    113.79    -2.20    -9999
TERREADELI 120518 3600 190000-200000   00     120.02  980.5    114.73    -1.40    -9999
TERREADELI 120518 3600 200000-210000   00     119.60  980.7    114.47    -1.60    -9999
TERREADELI 120518 3600 210000-220000   00     119.21  980.9    114.25    -1.80    -9999
TERREADELI 120518 3600 220000-230000   00     120.04  980.8    114.96    -1.20    -9999
TERREADELI 120518 3600 230000-240000   00     119.82  980.4    114.44    -1.60    -9999
*
COMMENT UNIVERISTY OF OULU: FILE GENERATED FROM DATABASE AND OBTAINED FROM
COMMENT https://gle.oulu.fi at 2024-01-15 17:24:22 +00:00
COMMENT FOR HISTORICAL/ORIGINAL TEXT FILES SEE https://gle.oulu.fi/txtarchive/
COMMENT ORIGINAL AT https://gle.oulu.fi/txtarchive/GLE71/C071TERA.DAT
COMMENT DETRENDED DATA SHOW -9999 IF EQUAL TO INC% COLUMN 