IRKUTSK3   LATITUDE    52.28     LONGITUDE     104.02    ALTITUDE    3000 M
IRKUTSK3   INSTRUMENT   6NM64    NEUTRON MONITOR     
IRKUTSK3   STANDARD PRESSURE    707     mb     COEFFICIENT   -0.72     % / mb
IRKUTSK3   PRE-INCREASE BASELINE TIME INTERVAL    120516    230000-010000   UT
IRKUTSK3   PRE-INCREASE AVERAGE COUNTING RATE    428.23      COUNTS PER SECOND
IRKUTSK3   TIME INTERVALS    300         3600     
IRKUTSK3   SCALE FACTORS     1           1        
STATION    YYMMDD  SEC   TIME (UT)   CODE    UNCORR. PRESS.    CORR.    % INC.	DETRENDED
                         INTERVAL    TD      C/S     (mb)      C/S
IRKUTSK3   120516 3600 000000-010000   00     405.72  721.6    425.45    -0.60    -9999
IRKUTSK3   120516 3600 010000-020000   00     406.80  721.4    426.15    -0.50    -9999
IRKUTSK3   120516 3600 020000-030000   00     406.95  721.2    425.37    -0.70    -9999
IRKUTSK3   120516 3600 030000-040000   00     408.50  721.0    426.47    -0.40    -9999
IRKUTSK3   120516 3600 040000-050000   00     410.53  720.4    426.67    -0.40    -9999
IRKUTSK3   120516 3600 050000-060000   00     410.75  719.7    424.97    -0.80    -9999
IRKUTSK3   120516 3600 060000-070000   00     412.22  719.1    424.48    -0.90    -9999
IRKUTSK3   120516 3600 070000-080000   00     411.83  718.5    422.25    -1.40    -9999
IRKUTSK3   120516 3600 080000-090000   00     413.68  718.0    422.58    -1.30    -9999
IRKUTSK3   120516 3600 090000-100000   00     415.68  717.6    423.58    -1.10    -9999
IRKUTSK3   120516 3600 100000-110000   00     416.10  717.2    422.77    -1.30    -9999
IRKUTSK3   120516 3600 110000-120000   00     417.20  716.8    422.72    -1.30    -9999
IRKUTSK3   120516 3600 120000-130000   00     417.60  716.2    421.32    -1.60    -9999
IRKUTSK3   120516 3600 130000-140000   00     420.82  715.8    423.07    -1.20    -9999
IRKUTSK3   120516 3600 140000-150000   00     424.05  715.3    424.85    -0.80    -9999
IRKUTSK3   120516 3600 150000-160000   00     426.90  714.7    426.00    -0.50    -9999
IRKUTSK3   120516 3600 160000-170000   00     428.33  714.2    426.02    -0.50    -9999
IRKUTSK3   120516 3600 170000-180000   00     430.12  713.5    425.47    -0.60    -9999
IRKUTSK3   120516 3600 180000-190000   00     433.65  712.6    426.33    -0.40    -9999
IRKUTSK3   120516 3600 190000-200000   00     436.37  712.0    426.85    -0.30    -9999
IRKUTSK3   120516 3600 200000-210000   00     440.45  711.5    429.40     0.30    -9999
IRKUTSK3   120516 300  210000-210500   00     438.80  711.3    427.20    -0.20    -9999
IRKUTSK3   120516 300  210500-211000   00     441.40  711.2    429.40     0.30    -9999
IRKUTSK3   120516 300  211000-211500   00     441.20  711.1    428.80     0.10    -9999
IRKUTSK3   120516 300  211500-212000   00     440.40  711.1    428.20     0.00    -9999
IRKUTSK3   120516 300  212000-212500   00     440.60  711.1    428.60     0.10    -9999
IRKUTSK3   120516 300  212500-213000   00     441.80  711.1    429.60     0.30    -9999
IRKUTSK3   120516 300  213000-213500   00     447.40  711.0    434.40     1.40    -9999
IRKUTSK3   120516 300  213500-214000   00     440.60  711.0    428.40     0.00    -9999
IRKUTSK3   120516 300  214000-214500   00     445.00  711.0    432.40     1.00    -9999
IRKUTSK3   120516 300  214500-215000   00     438.80  711.0    426.20    -0.50    -9999
IRKUTSK3   120516 300  215000-215500   00     443.00  710.9    430.00     0.40    -9999
IRKUTSK3   120516 300  215500-220000   00     439.60  710.9    426.80    -0.30    -9999
IRKUTSK3   120516 300  220000-220500   00     439.60  711.1    427.20    -0.20    -9999
IRKUTSK3   120516 300  220500-221000   00     443.20  711.0    430.60     0.60    -9999
IRKUTSK3   120516 300  221000-221500   00     443.20  710.9    430.40     0.50    -9999
IRKUTSK3   120516 300  221500-222000   00     444.80  710.9    431.80     0.80    -9999
IRKUTSK3   120516 300  222000-222500   00     441.60  710.8    428.40     0.00    -9999
IRKUTSK3   120516 300  222500-223000   00     440.80  710.8    428.00    -0.10    -9999
IRKUTSK3   120516 300  223000-223500   00     443.40  710.8    430.00     0.40    -9999
IRKUTSK3   120516 300  223500-224000   00     438.00  710.8    425.00    -0.80    -9999
IRKUTSK3   120516 300  224000-224500   00     441.40  710.9    428.40     0.00    -9999
IRKUTSK3   120516 300  224500-225000   00     445.20  710.9    432.20     0.90    -9999
IRKUTSK3   120516 300  225000-225500   00     441.80  710.9    428.80     0.10    -9999
IRKUTSK3   120516 300  225500-230000   00     444.80  710.9    431.80     0.80    -9999
IRKUTSK3   120516 300  230000-230500   00     443.20  710.9    430.20     0.50    -9999
IRKUTSK3   120516 300  230500-231000   00     439.20  710.7    426.20    -0.50    -9999
IRKUTSK3   120516 300  231000-231500   00     441.60  710.7    428.20     0.00    -9999
IRKUTSK3   120516 300  231500-232000   00     438.40  710.7    425.00    -0.80    -9999
IRKUTSK3   120516 300  232000-232500   00     443.80  710.7    430.40     0.50    -9999
IRKUTSK3   120516 300  232500-233000   00     442.80  710.7    429.00     0.20    -9999
IRKUTSK3   120516 300  233000-233500   00     442.20  710.7    428.60     0.10    -9999
IRKUTSK3   120516 300  233500-234000   00     439.40  710.7    426.20    -0.50    -9999
IRKUTSK3   120516 300  234000-234500   00     442.20  710.7    428.60     0.10    -9999
IRKUTSK3   120516 300  234500-235000   00     442.20  710.7    428.80     0.10    -9999
IRKUTSK3   120516 300  235000-235500   00     439.00  710.6    425.20    -0.70    -9999
IRKUTSK3   120516 300  235500-240000   00     443.40  710.6    429.60     0.30    -9999
IRKUTSK3   120517 300  000000-000500   00     443.80  710.5    429.80     0.40    -9999
IRKUTSK3   120517 300  000500-001000   00     443.60  710.4    429.40     0.30    -9999
IRKUTSK3   120517 300  001000-001500   00     443.80  710.5    429.40     0.30    -9999
IRKUTSK3   120517 300  001500-002000   00     442.00  710.5    427.80    -0.10    -9999
IRKUTSK3   120517 300  002000-002500   00     442.40  710.5    428.20     0.00    -9999
IRKUTSK3   120517 300  002500-003000   00     441.00  710.6    427.20    -0.20    -9999
IRKUTSK3   120517 300  003000-003500   00     441.00  710.6    427.20    -0.20    -9999
IRKUTSK3   120517 300  003500-004000   00     441.20  710.5    427.20    -0.20    -9999
IRKUTSK3   120517 300  004000-004500   00     443.00  710.6    429.00     0.20    -9999
IRKUTSK3   120517 300  004500-005000   00     442.40  710.5    428.40     0.00    -9999
IRKUTSK3   120517 300  005000-005500   00     441.40  710.5    427.60    -0.10    -9999
IRKUTSK3   120517 300  005500-010000   00     444.20  710.5    430.20     0.50    -9999
IRKUTSK3   120517 300  010000-010500   00     442.40  710.6    428.40     0.00    -9999
IRKUTSK3   120517 300  010500-011000   00     443.40  710.5    429.40     0.30    -9999
IRKUTSK3   120517 300  011000-011500   00     445.40  710.5    431.00     0.60    -9999
IRKUTSK3   120517 300  011500-012000   00     443.20  710.5    429.00     0.20    -9999
IRKUTSK3   120517 300  012000-012500   00     442.20  710.4    428.00    -0.10    -9999
IRKUTSK3   120517 300  012500-013000   00     446.20  710.4    431.60     0.80    -9999
IRKUTSK3   120517 300  013000-013500   00     444.00  710.2    429.20     0.20    -9999
IRKUTSK3   120517 300  013500-014000   00     446.60  710.3    431.60     0.80    -9999
IRKUTSK3   120517 300  014000-014500   00     444.80  710.2    429.80     0.40    -9999
IRKUTSK3   120517 300  014500-015000   00     443.80  710.2    428.80     0.10    -9999
IRKUTSK3   120517 300  015000-015500   00     446.60  710.2    431.40     0.70    -9999
IRKUTSK3   120517 300  015500-020000   00     446.80  710.2    431.60     0.80    -9999
IRKUTSK3   120517 300  020000-020500   00     447.00  710.2    431.80     0.80    -9999
IRKUTSK3   120517 300  020500-021000   00     446.80  710.3    432.20     0.90    -9999
IRKUTSK3   120517 300  021000-021500   00     445.60  710.3    430.80     0.60    -9999
IRKUTSK3   120517 300  021500-022000   00     447.60  710.3    432.60     1.00    -9999
IRKUTSK3   120517 300  022000-022500   00     446.60  710.2    431.20     0.70    -9999
IRKUTSK3   120517 300  022500-023000   00     444.80  710.2    429.80     0.40    -9999
IRKUTSK3   120517 300  023000-023500   00     446.00  710.1    430.80     0.60    -9999
IRKUTSK3   120517 300  023500-024000   00     448.00  710.2    432.80     1.10    -9999
IRKUTSK3   120517 300  024000-024500   00     446.60  710.2    431.40     0.70    -9999
IRKUTSK3   120517 300  024500-025000   00     446.60  710.2    431.40     0.70    -9999
IRKUTSK3   120517 300  025000-025500   00     449.80  710.2    434.40     1.40    -9999
IRKUTSK3   120517 300  025500-030000   00     446.80  710.3    432.00     0.90    -9999
IRKUTSK3   120517 300  030000-030500   00     447.00  710.6    433.40     1.20    -9999
IRKUTSK3   120517 300  030500-031000   00     445.80  710.8    432.40     1.00    -9999
IRKUTSK3   120517 300  031000-031500   00     444.60  710.9    431.80     0.80    -9999
IRKUTSK3   120517 300  031500-032000   00     444.00  710.8    430.60     0.60    -9999
IRKUTSK3   120517 300  032000-032500   00     444.60  710.8    431.40     0.70    -9999
IRKUTSK3   120517 300  032500-033000   00     444.60  710.9    431.60     0.80    -9999
IRKUTSK3   120517 300  033000-033500   00     441.40  710.9    428.20     0.00    -9999
IRKUTSK3   120517 300  033500-034000   00     445.80  710.9    432.80     1.10    -9999
IRKUTSK3   120517 300  034000-034500   00     443.80  711.0    431.20     0.70    -9999
IRKUTSK3   120517 300  034500-035000   00     446.20  710.9    433.40     1.20    -9999
IRKUTSK3   120517 300  035000-035500   00     444.20  711.0    431.20     0.70    -9999
IRKUTSK3   120517 300  035500-040000   00     445.60  710.9    432.40     1.00    -9999
IRKUTSK3   120517 300  040000-040500   00     444.40  710.9    431.60     0.80    -9999
IRKUTSK3   120517 300  040500-041000   00     445.60  711.0    432.60     1.00    -9999
IRKUTSK3   120517 300  041000-041500   00     446.40  711.1    434.20     1.40    -9999
IRKUTSK3   120517 300  041500-042000   00     444.80  711.3    433.00     1.10    -9999
IRKUTSK3   120517 300  042000-042500   00     443.40  711.3    431.40     0.70    -9999
IRKUTSK3   120517 300  042500-043000   00     444.60  711.4    433.40     1.20    -9999
IRKUTSK3   120517 300  043000-043500   00     445.00  711.4    433.60     1.30    -9999
IRKUTSK3   120517 300  043500-044000   00     441.00  711.4    429.60     0.30    -9999
IRKUTSK3   120517 300  044000-044500   00     446.40  711.5    435.40     1.70    -9999
IRKUTSK3   120517 300  044500-045000   00     445.60  711.6    434.80     1.50    -9999
IRKUTSK3   120517 300  045000-045500   00     441.20  711.7    430.80     0.60    -9999
IRKUTSK3   120517 300  045500-050000   00     439.80  711.7    429.40     0.30    -9999
IRKUTSK3   120517 300  050000-050500   00     445.80  711.8    435.60     1.70    -9999
IRKUTSK3   120517 300  050500-051000   00     441.60  711.7    431.40     0.70    -9999
IRKUTSK3   120517 300  051000-051500   00     444.60  711.9    434.60     1.50    -9999
IRKUTSK3   120517 300  051500-052000   00     444.00  711.8    433.80     1.30    -9999
IRKUTSK3   120517 300  052000-052500   00     444.80  711.7    434.20     1.40    -9999
IRKUTSK3   120517 300  052500-053000   00     441.20  711.8    431.20     0.70    -9999
IRKUTSK3   120517 300  053000-053500   00     443.60  711.9    433.60     1.30    -9999
IRKUTSK3   120517 300  053500-054000   00     441.20  711.9    431.40     0.70    -9999
IRKUTSK3   120517 300  054000-054500   00     442.80  711.9    433.00     1.10    -9999
IRKUTSK3   120517 300  054500-055000   00     440.80  711.9    430.80     0.60    -9999
IRKUTSK3   120517 300  055000-055500   00     434.80  712.0    425.40    -0.70    -9999
IRKUTSK3   120517 300  055500-060000   00     441.40  712.1    432.00     0.90    -9999
IRKUTSK3   120517 300  060000-060500   00     441.40  712.1    432.20     0.90    -9999
IRKUTSK3   120517 300  060500-061000   00     441.00  712.0    431.60     0.80    -9999
IRKUTSK3   120517 300  061000-061500   00     439.80  712.0    430.00     0.40    -9999
IRKUTSK3   120517 300  061500-062000   00     439.40  712.0    429.80     0.40    -9999
IRKUTSK3   120517 300  062000-062500   00     442.20  712.0    432.60     1.00    -9999
IRKUTSK3   120517 300  062500-063000   00     444.80  711.9    434.80     1.50    -9999
IRKUTSK3   120517 300  063000-063500   00     441.80  711.9    431.80     0.80    -9999
IRKUTSK3   120517 300  063500-064000   00     440.80  711.9    431.20     0.70    -9999
IRKUTSK3   120517 300  064000-064500   00     439.40  712.0    430.20     0.50    -9999
IRKUTSK3   120517 300  064500-065000   00     439.80  712.0    430.20     0.50    -9999
IRKUTSK3   120517 300  065000-065500   00     438.00  712.1    429.00     0.20    -9999
IRKUTSK3   120517 300  065500-070000   00     442.20  712.1    432.80     1.10    -9999
IRKUTSK3   120517 300  070000-070500   00     443.20  712.1    434.00     1.30    -9999
IRKUTSK3   120517 300  070500-071000   00     442.00  712.1    433.00     1.10    -9999
IRKUTSK3   120517 300  071000-071500   00     441.80  712.1    432.80     1.10    -9999
IRKUTSK3   120517 300  071500-072000   00     442.20  712.2    433.60     1.30    -9999
IRKUTSK3   120517 300  072000-072500   00     438.00  712.2    428.80     0.10    -9999
IRKUTSK3   120517 300  072500-073000   00     440.00  712.2    431.00     0.60    -9999
IRKUTSK3   120517 300  073000-073500   00     438.20  712.3    429.40     0.30    -9999
IRKUTSK3   120517 300  073500-074000   00     439.40  712.2    431.00     0.60    -9999
IRKUTSK3   120517 300  074000-074500   00     440.60  712.2    431.60     0.80    -9999
IRKUTSK3   120517 300  074500-075000   00     440.20  712.2    431.40     0.70    -9999
IRKUTSK3   120517 300  075000-075500   00     439.40  712.3    430.80     0.60    -9999
IRKUTSK3   120517 300  075500-080000   00     439.20  712.4    431.00     0.60    -9999
IRKUTSK3   120517 300  080000-080500   00     438.40  712.5    430.60     0.60    -9999
IRKUTSK3   120517 300  080500-081000   00     437.20  712.5    429.60     0.30    -9999
IRKUTSK3   120517 300  081000-081500   00     441.60  712.5    434.00     1.30    -9999
IRKUTSK3   120517 300  081500-082000   00     440.60  712.5    432.60     1.00    -9999
IRKUTSK3   120517 300  082000-082500   00     440.20  712.5    432.40     1.00    -9999
IRKUTSK3   120517 300  082500-083000   00     441.00  712.3    432.60     1.00    -9999
IRKUTSK3   120517 300  083000-083500   00     441.60  712.3    433.00     1.10    -9999
IRKUTSK3   120517 300  083500-084000   00     437.20  712.3    428.80     0.10    -9999
IRKUTSK3   120517 300  084000-084500   00     439.40  712.4    431.40     0.70    -9999
IRKUTSK3   120517 300  084500-085000   00     439.60  712.6    431.80     0.80    -9999
IRKUTSK3   120517 300  085000-085500   00     441.80  712.6    434.20     1.40    -9999
IRKUTSK3   120517 300  085500-090000   00     437.20  712.6    430.00     0.40    -9999
IRKUTSK3   120517 300  090000-090500   00     438.60  712.6    431.00     0.60    -9999
IRKUTSK3   120517 300  090500-091000   00     437.20  712.6    429.60     0.30    -9999
IRKUTSK3   120517 300  091000-091500   00     436.80  712.6    429.00     0.20    -9999
IRKUTSK3   120517 300  091500-092000   00     435.60  712.7    428.60     0.10    -9999
IRKUTSK3   120517 300  092000-092500   00     437.60  712.6    429.80     0.40    -9999
IRKUTSK3   120517 300  092500-093000   00     439.00  712.7    431.40     0.70    -9999
IRKUTSK3   120517 300  093000-093500   00     441.20  712.6    433.80     1.30    -9999
IRKUTSK3   120517 300  093500-094000   00     437.40  712.6    430.00     0.40    -9999
IRKUTSK3   120517 300  094000-094500   00     435.60  712.6    428.20     0.00    -9999
IRKUTSK3   120517 300  094500-095000   00     441.40  712.6    433.60     1.30    -9999
IRKUTSK3   120517 300  095000-095500   00     439.00  712.7    432.00     0.90    -9999
IRKUTSK3   120517 300  095500-100000   00     437.60  712.8    431.00     0.60    -9999
IRKUTSK3   120517 300  100000-100500   00     436.20  712.8    429.60     0.30    -9999
IRKUTSK3   120517 300  100500-101000   00     435.60  712.8    429.00     0.20    -9999
IRKUTSK3   120517 300  101000-101500   00     439.00  713.0    432.40     1.00    -9999
IRKUTSK3   120517 300  101500-102000   00     433.80  713.0    427.60    -0.10    -9999
IRKUTSK3   120517 300  102000-102500   00     435.80  713.1    429.60     0.30    -9999
IRKUTSK3   120517 300  102500-103000   00     434.00  713.1    428.00    -0.10    -9999
IRKUTSK3   120517 300  103000-103500   00     434.80  713.2    428.80     0.10    -9999
IRKUTSK3   120517 300  103500-104000   00     433.80  713.2    428.20     0.00    -9999
IRKUTSK3   120517 300  104000-104500   00     432.20  713.1    426.40    -0.40    -9999
IRKUTSK3   120517 300  104500-105000   00     433.20  713.1    427.40    -0.20    -9999
IRKUTSK3   120517 300  105000-105500   00     432.20  713.3    427.00    -0.30    -9999
IRKUTSK3   120517 300  105500-110000   00     434.00  713.2    428.40     0.00    -9999
IRKUTSK3   120517 300  110000-110500   00     434.80  713.2    429.40     0.30    -9999
IRKUTSK3   120517 300  110500-111000   00     433.20  713.4    428.40     0.00    -9999
IRKUTSK3   120517 300  111000-111500   00     430.20  713.3    425.00    -0.80    -9999
IRKUTSK3   120517 300  111500-112000   00     434.80  713.5    430.20     0.50    -9999
IRKUTSK3   120517 300  112000-112500   00     431.80  713.6    427.00    -0.30    -9999
IRKUTSK3   120517 300  112500-113000   00     433.20  713.5    428.40     0.00    -9999
IRKUTSK3   120517 300  113000-113500   00     431.20  713.6    427.00    -0.30    -9999
IRKUTSK3   120517 300  113500-114000   00     432.20  713.6    428.20     0.00    -9999
IRKUTSK3   120517 300  114000-114500   00     427.40  713.6    423.20    -1.20    -9999
IRKUTSK3   120517 300  114500-115000   00     429.00  713.7    425.20    -0.70    -9999
IRKUTSK3   120517 300  115000-115500   00     427.80  713.8    424.00    -1.00    -9999
IRKUTSK3   120517 300  115500-120000   00     425.80  713.8    422.00    -1.50    -9999
IRKUTSK3   120517 300  120000-120500   00     427.60  713.8    424.20    -0.90    -9999
IRKUTSK3   120517 300  120500-121000   00     427.80  713.9    424.60    -0.80    -9999
IRKUTSK3   120517 300  121000-121500   00     427.80  714.0    424.80    -0.80    -9999
IRKUTSK3   120517 300  121500-122000   00     425.20  714.0    422.40    -1.40    -9999
IRKUTSK3   120517 300  122000-122500   00     427.00  714.0    423.80    -1.00    -9999
IRKUTSK3   120517 300  122500-123000   00     426.00  714.1    423.20    -1.20    -9999
IRKUTSK3   120517 300  123000-123500   00     430.00  714.1    427.60    -0.10    -9999
IRKUTSK3   120517 300  123500-124000   00     430.00  714.3    428.00    -0.10    -9999
IRKUTSK3   120517 300  124000-124500   00     426.40  714.3    424.40    -0.90    -9999
IRKUTSK3   120517 300  124500-125000   00     426.00  714.4    424.20    -0.90    -9999
IRKUTSK3   120517 300  125000-125500   00     428.00  714.3    425.80    -0.60    -9999
IRKUTSK3   120517 300  125500-130000   00     428.80  714.4    427.00    -0.30    -9999
IRKUTSK3   120517 300  130000-130500   00     425.40  714.5    424.20    -0.90    -9999
IRKUTSK3   120517 300  130500-131000   00     424.80  714.5    423.40    -1.10    -9999
IRKUTSK3   120517 300  131000-131500   00     424.40  714.7    423.40    -1.10    -9999
IRKUTSK3   120517 300  131500-132000   00     425.60  714.7    424.60    -0.80    -9999
IRKUTSK3   120517 300  132000-132500   00     424.60  714.7    424.00    -1.00    -9999
IRKUTSK3   120517 300  132500-133000   00     425.80  714.8    425.00    -0.80    -9999
IRKUTSK3   120517 300  133000-133500   00     423.40  714.8    422.80    -1.30    -9999
IRKUTSK3   120517 300  133500-134000   00     428.00  714.9    427.60    -0.10    -9999
IRKUTSK3   120517 300  134000-134500   00     423.80  715.0    423.80    -1.00    -9999
IRKUTSK3   120517 300  134500-135000   00     421.80  715.0    421.80    -1.50    -9999
IRKUTSK3   120517 300  135000-135500   00     424.60  715.0    424.60    -0.80    -9999
IRKUTSK3   120517 300  135500-140000   00     424.60  715.1    424.60    -0.80    -9999
IRKUTSK3   120517 300  140000-140500   00     423.60  715.1    423.80    -1.00    -9999
IRKUTSK3   120517 300  140500-141000   00     427.60  715.1    428.40     0.00    -9999
IRKUTSK3   120517 300  141000-141500   00     423.00  715.2    423.80    -1.00    -9999
IRKUTSK3   120517 300  141500-142000   00     425.60  715.2    426.20    -0.50    -9999
IRKUTSK3   120517 300  142000-142500   00     426.80  715.2    427.40    -0.20    -9999
IRKUTSK3   120517 300  142500-143000   00     423.20  715.2    424.00    -1.00    -9999
IRKUTSK3   120517 300  143000-143500   00     422.80  715.2    423.60    -1.10    -9999
IRKUTSK3   120517 300  143500-144000   00     426.20  715.3    427.20    -0.20    -9999
IRKUTSK3   120517 300  144000-144500   00     423.00  715.3    424.00    -1.00    -9999
IRKUTSK3   120517 300  144500-145000   00     425.80  715.3    426.40    -0.40    -9999
IRKUTSK3   120517 300  145000-145500   00     421.60  715.3    422.40    -1.40    -9999
IRKUTSK3   120517 300  145500-150000   00     424.80  715.4    426.20    -0.50    -9999
IRKUTSK3   120517 300  150000-150500   00     427.20  715.3    428.00    -0.10    -9999
IRKUTSK3   120517 300  150500-151000   00     424.80  715.4    426.00    -0.50    -9999
IRKUTSK3   120517 300  151000-151500   00     424.60  715.3    425.60    -0.60    -9999
IRKUTSK3   120517 300  151500-152000   00     420.00  715.3    421.20    -1.60    -9999
IRKUTSK3   120517 300  152000-152500   00     422.40  715.4    423.40    -1.10    -9999
IRKUTSK3   120517 300  152500-153000   00     425.20  715.4    426.80    -0.30    -9999
IRKUTSK3   120517 300  153000-153500   00     421.80  715.5    423.40    -1.10    -9999
IRKUTSK3   120517 300  153500-154000   00     423.80  715.5    425.00    -0.80    -9999
IRKUTSK3   120517 300  154000-154500   00     423.40  715.5    424.80    -0.80    -9999
IRKUTSK3   120517 300  154500-155000   00     425.20  715.5    426.40    -0.40    -9999
IRKUTSK3   120517 300  155000-155500   00     424.80  715.5    426.40    -0.40    -9999
IRKUTSK3   120517 300  155500-160000   00     425.00  715.4    426.40    -0.40    -9999
IRKUTSK3   120517 300  160000-160500   00     424.20  715.5    425.40    -0.70    -9999
IRKUTSK3   120517 300  160500-161000   00     423.60  715.5    425.40    -0.70    -9999
IRKUTSK3   120517 300  161000-161500   00     421.80  715.5    423.20    -1.20    -9999
IRKUTSK3   120517 300  161500-162000   00     421.60  715.6    423.40    -1.10    -9999
IRKUTSK3   120517 300  162000-162500   00     424.00  715.6    425.60    -0.60    -9999
IRKUTSK3   120517 300  162500-163000   00     423.60  715.5    425.40    -0.70    -9999
IRKUTSK3   120517 300  163000-163500   00     422.00  715.6    424.00    -1.00    -9999
IRKUTSK3   120517 300  163500-164000   00     424.80  715.7    426.80    -0.30    -9999
IRKUTSK3   120517 300  164000-164500   00     420.60  715.7    422.60    -1.30    -9999
IRKUTSK3   120517 300  164500-165000   00     419.00  715.7    421.40    -1.60    -9999
IRKUTSK3   120517 300  165000-165500   00     419.80  715.8    422.40    -1.40    -9999
IRKUTSK3   120517 300  165500-170000   00     422.60  715.8    425.20    -0.70    -9999
IRKUTSK3   120517 300  170000-170500   00     422.80  715.8    425.00    -0.80    -9999
IRKUTSK3   120517 300  170500-171000   00     422.80  715.8    425.40    -0.70    -9999
IRKUTSK3   120517 300  171000-171500   00     422.60  715.8    424.80    -0.80    -9999
IRKUTSK3   120517 300  171500-172000   00     421.20  715.8    423.80    -1.00    -9999
IRKUTSK3   120517 300  172000-172500   00     421.40  715.8    423.60    -1.10    -9999
IRKUTSK3   120517 300  172500-173000   00     419.40  715.8    421.80    -1.50    -9999
IRKUTSK3   120517 300  173000-173500   00     423.60  715.8    426.40    -0.40    -9999
IRKUTSK3   120517 300  173500-174000   00     420.20  715.7    422.20    -1.40    -9999
IRKUTSK3   120517 300  174000-174500   00     420.60  715.7    422.80    -1.30    -9999
IRKUTSK3   120517 300  174500-175000   00     421.80  715.7    423.80    -1.00    -9999
IRKUTSK3   120517 300  175000-175500   00     421.60  715.8    424.00    -1.00    -9999
IRKUTSK3   120517 300  175500-180000   00     420.40  715.8    422.60    -1.30    -9999
IRKUTSK3   120517 300  180000-180500   00     423.40  715.8    426.20    -0.50    -9999
IRKUTSK3   120517 300  180500-181000   00     423.00  715.8    425.60    -0.60    -9999
IRKUTSK3   120517 300  181000-181500   00     419.80  715.7    422.00    -1.50    -9999
IRKUTSK3   120517 300  181500-182000   00     423.20  715.7    425.40    -0.70    -9999
IRKUTSK3   120517 300  182000-182500   00     421.60  715.7    423.60    -1.10    -9999
IRKUTSK3   120517 300  182500-183000   00     422.20  715.6    424.20    -0.90    -9999
IRKUTSK3   120517 300  183000-183500   00     421.40  715.5    423.00    -1.20    -9999
IRKUTSK3   120517 300  183500-184000   00     423.40  715.5    424.80    -0.80    -9999
IRKUTSK3   120517 300  184000-184500   00     427.20  715.5    429.00     0.20    -9999
IRKUTSK3   120517 300  184500-185000   00     421.60  715.5    422.80    -1.30    -9999
IRKUTSK3   120517 300  185000-185500   00     421.40  715.4    422.80    -1.30    -9999
IRKUTSK3   120517 300  185500-190000   00     422.40  715.5    423.80    -1.00    -9999
IRKUTSK3   120517 300  190000-190500   00     425.80  715.4    427.00    -0.30    -9999
IRKUTSK3   120517 300  190500-191000   00     421.00  715.4    422.00    -1.50    -9999
IRKUTSK3   120517 300  191000-191500   00     421.40  715.4    422.80    -1.30    -9999
IRKUTSK3   120517 300  191500-192000   00     418.20  715.5    419.40    -2.10    -9999
IRKUTSK3   120517 300  192000-192500   00     423.00  715.5    424.40    -0.90    -9999
IRKUTSK3   120517 300  192500-193000   00     419.80  715.6    421.20    -1.60    -9999
IRKUTSK3   120517 300  193000-193500   00     421.20  715.5    422.80    -1.30    -9999
IRKUTSK3   120517 300  193500-194000   00     421.60  715.5    423.60    -1.10    -9999
IRKUTSK3   120517 300  194000-194500   00     420.00  715.6    421.40    -1.60    -9999
IRKUTSK3   120517 300  194500-195000   00     420.00  715.5    421.80    -1.50    -9999
IRKUTSK3   120517 300  195000-195500   00     420.60  715.5    422.40    -1.40    -9999
IRKUTSK3   120517 300  195500-200000   00     420.60  715.5    422.60    -1.30    -9999
IRKUTSK3   120517 300  200000-200500   00     422.40  715.5    423.80    -1.00    -9999
IRKUTSK3   120517 300  200500-201000   00     419.80  715.5    421.60    -1.50    -9999
IRKUTSK3   120517 300  201000-201500   00     418.40  715.5    419.60    -2.00    -9999
IRKUTSK3   120517 300  201500-202000   00     420.00  715.4    421.60    -1.50    -9999
IRKUTSK3   120517 300  202000-202500   00     419.80  715.4    420.80    -1.70    -9999
IRKUTSK3   120517 300  202500-203000   00     423.00  715.4    424.40    -0.90    -9999
IRKUTSK3   120517 300  203000-203500   00     422.00  715.5    423.60    -1.10    -9999
IRKUTSK3   120517 300  203500-204000   00     424.40  715.5    426.00    -0.50    -9999
IRKUTSK3   120517 300  204000-204500   00     423.00  715.5    424.40    -0.90    -9999
IRKUTSK3   120517 300  204500-205000   00     421.00  715.5    422.40    -1.40    -9999
IRKUTSK3   120517 300  205000-205500   00     421.00  715.5    423.00    -1.20    -9999
IRKUTSK3   120517 300  205500-210000   00     422.80  715.5    424.60    -0.80    -9999
IRKUTSK3   120517 300  210000-210500   00     420.60  715.5    422.40    -1.40    -9999
IRKUTSK3   120517 300  210500-211000   00     422.40  715.5    423.80    -1.00    -9999
IRKUTSK3   120517 300  211000-211500   00     420.80  715.6    422.40    -1.40    -9999
IRKUTSK3   120517 300  211500-212000   00     418.80  715.6    420.60    -1.80    -9999
IRKUTSK3   120517 300  212000-212500   00     419.80  715.6    421.60    -1.50    -9999
IRKUTSK3   120517 300  212500-213000   00     423.00  715.6    424.80    -0.80    -9999
IRKUTSK3   120517 300  213000-213500   00     423.60  715.6    425.60    -0.60    -9999
IRKUTSK3   120517 300  213500-214000   00     421.40  715.6    423.40    -1.10    -9999
IRKUTSK3   120517 300  214000-214500   00     418.80  715.6    420.80    -1.70    -9999
IRKUTSK3   120517 300  214500-215000   00     419.00  715.5    420.60    -1.80    -9999
IRKUTSK3   120517 300  215000-215500   00     421.60  715.5    423.00    -1.20    -9999
IRKUTSK3   120517 300  215500-220000   00     420.60  715.5    422.00    -1.50    -9999
IRKUTSK3   120517 300  220000-220500   00     422.20  715.5    424.00    -1.00    -9999
IRKUTSK3   120517 300  220500-221000   00     420.40  715.5    422.00    -1.50    -9999
IRKUTSK3   120517 300  221000-221500   00     422.20  715.6    424.00    -1.00    -9999
IRKUTSK3   120517 300  221500-222000   00     419.80  715.6    421.80    -1.50    -9999
IRKUTSK3   120517 300  222000-222500   00     420.60  715.6    422.20    -1.40    -9999
IRKUTSK3   120517 300  222500-223000   00     421.60  715.6    423.20    -1.20    -9999
IRKUTSK3   120517 300  223000-223500   00     421.20  715.6    422.80    -1.30    -9999
IRKUTSK3   120517 300  223500-224000   00     419.20  715.6    420.80    -1.70    -9999
IRKUTSK3   120517 300  224000-224500   00     420.40  715.7    422.40    -1.40    -9999
IRKUTSK3   120517 300  224500-225000   00     417.40  715.7    419.60    -2.00    -9999
IRKUTSK3   120517 300  225000-225500   00     422.60  715.7    424.60    -0.80    -9999
IRKUTSK3   120517 300  225500-230000   00     420.80  715.7    422.80    -1.30    -9999
IRKUTSK3   120517 300  230000-230500   00     419.20  715.8    421.40    -1.60    -9999
IRKUTSK3   120517 300  230500-231000   00     421.80  715.8    424.40    -0.90    -9999
IRKUTSK3   120517 300  231000-231500   00     421.00  715.8    423.20    -1.20    -9999
IRKUTSK3   120517 300  231500-232000   00     420.40  715.7    422.60    -1.30    -9999
IRKUTSK3   120517 300  232000-232500   00     422.00  715.8    424.60    -0.80    -9999
IRKUTSK3   120517 300  232500-233000   00     423.20  715.8    425.60    -0.60    -9999
IRKUTSK3   120517 300  233000-233500   00     418.40  715.9    421.20    -1.60    -9999
IRKUTSK3   120517 300  233500-234000   00     418.60  715.9    421.20    -1.60    -9999
IRKUTSK3   120517 300  234000-234500   00     420.80  715.9    423.80    -1.00    -9999
IRKUTSK3   120517 300  234500-235000   00     420.20  715.9    423.20    -1.20    -9999
IRKUTSK3   120517 300  235000-235500   00     418.80  715.9    421.80    -1.50    -9999
IRKUTSK3   120517 300  235500-240000   00     421.80  715.9    424.20    -0.90    -9999
IRKUTSK3   120518 3600 000000-010000   00     418.92  716.0    421.77    -1.50    -9999
IRKUTSK3   120518 3600 010000-020000   00     420.30  716.2    423.77    -1.00    -9999
IRKUTSK3   120518 3600 020000-030000   00     418.63  716.5    423.03    -1.20    -9999
IRKUTSK3   120518 3600 030000-040000   00     418.80  716.8    424.28    -0.90    -9999
IRKUTSK3   120518 3600 040000-050000   00     417.68  717.1    424.02    -1.00    -9999
IRKUTSK3   120518 3600 050000-060000   00     416.03  717.5    423.48    -1.10    -9999
IRKUTSK3   120518 3600 060000-070000   00     414.55  717.7    422.90    -1.20    -9999
IRKUTSK3   120518 3600 070000-080000   00     414.20  718.0    423.22    -1.20    -9999
IRKUTSK3   120518 3600 080000-090000   00     413.83  718.3    423.78    -1.00    -9999
IRKUTSK3   120518 3600 090000-100000   00     413.35  718.4    423.62    -1.10    -9999
IRKUTSK3   120518 3600 100000-110000   00     412.55  718.4    422.68    -1.30    -9999
IRKUTSK3   120518 3600 110000-120000   00     412.12  718.5    422.63    -1.30    -9999
IRKUTSK3   120518 3600 120000-130000   00     411.70  718.4    421.80    -1.50    -9999
IRKUTSK3   120518 3600 130000-140000   00     412.13  718.3    422.20    -1.40    -9999
IRKUTSK3   120518 3600 140000-150000   00     411.47  718.1    420.82    -1.70    -9999
IRKUTSK3   120518 3600 150000-160000   00     411.65  718.0    420.52    -1.80    -9999
IRKUTSK3   120518 3600 160000-170000   00     409.92  717.9    418.55    -2.30    -9999
IRKUTSK3   120518 3600 170000-180000   00     410.15  717.6    417.75    -2.40    -9999
IRKUTSK3   120518 3600 180000-190000   00     412.25  717.0    418.07    -2.40    -9999
IRKUTSK3   120518 3600 190000-200000   00     414.20  716.4    418.58    -2.30    -9999
IRKUTSK3   120518 3600 200000-210000   00     414.77  716.1    418.00    -2.40    -9999
IRKUTSK3   120518 3600 210000-220000   00     416.18  715.5    417.80    -2.40    -9999
IRKUTSK3   120518 3600 220000-230000   00     420.07  714.9    419.83    -2.00    -9999
IRKUTSK3   120518 3600 230000-240000   00     423.98  714.5    422.45    -1.30    -9999
*
COMMENT UNIVERISTY OF OULU: FILE GENERATED FROM DATABASE AND OBTAINED FROM
COMMENT https://gle.oulu.fi at 2024-01-15 17:24:22 +00:00
COMMENT FOR HISTORICAL/ORIGINAL TEXT FILES SEE https://gle.oulu.fi/txtarchive/
COMMENT ORIGINAL AT https://gle.oulu.fi/txtarchive/GLE71/C071IRK3.DAT
COMMENT DETRENDED DATA SHOW -9999 IF EQUAL TO INC% COLUMN 