JUNGFRAU   LATITUDE    46.55     LONGITUDE     7.98      ALTITUDE    3475 M
JUNGFRAU   INSTRUMENT   3-NM-64  NEUTRON MONITOR	
JUNGFRAU   STANDARD PRESSURE    641.06  MB     COEFFICIENT   -0.72     % / MB
JUNGFRAU   PRE-INCREASE BASELINE TIME INTERVAL    120516    230000-010000   UT
JUNGFRAU   PRE-INCREASE AVERAGE COUNTING RATE    159.14      COUNTS PER SECOND
JUNGFRAU   TIME INTERVALS    300         3600     
JUNGFRAU   SCALE FACTORS     1           1        
STATION    YYMMDD  SEC   TIME (UT)   CODE    UNCORR. PRESS.    CORR.    % INC.	DETRENDED
                         INTERVAL    TD      C/S     (MB)      C/S
JUNGFRAU   120516 3600 000000-010000   00     178.69  647.3    158.82    -0.20    -9999
JUNGFRAU   120516 3600 010000-020000   00     178.74  647.0    158.58    -0.40    -9999
JUNGFRAU   120516 3600 020000-030000   00     178.85  646.7    158.35    -0.50    -9999
JUNGFRAU   120516 3600 030000-040000   00     179.04  646.5    158.28    -0.50    -9999
JUNGFRAU   120516 3600 040000-050000   00     179.89  646.7    159.25     0.10    -9999
JUNGFRAU   120516 3600 050000-060000   00     179.66  646.8    159.21     0.00    -9999
JUNGFRAU   120516 3600 060000-070000   00     179.44  647.3    159.48     0.20    -9999
JUNGFRAU   120516 3600 070000-080000   00     177.62  647.9    158.63    -0.30    -9999
JUNGFRAU   120516 3600 080000-090000   00     177.47  648.3    158.99    -0.10    -9999
JUNGFRAU   120516 3600 090000-100000   00     177.30  649.0    159.54     0.30    -9999
JUNGFRAU   120516 3600 100000-110000   00     177.11  649.5    159.98     0.50    -9999
JUNGFRAU   120516 3600 110000-120000   00     176.22  650.2    159.96     0.50    -9999
JUNGFRAU   120516 3600 120000-130000   00     175.43  650.6    159.67     0.30    -9999
JUNGFRAU   120516 3600 130000-140000   00     174.20  651.1    159.17     0.00    -9999
JUNGFRAU   120516 3600 140000-150000   00     173.47  651.4    158.89    -0.20    -9999
JUNGFRAU   120516 3600 150000-160000   00     172.44  651.5    158.07    -0.70    -9999
JUNGFRAU   120516 3600 160000-170000   00     172.04  651.9    158.06    -0.70    -9999
JUNGFRAU   120516 3600 170000-180000   00     171.75  652.3    158.28    -0.50    -9999
JUNGFRAU   120516 3600 180000-190000   00     171.48  652.6    158.41    -0.50    -9999
JUNGFRAU   120516 3600 190000-200000   00     170.88  653.1    158.40    -0.50    -9999
JUNGFRAU   120516 3600 200000-210000   00     170.71  653.4    158.63    -0.30    -9999
JUNGFRAU   120516 300  210000-210500   00     170.73  653.6    158.81    -0.20    -9999
JUNGFRAU   120516 300  210500-211000   00     169.65  653.5    157.70    -0.90    -9999
JUNGFRAU   120516 300  211000-211500   00     172.72  653.5    160.59     0.90    -9999
JUNGFRAU   120516 300  211500-212000   00     171.36  653.5    159.33     0.10    -9999
JUNGFRAU   120516 300  212000-212500   00     172.99  653.4    160.75     1.00    -9999
JUNGFRAU   120516 300  212500-213000   00     171.59  653.4    159.36     0.10    -9999
JUNGFRAU   120516 300  213000-213500   00     169.48  653.3    157.35    -1.10    -9999
JUNGFRAU   120516 300  213500-214000   00     170.86  653.3    158.58    -0.40    -9999
JUNGFRAU   120516 300  214000-214500   00     172.26  653.3    159.94     0.50    -9999
JUNGFRAU   120516 300  214500-215000   00     171.42  653.2    159.02    -0.10    -9999
JUNGFRAU   120516 300  215000-215500   00     171.15  653.2    158.70    -0.30    -9999
JUNGFRAU   120516 300  215500-220000   00     171.58  653.1    159.08     0.00    -9999
JUNGFRAU   120516 300  220000-220500   00     172.60  653.2    160.06     0.60    -9999
JUNGFRAU   120516 300  220500-221000   00     170.78  653.2    158.24    -0.60    -9999
JUNGFRAU   120516 300  221000-221500   00     172.57  653.2    160.09     0.60    -9999
JUNGFRAU   120516 300  221500-222000   00     172.51  653.2    159.93     0.50    -9999
JUNGFRAU   120516 300  222000-222500   00     169.88  653.2    157.78    -0.90    -9999
JUNGFRAU   120516 300  222500-223000   00     171.43  653.1    158.88    -0.20    -9999
JUNGFRAU   120516 300  223000-223500   00     170.31  653.3    158.00    -0.70    -9999
JUNGFRAU   120516 300  223500-224000   00     171.61  653.3    159.37     0.10    -9999
JUNGFRAU   120516 300  224000-224500   00     171.91  653.1    159.34     0.10    -9999
JUNGFRAU   120516 300  224500-225000   00     170.57  653.1    158.16    -0.60    -9999
JUNGFRAU   120516 300  225000-225500   00     172.42  653.2    159.97     0.50    -9999
JUNGFRAU   120516 300  225500-230000   00     169.98  653.3    157.78    -0.90    -9999
JUNGFRAU   120516 300  230000-230500   00     170.50  653.2    158.22    -0.60    -9999
JUNGFRAU   120516 300  230500-231000   00     172.91  653.2    160.43     0.80    -9999
JUNGFRAU   120516 300  231000-231500   00     171.51  653.3    159.21     0.00    -9999
JUNGFRAU   120516 300  231500-232000   00     169.71  653.4    157.67    -0.90    -9999
JUNGFRAU   120516 300  232000-232500   00     170.11  653.5    158.21    -0.60    -9999
JUNGFRAU   120516 300  232500-233000   00     171.82  653.5    159.69     0.30    -9999
JUNGFRAU   120516 300  233000-233500   00     171.53  653.5    159.44     0.20    -9999
JUNGFRAU   120516 300  233500-234000   00     171.18  653.7    159.37     0.10    -9999
JUNGFRAU   120516 300  234000-234500   00     169.98  653.7    158.25    -0.60    -9999
JUNGFRAU   120516 300  234500-235000   00     171.82  653.6    159.83     0.40    -9999
JUNGFRAU   120516 300  235000-235500   00     171.10  653.7    159.37     0.10    -9999
JUNGFRAU   120516 300  235500-240000   00     169.70  653.7    158.11    -0.60    -9999
JUNGFRAU   120517 300  000000-000500   00     170.78  653.7    158.97    -0.10    -9999
JUNGFRAU   120517 300  000500-001000   00     172.50  653.7    160.50     0.90    -9999
JUNGFRAU   120517 300  001000-001500   00     171.79  653.7    160.04     0.60    -9999
JUNGFRAU   120517 300  001500-002000   00     169.71  653.8    158.19    -0.60    -9999
JUNGFRAU   120517 300  002000-002500   00     169.37  653.8    157.78    -0.90    -9999
JUNGFRAU   120517 300  002500-003000   00     171.16  653.9    159.53     0.20    -9999
JUNGFRAU   120517 300  003000-003500   00     171.81  653.8    160.09     0.60    -9999
JUNGFRAU   120517 300  003500-004000   00     170.70  653.9    159.12     0.00    -9999
JUNGFRAU   120517 300  004000-004500   00     171.09  653.8    159.48     0.20    -9999
JUNGFRAU   120517 300  004500-005000   00     169.46  653.8    157.89    -0.80    -9999
JUNGFRAU   120517 300  005000-005500   00     171.23  653.8    159.59     0.30    -9999
JUNGFRAU   120517 300  005500-010000   00     172.16  653.8    160.38     0.80    -9999
JUNGFRAU   120517 300  010000-010500   00     171.80  653.9    160.24     0.70    -9999
JUNGFRAU   120517 300  010500-011000   00     171.15  653.9    159.72     0.40    -9999
JUNGFRAU   120517 300  011000-011500   00     171.82  653.9    160.25     0.70    -9999
JUNGFRAU   120517 300  011500-012000   00     170.15  653.9    158.66    -0.30    -9999
JUNGFRAU   120517 300  012000-012500   00     172.26  653.9    160.61     0.90    -9999
JUNGFRAU   120517 300  012500-013000   00     169.47  654.0    158.04    -0.70    -9999
JUNGFRAU   120517 300  013000-013500   00     171.30  654.0    159.86     0.50    -9999
JUNGFRAU   120517 300  013500-014000   00     171.03  653.9    159.49     0.20    -9999
JUNGFRAU   120517 300  014000-014500   00     170.13  654.0    158.66    -0.30    -9999
JUNGFRAU   120517 300  014500-015000   00     170.94  654.0    159.44     0.20    -9999
JUNGFRAU   120517 300  015000-015500   00     170.18  654.0    158.69    -0.30    -9999
JUNGFRAU   120517 300  015500-020000   00     170.02  654.0    158.72    -0.30    -9999
JUNGFRAU   120517 300  020000-020500   00     170.18  654.0    158.74    -0.30    -9999
JUNGFRAU   120517 300  020500-021000   00     169.74  653.9    158.22    -0.60    -9999
JUNGFRAU   120517 300  021000-021500   00     170.92  653.9    159.44     0.20    -9999
JUNGFRAU   120517 300  021500-022000   00     171.43  654.0    159.81     0.40    -9999
JUNGFRAU   120517 300  022000-022500   00     170.68  654.0    159.17     0.00    -9999
JUNGFRAU   120517 300  022500-023000   00     171.11  654.0    159.58     0.30    -9999
JUNGFRAU   120517 300  023000-023500   00     170.42  654.1    159.07     0.00    -9999
JUNGFRAU   120517 300  023500-024000   00     170.04  654.0    158.67    -0.30    -9999
JUNGFRAU   120517 300  024000-024500   00     172.05  654.1    160.61     0.90    -9999
JUNGFRAU   120517 300  024500-025000   00     172.74  654.1    161.37     1.40    -9999
JUNGFRAU   120517 300  025000-025500   00     171.08  654.1    159.62     0.30    -9999
JUNGFRAU   120517 300  025500-030000   00     171.33  654.0    159.89     0.50    -9999
JUNGFRAU   120517 300  030000-030500   00     169.17  654.1    157.89    -0.80    -9999
JUNGFRAU   120517 300  030500-031000   00     170.09  654.1    158.80    -0.20    -9999
JUNGFRAU   120517 300  031000-031500   00     171.86  654.1    160.41     0.80    -9999
JUNGFRAU   120517 300  031500-032000   00     169.28  654.1    157.99    -0.70    -9999
JUNGFRAU   120517 300  032000-032500   00     171.58  654.1    160.12     0.60    -9999
JUNGFRAU   120517 300  032500-033000   00     170.09  654.2    158.91    -0.10    -9999
JUNGFRAU   120517 300  033000-033500   00     171.67  654.2    160.34     0.80    -9999
JUNGFRAU   120517 300  033500-034000   00     169.92  654.1    158.57    -0.40    -9999
JUNGFRAU   120517 300  034000-034500   00     170.64  654.0    159.23     0.10    -9999
JUNGFRAU   120517 300  034500-035000   00     170.99  654.0    159.52     0.20    -9999
JUNGFRAU   120517 300  035000-035500   00     169.88  654.1    158.56    -0.40    -9999
JUNGFRAU   120517 300  035500-040000   00     170.01  654.1    158.73    -0.30    -9999
JUNGFRAU   120517 300  040000-040500   00     171.60  654.1    160.22     0.70    -9999
JUNGFRAU   120517 300  040500-041000   00     170.70  654.1    159.44     0.20    -9999
JUNGFRAU   120517 300  041000-041500   00     170.06  654.1    158.80    -0.20    -9999
JUNGFRAU   120517 300  041500-042000   00     170.26  654.1    158.98    -0.10    -9999
JUNGFRAU   120517 300  042000-042500   00     170.04  654.1    158.62    -0.30    -9999
JUNGFRAU   120517 300  042500-043000   00     169.68  654.1    158.37    -0.50    -9999
JUNGFRAU   120517 300  043000-043500   00     168.99  654.1    157.69    -0.90    -9999
JUNGFRAU   120517 300  043500-044000   00     172.37  654.1    160.93     1.10    -9999
JUNGFRAU   120517 300  044000-044500   00     172.16  654.1    160.79     1.00    -9999
JUNGFRAU   120517 300  044500-045000   00     172.13  654.1    160.78     1.00    -9999
JUNGFRAU   120517 300  045000-045500   00     170.49  654.2    159.17     0.00    -9999
JUNGFRAU   120517 300  045500-050000   00     171.73  654.2    160.47     0.80    -9999
JUNGFRAU   120517 300  050000-050500   00     170.72  654.3    159.58     0.30    -9999
JUNGFRAU   120517 300  050500-051000   00     171.66  654.3    160.51     0.90    -9999
JUNGFRAU   120517 300  051000-051500   00     170.08  654.3    159.01    -0.10    -9999
JUNGFRAU   120517 300  051500-052000   00     171.59  654.4    160.48     0.80    -9999
JUNGFRAU   120517 300  052000-052500   00     169.01  654.4    158.18    -0.60    -9999
JUNGFRAU   120517 300  052500-053000   00     172.14  654.3    161.01     1.20    -9999
JUNGFRAU   120517 300  053000-053500   00     170.52  654.3    159.54     0.30    -9999
JUNGFRAU   120517 300  053500-054000   00     172.77  654.3    160.74     1.00    -9999
JUNGFRAU   120517 300  054000-054500   00     171.31  654.4    160.26     0.70    -9999
JUNGFRAU   120517 300  054500-055000   00     169.25  654.5    158.30    -0.50    -9999
JUNGFRAU   120517 300  055000-055500   00     170.63  654.5    159.61     0.30    -9999
JUNGFRAU   120517 300  055500-060000   00     170.12  654.6    159.45     0.20    -9999
JUNGFRAU   120517 300  060000-060500   00     170.93  654.7    160.28     0.70    -9999
JUNGFRAU   120517 300  060500-061000   00     171.85  654.7    161.23     1.30    -9999
JUNGFRAU   120517 300  061000-061500   00     172.02  654.7    161.28     1.30    -9999
JUNGFRAU   120517 300  061500-062000   00     170.12  654.8    159.62     0.30    -9999
JUNGFRAU   120517 300  062000-062500   00     172.57  654.8    162.01     1.80    -9999
JUNGFRAU   120517 300  062500-063000   00     173.63  654.8    162.83     2.30    -9999
JUNGFRAU   120517 300  063000-063500   00     172.28  654.8    161.81     1.70    -9999
JUNGFRAU   120517 300  063500-064000   00     171.40  654.9    160.87     1.10    -9999
JUNGFRAU   120517 300  064000-064500   00     170.38  654.8    159.96     0.50    -9999
JUNGFRAU   120517 300  064500-065000   00     170.27  654.9    159.96     0.50    -9999
JUNGFRAU   120517 300  065000-065500   00     170.71  654.9    160.34     0.80    -9999
JUNGFRAU   120517 300  065500-070000   00     170.98  654.9    160.50     0.90    -9999
JUNGFRAU   120517 300  070000-070500   00     170.59  654.9    160.34     0.80    -9999
JUNGFRAU   120517 300  070500-071000   00     172.12  655.0    161.72     1.60    -9999
JUNGFRAU   120517 300  071000-071500   00     171.12  655.0    160.73     1.00    -9999
JUNGFRAU   120517 300  071500-072000   00     171.57  655.0    161.28     1.30    -9999
JUNGFRAU   120517 300  072000-072500   00     172.27  655.1    162.00     1.80    -9999
JUNGFRAU   120517 300  072500-073000   00     172.84  655.1    162.52     2.10    -9999
JUNGFRAU   120517 300  073000-073500   00     172.75  655.2    162.59     2.20    -9999
JUNGFRAU   120517 300  073500-074000   00     171.02  655.2    160.97     1.10    -9999
JUNGFRAU   120517 300  074000-074500   00     171.75  655.2    161.72     1.60    -9999
JUNGFRAU   120517 300  074500-075000   00     170.92  655.3    160.98     1.20    -9999
JUNGFRAU   120517 300  075000-075500   00     172.32  655.3    162.27     2.00    -9999
JUNGFRAU   120517 300  075500-080000   00     172.89  655.3    163.01     2.40    -9999
JUNGFRAU   120517 300  080000-080500   00     172.18  655.3    162.19     1.90    -9999
JUNGFRAU   120517 300  080500-081000   00     171.62  655.4    161.67     1.60    -9999
JUNGFRAU   120517 300  081000-081500   00     171.50  655.4    161.58     1.50    -9999
JUNGFRAU   120517 300  081500-082000   00     172.57  655.4    162.53     2.10    -9999
JUNGFRAU   120517 300  082000-082500   00     171.63  655.4    161.73     1.60    -9999
JUNGFRAU   120517 300  082500-083000   00     172.22  655.4    162.40     2.00    -9999
JUNGFRAU   120517 300  083000-083500   00     171.14  655.4    161.32     1.40    -9999
JUNGFRAU   120517 300  083500-084000   00     171.01  655.4    161.18     1.30    -9999
JUNGFRAU   120517 300  084000-084500   00     171.36  655.4    161.68     1.60    -9999
JUNGFRAU   120517 300  084500-085000   00     172.02  655.4    162.17     1.90    -9999
JUNGFRAU   120517 300  085000-085500   00     171.16  655.5    161.39     1.40    -9999
JUNGFRAU   120517 300  085500-090000   00     173.02  655.5    163.09     2.50    -9999
JUNGFRAU   120517 300  090000-090500   00     173.79  655.5    163.90     3.00    -9999
JUNGFRAU   120517 300  090500-091000   00     171.96  655.6    162.29     2.00    -9999
JUNGFRAU   120517 300  091000-091500   00     170.18  655.6    160.69     1.00    -9999
JUNGFRAU   120517 300  091500-092000   00     170.32  655.7    160.87     1.10    -9999
JUNGFRAU   120517 300  092000-092500   00     169.48  655.7    160.16     0.60    -9999
JUNGFRAU   120517 300  092500-093000   00     171.39  655.8    161.94     1.80    -9999
JUNGFRAU   120517 300  093000-093500   00     170.98  655.8    161.71     1.60    -9999
JUNGFRAU   120517 300  093500-094000   00     171.77  655.8    162.32     2.00    -9999
JUNGFRAU   120517 300  094000-094500   00     173.45  655.8    163.95     3.00    -9999
JUNGFRAU   120517 300  094500-095000   00     171.69  655.8    162.22     1.90    -9999
JUNGFRAU   120517 300  095000-095500   00     171.87  655.8    162.40     2.00    -9999
JUNGFRAU   120517 300  095500-100000   00     170.39  655.9    161.15     1.30    -9999
JUNGFRAU   120517 300  100000-100500   00     170.72  656.0    161.54     1.50    -9999
JUNGFRAU   120517 300  100500-101000   00     172.38  656.0    163.20     2.60    -9999
JUNGFRAU   120517 300  101000-101500   00     172.66  656.0    163.49     2.70    -9999
JUNGFRAU   120517 300  101500-102000   00     170.92  656.1    161.93     1.80    -9999
JUNGFRAU   120517 300  102000-102500   00     173.38  656.1    164.28     3.20    -9999
JUNGFRAU   120517 300  102500-103000   00     170.48  656.1    161.51     1.50    -9999
JUNGFRAU   120517 300  103000-103500   00     169.46  656.1    160.50     0.90    -9999
JUNGFRAU   120517 300  103500-104000   00     172.45  656.1    163.35     2.60    -9999
JUNGFRAU   120517 300  104000-104500   00     172.34  656.1    163.10     2.50    -9999
JUNGFRAU   120517 300  104500-105000   00     171.13  656.1    162.10     1.90    -9999
JUNGFRAU   120517 300  105000-105500   00     171.91  656.1    162.84     2.30    -9999
JUNGFRAU   120517 300  105500-110000   00     170.36  656.1    161.38     1.40    -9999
JUNGFRAU   120517 300  110000-110500   00     171.58  656.1    162.49     2.10    -9999
JUNGFRAU   120517 300  110500-111000   00     170.61  656.1    161.69     1.60    -9999
JUNGFRAU   120517 300  111000-111500   00     170.95  656.1    161.92     1.70    -9999
JUNGFRAU   120517 300  111500-112000   00     170.79  656.1    161.70     1.60    -9999
JUNGFRAU   120517 300  112000-112500   00     170.77  656.1    161.77     1.70    -9999
JUNGFRAU   120517 300  112500-113000   00     169.67  656.1    160.78     1.00    -9999
JUNGFRAU   120517 300  113000-113500   00     169.88  656.1    160.82     1.10    -9999
JUNGFRAU   120517 300  113500-114000   00     171.26  656.0    162.11     1.90    -9999
JUNGFRAU   120517 300  114000-114500   00     172.37  656.1    163.25     2.60    -9999
JUNGFRAU   120517 300  114500-115000   00     171.49  656.1    162.46     2.10    -9999
JUNGFRAU   120517 300  115000-115500   00     171.35  656.1    162.42     2.10    -9999
JUNGFRAU   120517 300  115500-120000   00     169.49  656.1    160.43     0.80    -9999
JUNGFRAU   120517 300  120000-120500   00     169.74  656.2    160.97     1.10    -9999
JUNGFRAU   120517 300  120500-121000   00     172.71  656.2    163.70     2.90    -9999
JUNGFRAU   120517 300  121000-121500   00     171.38  656.2    162.51     2.10    -9999
JUNGFRAU   120517 300  121500-122000   00     171.44  656.2    162.51     2.10    -9999
JUNGFRAU   120517 300  122000-122500   00     167.89  656.2    159.22     0.10    -9999
JUNGFRAU   120517 300  122500-123000   00     170.16  656.2    161.34     1.40    -9999
JUNGFRAU   120517 300  123000-123500   00     169.34  656.3    160.67     1.00    -9999
JUNGFRAU   120517 300  123500-124000   00     170.55  656.3    161.80     1.70    -9999
JUNGFRAU   120517 300  124000-124500   00     169.38  656.3    160.70     1.00    -9999
JUNGFRAU   120517 300  124500-125000   00     172.83  656.3    163.97     3.00    -9999
JUNGFRAU   120517 300  125000-125500   00     171.21  656.3    162.39     2.00    -9999
JUNGFRAU   120517 300  125500-130000   00     171.48  656.3    162.75     2.30    -9999
JUNGFRAU   120517 300  130000-130500   00     172.45  656.4    163.69     2.90    -9999
JUNGFRAU   120517 300  130500-131000   00     169.11  656.4    160.57     0.90    -9999
JUNGFRAU   120517 300  131000-131500   00     169.33  656.4    160.76     1.00    -9999
JUNGFRAU   120517 300  131500-132000   00     171.38  656.4    162.58     2.20    -9999
JUNGFRAU   120517 300  132000-132500   00     170.12  656.4    161.51     1.50    -9999
JUNGFRAU   120517 300  132500-133000   00     169.08  656.4    160.56     0.90    -9999
JUNGFRAU   120517 300  133000-133500   00     170.03  656.4    161.43     1.40    -9999
JUNGFRAU   120517 300  133500-134000   00     168.94  656.4    160.43     0.80    -9999
JUNGFRAU   120517 300  134000-134500   00     171.57  656.4    162.94     2.40    -9999
JUNGFRAU   120517 300  134500-135000   00     170.47  656.4    161.84     1.70    -9999
JUNGFRAU   120517 300  135000-135500   00     170.24  656.4    161.58     1.50    -9999
JUNGFRAU   120517 300  135500-140000   00     169.07  656.4    160.49     0.80    -9999
JUNGFRAU   120517 300  140000-140500   00     169.82  656.4    161.23     1.30    -9999
JUNGFRAU   120517 300  140500-141000   00     171.91  656.4    163.16     2.50    -9999
JUNGFRAU   120517 300  141000-141500   00     169.73  656.4    161.18     1.30    -9999
JUNGFRAU   120517 300  141500-142000   00     170.56  656.4    161.84     1.70    -9999
JUNGFRAU   120517 300  142000-142500   00     167.79  656.4    159.27     0.10    -9999
JUNGFRAU   120517 300  142500-143000   00     169.34  656.3    160.69     1.00    -9999
JUNGFRAU   120517 300  143000-143500   00     169.19  656.3    160.48     0.80    -9999
JUNGFRAU   120517 300  143500-144000   00     168.76  656.3    160.10     0.60    -9999
JUNGFRAU   120517 300  144000-144500   00     169.89  656.4    161.18     1.30    -9999
JUNGFRAU   120517 300  144500-145000   00     168.06  656.4    159.48     0.20    -9999
JUNGFRAU   120517 300  145000-145500   00     170.35  656.4    161.60     1.50    -9999
JUNGFRAU   120517 300  145500-150000   00     168.98  656.3    160.25     0.70    -9999
JUNGFRAU   120517 300  150000-150500   00     168.11  656.4    159.54     0.30    -9999
JUNGFRAU   120517 300  150500-151000   00     168.43  656.3    159.75     0.40    -9999
JUNGFRAU   120517 300  151000-151500   00     167.67  656.3    158.99    -0.10    -9999
JUNGFRAU   120517 300  151500-152000   00     168.08  656.3    159.54     0.30    -9999
JUNGFRAU   120517 300  152000-152500   00     170.25  656.2    161.44     1.40    -9999
JUNGFRAU   120517 300  152500-153000   00     168.54  656.2    159.71     0.40    -9999
JUNGFRAU   120517 300  153000-153500   00     168.98  656.1    160.07     0.60    -9999
JUNGFRAU   120517 300  153500-154000   00     168.20  656.2    159.47     0.20    -9999
JUNGFRAU   120517 300  154000-154500   00     168.94  656.1    160.09     0.60    -9999
JUNGFRAU   120517 300  154500-155000   00     168.37  656.2    159.62     0.30    -9999
JUNGFRAU   120517 300  155000-155500   00     171.34  656.2    162.32     2.00    -9999
JUNGFRAU   120517 300  155500-160000   00     168.47  656.2    159.71     0.40    -9999
JUNGFRAU   120517 300  160000-160500   00     170.64  656.2    161.86     1.70    -9999
JUNGFRAU   120517 300  160500-161000   00     168.26  656.2    159.53     0.20    -9999
JUNGFRAU   120517 300  161000-161500   00     168.84  656.2    159.90     0.50    -9999
JUNGFRAU   120517 300  161500-162000   00     170.34  656.2    161.47     1.50    -9999
JUNGFRAU   120517 300  162000-162500   00     168.51  656.2    159.67     0.30    -9999
JUNGFRAU   120517 300  162500-163000   00     167.90  656.1    158.99    -0.10    -9999
JUNGFRAU   120517 300  163000-163500   00     170.10  656.1    161.25     1.30    -9999
JUNGFRAU   120517 300  163500-164000   00     169.37  656.1    160.52     0.90    -9999
JUNGFRAU   120517 300  164000-164500   00     169.81  656.1    161.01     1.20    -9999
JUNGFRAU   120517 300  164500-165000   00     168.58  656.1    159.64     0.30    -9999
JUNGFRAU   120517 300  165000-165500   00     169.35  656.1    160.41     0.80    -9999
JUNGFRAU   120517 300  165500-170000   00     167.08  656.1    158.28    -0.50    -9999
JUNGFRAU   120517 300  170000-170500   00     168.91  656.2    160.10     0.60    -9999
JUNGFRAU   120517 300  170500-171000   00     170.80  656.1    161.91     1.70    -9999
JUNGFRAU   120517 300  171000-171500   00     168.98  656.1    160.02     0.60    -9999
JUNGFRAU   120517 300  171500-172000   00     167.36  656.1    158.65    -0.30    -9999
JUNGFRAU   120517 300  172000-172500   00     168.27  656.1    159.45     0.20    -9999
JUNGFRAU   120517 300  172500-173000   00     167.12  656.1    158.27    -0.50    -9999
JUNGFRAU   120517 300  173000-173500   00     168.74  656.0    159.73     0.40    -9999
JUNGFRAU   120517 300  173500-174000   00     167.20  656.0    158.29    -0.50    -9999
JUNGFRAU   120517 300  174000-174500   00     169.27  656.0    160.19     0.70    -9999
JUNGFRAU   120517 300  174500-175000   00     168.37  656.0    159.38     0.20    -9999
JUNGFRAU   120517 300  175000-175500   00     168.98  656.0    159.94     0.50    -9999
JUNGFRAU   120517 300  175500-180000   00     168.07  656.0    158.97    -0.10    -9999
JUNGFRAU   120517 300  180000-180500   00     168.76  656.0    159.76     0.40    -9999
JUNGFRAU   120517 300  180500-181000   00     169.55  656.0    160.56     0.90    -9999
JUNGFRAU   120517 300  181000-181500   00     170.19  656.0    161.07     1.20    -9999
JUNGFRAU   120517 300  181500-182000   00     169.82  656.0    160.75     1.00    -9999
JUNGFRAU   120517 300  182000-182500   00     165.58  656.1    156.86    -1.40    -9999
JUNGFRAU   120517 300  182500-183000   00     167.48  656.0    158.45    -0.40    -9999
JUNGFRAU   120517 300  183000-183500   00     169.78  656.0    160.67     1.00    -9999
JUNGFRAU   120517 300  183500-184000   00     169.66  655.9    160.54     0.90    -9999
JUNGFRAU   120517 300  184000-184500   00     166.13  655.8    157.05    -1.30    -9999
JUNGFRAU   120517 300  184500-185000   00     170.32  655.9    161.11     1.20    -9999
JUNGFRAU   120517 300  185000-185500   00     168.17  656.1    159.37     0.10    -9999
JUNGFRAU   120517 300  185500-190000   00     168.67  656.0    159.71     0.40    -9999
JUNGFRAU   120517 300  190000-190500   00     169.43  655.9    160.25     0.70    -9999
JUNGFRAU   120517 300  190500-191000   00     167.47  656.0    158.39    -0.50    -9999
JUNGFRAU   120517 300  191000-191500   00     168.50  656.0    159.52     0.20    -9999
JUNGFRAU   120517 300  191500-192000   00     169.18  656.0    160.06     0.60    -9999
JUNGFRAU   120517 300  192000-192500   00     168.83  655.9    159.68     0.30    -9999
JUNGFRAU   120517 300  192500-193000   00     168.15  655.9    159.06    -0.10    -9999
JUNGFRAU   120517 300  193000-193500   00     168.13  655.9    158.97    -0.10    -9999
JUNGFRAU   120517 300  193500-194000   00     169.51  655.9    160.30     0.70    -9999
JUNGFRAU   120517 300  194000-194500   00     168.31  655.9    159.26     0.10    -9999
JUNGFRAU   120517 300  194500-195000   00     166.45  655.9    157.38    -1.10    -9999
JUNGFRAU   120517 300  195000-195500   00     168.01  655.9    158.81    -0.20    -9999
JUNGFRAU   120517 300  195500-200000   00     167.19  655.9    158.08    -0.70    -9999
JUNGFRAU   120517 300  200000-200500   00     168.05  655.8    158.79    -0.20    -9999
JUNGFRAU   120517 300  200500-201000   00     169.98  655.8    160.65     0.90    -9999
JUNGFRAU   120517 300  201000-201500   00     168.39  655.7    159.15     0.00    -9999
JUNGFRAU   120517 300  201500-202000   00     167.15  655.8    157.96    -0.70    -9999
JUNGFRAU   120517 300  202000-202500   00     167.56  655.8    158.33    -0.50    -9999
JUNGFRAU   120517 300  202500-203000   00     165.85  655.9    156.82    -1.50    -9999
JUNGFRAU   120517 300  203000-203500   00     168.20  655.9    159.17     0.00    -9999
JUNGFRAU   120517 300  203500-204000   00     166.40  656.0    157.54    -1.00    -9999
JUNGFRAU   120517 300  204000-204500   00     167.34  656.0    158.40    -0.50    -9999
JUNGFRAU   120517 300  204500-205000   00     166.83  656.1    157.95    -0.70    -9999
JUNGFRAU   120517 300  205000-205500   00     167.62  656.0    158.61    -0.30    -9999
JUNGFRAU   120517 300  205500-210000   00     169.94  656.1    160.95     1.10    -9999
JUNGFRAU   120517 300  210000-210500   00     165.88  656.1    157.04    -1.30    -9999
JUNGFRAU   120517 300  210500-211000   00     166.64  656.1    157.84    -0.80    -9999
JUNGFRAU   120517 300  211000-211500   00     168.66  656.1    159.66     0.30    -9999
JUNGFRAU   120517 300  211500-212000   00     167.03  656.1    158.19    -0.60    -9999
JUNGFRAU   120517 300  212000-212500   00     165.34  656.1    156.58    -1.60    -9999
JUNGFRAU   120517 300  212500-213000   00     168.71  656.0    159.78     0.40    -9999
JUNGFRAU   120517 300  213000-213500   00     167.69  656.1    158.82    -0.20    -9999
JUNGFRAU   120517 300  213500-214000   00     169.47  656.0    160.48     0.80    -9999
JUNGFRAU   120517 300  214000-214500   00     170.31  655.9    161.00     1.20    -9999
JUNGFRAU   120517 300  214500-215000   00     168.90  655.9    159.75     0.40    -9999
JUNGFRAU   120517 300  215000-215500   00     167.79  656.0    158.79    -0.20    -9999
JUNGFRAU   120517 300  215500-220000   00     167.83  656.0    158.94    -0.10    -9999
JUNGFRAU   120517 300  220000-220500   00     168.50  656.0    159.52     0.20    -9999
JUNGFRAU   120517 300  220500-221000   00     166.10  656.0    157.22    -1.20    -9999
JUNGFRAU   120517 300  221000-221500   00     165.91  656.0    156.97    -1.40    -9999
JUNGFRAU   120517 300  221500-222000   00     168.03  656.0    158.98    -0.10    -9999
JUNGFRAU   120517 300  222000-222500   00     166.03  656.0    157.14    -1.30    -9999
JUNGFRAU   120517 300  222500-223000   00     166.86  655.9    157.85    -0.80    -9999
JUNGFRAU   120517 300  223000-223500   00     166.43  655.9    157.47    -1.00    -9999
JUNGFRAU   120517 300  223500-224000   00     168.15  655.9    159.15     0.00    -9999
JUNGFRAU   120517 300  224000-224500   00     168.54  655.9    159.40     0.20    -9999
JUNGFRAU   120517 300  224500-225000   00     167.93  655.8    158.75    -0.20    -9999
JUNGFRAU   120517 300  225000-225500   00     168.64  655.8    159.35     0.10    -9999
JUNGFRAU   120517 300  225500-230000   00     167.56  655.8    158.37    -0.50    -9999
JUNGFRAU   120517 300  230000-230500   00     167.82  655.8    158.63    -0.30    -9999
JUNGFRAU   120517 300  230500-231000   00     167.68  655.8    158.46    -0.40    -9999
JUNGFRAU   120517 300  231000-231500   00     169.01  655.8    159.62     0.30    -9999
JUNGFRAU   120517 300  231500-232000   00     168.14  655.8    158.88    -0.20    -9999
JUNGFRAU   120517 300  232000-232500   00     169.16  655.8    159.86     0.50    -9999
JUNGFRAU   120517 300  232500-233000   00     168.28  655.7    158.95    -0.10    -9999
JUNGFRAU   120517 300  233000-233500   00     166.57  655.7    157.35    -1.10    -9999
JUNGFRAU   120517 300  233500-234000   00     168.48  655.7    159.20     0.00    -9999
JUNGFRAU   120517 300  234000-234500   00     168.39  655.8    159.25     0.10    -9999
JUNGFRAU   120517 300  234500-235000   00     167.39  655.8    158.28    -0.50    -9999
JUNGFRAU   120517 300  235000-235500   00     167.74  655.8    158.50    -0.40    -9999
JUNGFRAU   120517 300  235500-240000   00     169.11  655.7    159.75     0.40    -9999
JUNGFRAU   120518 3600 000000-010000   00     168.29  655.3    158.46    -0.40    -9999
JUNGFRAU   120518 3600 010000-020000   00     169.11  655.0    158.95    -0.10    -9999
JUNGFRAU   120518 3600 020000-030000   00     168.06  654.6    157.50    -1.00    -9999
JUNGFRAU   120518 3600 030000-040000   00     168.20  654.4    157.39    -1.10    -9999
JUNGFRAU   120518 3600 040000-050000   00     168.92  654.2    157.82    -0.80    -9999
JUNGFRAU   120518 3600 050000-060000   00     168.51  654.2    157.52    -1.00    -9999
JUNGFRAU   120518 3600 060000-070000   00     169.60  654.3    158.49    -0.40    -9999
JUNGFRAU   120518 3600 070000-080000   00     169.62  654.4    158.72    -0.30    -9999
JUNGFRAU   120518 3600 080000-090000   00     169.62  654.5    158.86    -0.20    -9999
JUNGFRAU   120518 3600 090000-100000   00     169.93  654.7    159.38     0.20    -9999
JUNGFRAU   120518 3600 100000-110000   00     170.80  654.8    160.28     0.70    -9999
JUNGFRAU   120518 3600 110000-120000   00     170.60  655.1    160.41     0.80    -9999
JUNGFRAU   120518 3600 120000-130000   00     170.18  655.2    160.14     0.60    -9999
JUNGFRAU   120518 3600 130000-140000   00     169.66  655.3    159.78     0.40    -9999
JUNGFRAU   120518 3600 140000-150000   00     169.40  655.4    159.63     0.30    -9999
JUNGFRAU   120518 3600 150000-160000   00     169.11  655.4    159.36     0.10    -9999
JUNGFRAU   120518 3600 160000-170000   00     169.54  655.5    159.93     0.50    -9999
JUNGFRAU   120518 3600 170000-180000   00     169.35  655.6    159.80     0.40    -9999
JUNGFRAU   120518 3600 180000-190000   00     168.73  655.8    159.42     0.20    -9999
JUNGFRAU   120518 3600 190000-200000   00     167.72  656.1    158.84    -0.20    -9999
JUNGFRAU   120518 3600 200000-210000   00     167.81  656.4    159.37     0.10    -9999
JUNGFRAU   120518 3600 210000-220000   00     167.73  656.4    159.24     0.10    -9999
JUNGFRAU   120518 3600 220000-230000   00     168.07  656.5    159.62     0.30    -9999
JUNGFRAU   120518 3600 230000-240000   00     167.39  656.3    158.78    -0.20    -9999
*
COMMENT UNIVERISTY OF OULU: FILE GENERATED FROM DATABASE AND OBTAINED FROM
COMMENT https://gle.oulu.fi at 2024-01-15 17:24:22 +00:00
COMMENT FOR HISTORICAL/ORIGINAL TEXT FILES SEE https://gle.oulu.fi/txtarchive/
COMMENT ORIGINAL AT https://gle.oulu.fi/txtarchive/GLE71/C071JUNG.DAT
COMMENT DETRENDED DATA SHOW -9999 IF EQUAL TO INC% COLUMN 