ALMA-ATA-B LATITUDE    43.14     LONGITUDE     76.6      ALTITUDE    3340 M
ALMA-ATA-B INSTRUMENT   18NM64    NEUTRON MONITOR     
ALMA-ATA-B STANDARD PRESSURE    675     mb     COEFFICIENT   -0.72     % / mb
ALMA-ATA-B PRE-INCREASE BASELINE TIME INTERVAL    211028    130000-150000   UT
ALMA-ATA-B PRE-INCREASE AVERAGE COUNTING RATE  1,388.62      COUNTS PER SECOND
ALMA-ATA-B TIME INTERVALS    300         3600     
ALMA-ATA-B SCALE FACTORS     1           1        
STATION    YYMMDD  SEC   TIME (UT)   CODE    UNCORR. PRESS.    CORR.    % INC.	DETRENDED
                         INTERVAL    TD      C/S     (mb)      C/S
ALMA-ATA-B 211027 3600 000000-010000   00    1275.51  681.6   1376.46    -0.88    -9999
ALMA-ATA-B 211027 3600 010000-020000   00    1280.20  681.6   1381.84    -0.49    -9999
ALMA-ATA-B 211027 3600 020000-030000   00    1287.12  681.8   1390.91     0.17    -9999
ALMA-ATA-B 211027 3600 030000-040000   00    1286.60  681.8   1390.81     0.16    -9999
ALMA-ATA-B 211027 3600 040000-050000   00    1286.23  681.8   1390.76     0.15    -9999
ALMA-ATA-B 211027 3600 050000-060000   00    1289.93  681.7   1393.52     0.35    -9999
ALMA-ATA-B 211027 3600 060000-070000   00    1288.00  681.5   1389.82     0.09    -9999
ALMA-ATA-B 211027 3600 070000-080000   00    1288.55  681.5   1389.59     0.07    -9999
ALMA-ATA-B 211027 3600 080000-090000   00    1288.06  681.3   1387.31    -0.09    -9999
ALMA-ATA-B 211027 3600 090000-100000   00    1283.99  681.3   1383.50    -0.37    -9999
ALMA-ATA-B 211027 3600 100000-110000   00    1281.71  681.6   1383.76    -0.35    -9999
ALMA-ATA-B 211027 3600 110000-120000   00    1279.18  681.8   1382.39    -0.45    -9999
ALMA-ATA-B 211027 3600 120000-130000   00    1275.68  682.1   1381.63    -0.50    -9999
ALMA-ATA-B 211027 3600 130000-140000   00    1271.81  682.4   1381.09    -0.54    -9999
ALMA-ATA-B 211027 3600 140000-150000   00    1268.99  682.6   1379.82    -0.63    -9999
ALMA-ATA-B 211027 3600 150000-160000   00    1266.88  682.6   1377.08    -0.83    -9999
ALMA-ATA-B 211027 3600 160000-170000   00    1270.58  682.3   1378.38    -0.74    -9999
ALMA-ATA-B 211027 3600 170000-180000   00    1275.01  681.9   1379.12    -0.68    -9999
ALMA-ATA-B 211027 3600 180000-190000   00    1280.09  681.5   1380.42    -0.59    -9999
ALMA-ATA-B 211027 3600 190000-200000   00    1283.52  681.3   1381.85    -0.49    -9999
ALMA-ATA-B 211027 3600 200000-210000   00    1282.39  681.1   1379.36    -0.67    -9999
ALMA-ATA-B 211027 3600 210000-220000   00    1289.44  680.9   1385.11    -0.25    -9999
ALMA-ATA-B 211027 3600 220000-230000   00    1295.17  680.7   1388.63     0.00    -9999
ALMA-ATA-B 211027 3600 230000-000000   00    1295.96  680.8   1390.89     0.16    -9999
ALMA-ATA-B 211028 3600 000000-010000   00    1296.22  680.9   1392.51     0.28    -9999
ALMA-ATA-B 211028 3600 010000-020000   00    1298.99  680.9   1394.82     0.45    -9999
ALMA-ATA-B 211028 3600 020000-030000   00    1301.43  681.0   1398.96     0.74    -9999
ALMA-ATA-B 211028 3600 030000-040000   00    1301.91  681.2   1401.31     0.91    -9999
ALMA-ATA-B 211028 3600 040000-050000   00    1310.22  681.1   1409.14     1.48    -9999
ALMA-ATA-B 211028 3600 050000-060000   00    1306.38  681.1   1404.82     1.17    -9999
ALMA-ATA-B 211028 3600 060000-070000   00    1299.38  681.3   1399.31     0.77    -9999
ALMA-ATA-B 211028 3600 070000-080000   00    1300.20  681.2   1399.58     0.79    -9999
ALMA-ATA-B 211028 3600 080000-090000   00    1302.43  680.8   1398.33     0.70    -9999
ALMA-ATA-B 211028 3600 090000-100000   00    1302.06  680.7   1396.60     0.57    -9999
ALMA-ATA-B 211028 3600 100000-110000   00    1302.75  680.9   1399.45     0.78    -9999
ALMA-ATA-B 211028 3600 110000-120000   00    1296.94  681.1   1394.76     0.44    -9999
ALMA-ATA-B 211028 300  120000-120500   00    1299.20  681.1   1397.32     0.63    -9999
ALMA-ATA-B 211028 300  120500-121000   00    1297.14  681.1   1395.40     0.49    -9999
ALMA-ATA-B 211028 300  121000-121500   00    1297.18  681.1   1395.38     0.49    -9999
ALMA-ATA-B 211028 300  121500-122000   00    1287.24  681.1   1384.90    -0.27    -9999
ALMA-ATA-B 211028 300  122000-122500   00    1291.40  681.2   1389.86     0.09    -9999
ALMA-ATA-B 211028 300  122500-123000   00    1289.88  681.2   1388.52    -0.01    -9999
ALMA-ATA-B 211028 300  123000-123500   00    1297.12  681.2   1396.18     0.54    -9999
ALMA-ATA-B 211028 300  123500-124000   00    1294.80  681.2   1393.58     0.36    -9999
ALMA-ATA-B 211028 300  124000-124500   00    1290.22  681.2   1388.60     0.00    -9999
ALMA-ATA-B 211028 300  124500-125000   00    1295.58  681.2   1394.44     0.42    -9999
ALMA-ATA-B 211028 300  125000-125500   00    1288.32  681.2   1386.94    -0.12    -9999
ALMA-ATA-B 211028 300  125500-130000   00    1293.32  681.2   1392.46     0.28    -9999
ALMA-ATA-B 211028 300  130000-130500   00    1292.70  681.2   1391.68     0.22    -9999
ALMA-ATA-B 211028 300  130500-131000   00    1299.32  681.2   1398.82     0.73    -9999
ALMA-ATA-B 211028 300  131000-131500   00    1280.50  681.2   1378.56    -0.72    -9999
ALMA-ATA-B 211028 300  131500-132000   00    1289.92  681.2   1388.80     0.01    -9999
ALMA-ATA-B 211028 300  132000-132500   00    1288.04  681.3   1386.96    -0.12    -9999
ALMA-ATA-B 211028 300  132500-133000   00    1286.96  681.3   1386.08    -0.18    -9999
ALMA-ATA-B 211028 300  133000-133500   00    1285.54  681.3   1384.88    -0.27    -9999
ALMA-ATA-B 211028 300  133500-134000   00    1282.78  681.4   1382.24    -0.46    -9999
ALMA-ATA-B 211028 300  134000-134500   00    1293.80  681.3   1394.12     0.40    -9999
ALMA-ATA-B 211028 300  134500-135000   00    1283.86  681.4   1383.52    -0.37    -9999
ALMA-ATA-B 211028 300  135000-135500   00    1287.08  681.3   1386.72    -0.14    -9999
ALMA-ATA-B 211028 300  135500-140000   00    1296.26  681.3   1396.74     0.58    -9999
ALMA-ATA-B 211028 300  140000-140500   00    1286.56  681.3   1386.22    -0.17    -9999
ALMA-ATA-B 211028 300  140500-141000   00    1295.24  681.4   1395.72     0.51    -9999
ALMA-ATA-B 211028 300  141000-141500   00    1287.80  681.3   1387.62    -0.07    -9999
ALMA-ATA-B 211028 300  141500-142000   00    1290.64  681.3   1390.56     0.14    -9999
ALMA-ATA-B 211028 300  142000-142500   00    1289.62  681.3   1389.10     0.03    -9999
ALMA-ATA-B 211028 300  142500-143000   00    1287.56  681.3   1386.56    -0.15    -9999
ALMA-ATA-B 211028 300  143000-143500   00    1289.24  681.3   1388.28    -0.02    -9999
ALMA-ATA-B 211028 300  143500-144000   00    1293.62  681.3   1392.94     0.31    -9999
ALMA-ATA-B 211028 300  144000-144500   00    1275.64  681.3   1373.54    -1.09    -9999
ALMA-ATA-B 211028 300  144500-145000   00    1294.06  681.2   1393.12     0.32    -9999
ALMA-ATA-B 211028 300  145000-145500   00    1295.50  681.3   1394.88     0.45    -9999
ALMA-ATA-B 211028 300  145500-150000   00    1290.34  681.2   1389.26     0.05    -9999
ALMA-ATA-B 211028 300  150000-150500   00    1285.80  681.2   1384.26    -0.31    -9999
ALMA-ATA-B 211028 300  150500-151000   00    1297.22  681.2   1396.40     0.56    -9999
ALMA-ATA-B 211028 300  151000-151500   00    1292.78  681.2   1391.38     0.20    -9999
ALMA-ATA-B 211028 300  151500-152000   00    1292.90  681.2   1391.22     0.19    -9999
ALMA-ATA-B 211028 300  152000-152500   00    1292.54  681.2   1390.80     0.16    -9999
ALMA-ATA-B 211028 300  152500-153000   00    1285.82  681.2   1383.86    -0.34    -9999
ALMA-ATA-B 211028 300  153000-153500   00    1288.02  681.2   1386.38    -0.16    -9999
ALMA-ATA-B 211028 300  153500-154000   00    1297.32  681.2   1396.68     0.58    -9999
ALMA-ATA-B 211028 300  154000-154500   00    1290.78  681.2   1389.48     0.06    -9999
ALMA-ATA-B 211028 300  154500-155000   00    1294.08  681.2   1392.88     0.31    -9999
ALMA-ATA-B 211028 300  155000-155500   00    1297.48  681.2   1396.52     0.57    -9999
ALMA-ATA-B 211028 300  155500-160000   00    1293.86  681.2   1392.36     0.27    -9999
ALMA-ATA-B 211028 300  160000-160500   00    1286.14  681.2   1384.12    -0.32    -9999
ALMA-ATA-B 211028 300  160500-161000   00    1293.58  681.2   1392.14     0.25    -9999
ALMA-ATA-B 211028 300  161000-161500   00    1288.42  681.2   1386.80    -0.13    -9999
ALMA-ATA-B 211028 300  161500-162000   00    1302.16  681.2   1401.42     0.92    -9999
ALMA-ATA-B 211028 300  162000-162500   00    1291.82  681.2   1390.64     0.15    -9999
ALMA-ATA-B 211028 300  162500-163000   00    1299.88  681.2   1399.04     0.75    -9999
ALMA-ATA-B 211028 300  163000-163500   00    1293.36  681.2   1392.52     0.28    -9999
ALMA-ATA-B 211028 300  163500-164000   00    1290.16  681.3   1389.14     0.04    -9999
ALMA-ATA-B 211028 300  164000-164500   00    1281.48  681.3   1379.82    -0.63    -9999
ALMA-ATA-B 211028 300  164500-165000   00    1281.52  681.2   1379.68    -0.64    -9999
ALMA-ATA-B 211028 300  165000-165500   00    1296.64  681.3   1396.10     0.54    -9999
ALMA-ATA-B 211028 300  165500-170000   00    1283.78  681.2   1382.16    -0.47    -9999
ALMA-ATA-B 211028 300  170000-170500   00    1286.82  681.3   1385.64    -0.21    -9999
ALMA-ATA-B 211028 300  170500-171000   00    1287.64  681.3   1386.38    -0.16    -9999
ALMA-ATA-B 211028 300  171000-171500   00    1295.04  681.2   1394.26     0.41    -9999
ALMA-ATA-B 211028 300  171500-172000   00    1282.46  681.2   1380.50    -0.58    -9999
ALMA-ATA-B 211028 300  172000-172500   00    1291.66  681.2   1390.50     0.14    -9999
ALMA-ATA-B 211028 300  172500-173000   00    1288.92  681.2   1387.24    -0.10    -9999
ALMA-ATA-B 211028 300  173000-173500   00    1292.36  681.2   1390.52     0.14    -9999
ALMA-ATA-B 211028 300  173500-174000   00    1283.16  681.2   1380.64    -0.57    -9999
ALMA-ATA-B 211028 300  174000-174500   00    1291.86  681.1   1389.66     0.07    -9999
ALMA-ATA-B 211028 300  174500-175000   00    1283.76  681.1   1381.02    -0.55    -9999
ALMA-ATA-B 211028 300  175000-175500   00    1302.44  681.1   1400.92     0.89    -9999
ALMA-ATA-B 211028 300  175500-180000   00    1283.02  681.0   1379.52    -0.66    -9999
ALMA-ATA-B 211028 300  180000-180500   00    1283.88  681.0   1379.66    -0.65    -9999
ALMA-ATA-B 211028 300  180500-181000   00    1286.54  680.9   1382.12    -0.47    -9999
ALMA-ATA-B 211028 300  181000-181500   00    1291.22  680.9   1386.78    -0.13    -9999
ALMA-ATA-B 211028 300  181500-182000   00    1295.96  680.8   1391.50     0.21    -9999
ALMA-ATA-B 211028 300  182000-182500   00    1278.92  680.8   1372.76    -1.14    -9999
ALMA-ATA-B 211028 300  182500-183000   00    1290.94  680.8   1385.56    -0.22    -9999
ALMA-ATA-B 211028 300  183000-183500   00    1296.60  680.8   1391.54     0.21    -9999
ALMA-ATA-B 211028 300  183500-184000   00    1280.15  680.8   1373.60    -1.08    -9999
ALMA-ATA-B 211028 300  184000-184500   00    1288.98  680.7   1382.74    -0.42    -9999
ALMA-ATA-B 211028 300  184500-185000   00    1294.48  680.7   1388.28    -0.02    -9999
ALMA-ATA-B 211028 300  185000-185500   00    1290.26  680.7   1383.38    -0.38    -9999
ALMA-ATA-B 211028 300  185500-190000   00    1291.10  680.6   1384.12    -0.32    -9999
ALMA-ATA-B 211028 300  190000-190500   00    1296.62  680.7   1390.24     0.12    -9999
ALMA-ATA-B 211028 300  190500-191000   00    1298.40  680.7   1392.10     0.25    -9999
ALMA-ATA-B 211028 300  191000-191500   00    1293.26  680.6   1386.10    -0.18    -9999
ALMA-ATA-B 211028 300  191500-192000   00    1294.06  680.6   1386.78    -0.13    -9999
ALMA-ATA-B 211028 300  192000-192500   00    1294.18  680.6   1386.88    -0.13    -9999
ALMA-ATA-B 211028 300  192500-193000   00    1296.74  680.6   1389.76     0.08    -9999
ALMA-ATA-B 211028 300  193000-193500   00    1291.94  680.6   1384.92    -0.27    -9999
ALMA-ATA-B 211028 300  193500-194000   00    1285.28  680.6   1377.90    -0.77    -9999
ALMA-ATA-B 211028 300  194000-194500   00    1294.12  680.6   1387.34    -0.09    -9999
ALMA-ATA-B 211028 300  194500-195000   00    1285.28  680.6   1377.50    -0.80    -9999
ALMA-ATA-B 211028 300  195000-195500   00    1299.22  680.6   1392.34     0.27    -9999
ALMA-ATA-B 211028 300  195500-200000   00    1292.56  680.6   1385.50    -0.22    -9999
ALMA-ATA-B 211028 300  200000-200500   00    1293.92  680.6   1386.98    -0.12    -9999
ALMA-ATA-B 211028 300  200500-201000   00    1297.10  680.6   1390.44     0.13    -9999
ALMA-ATA-B 211028 300  201000-201500   00    1310.86  680.6   1404.96     1.18    -9999
ALMA-ATA-B 211028 300  201500-202000   00    1293.70  680.6   1386.82    -0.13    -9999
ALMA-ATA-B 211028 300  202000-202500   00    1294.30  680.6   1387.28    -0.10    -9999
ALMA-ATA-B 211028 300  202500-203000   00    1291.36  680.7   1384.72    -0.28    -9999
ALMA-ATA-B 211028 300  203000-203500   00    1297.70  680.7   1391.84     0.23    -9999
ALMA-ATA-B 211028 300  203500-204000   00    1295.70  680.7   1389.54     0.07    -9999
ALMA-ATA-B 211028 300  204000-204500   00    1306.06  680.7   1400.64     0.87    -9999
ALMA-ATA-B 211028 300  204500-205000   00    1291.98  680.7   1385.88    -0.20    -9999
ALMA-ATA-B 211028 300  205000-205500   00    1291.00  680.8   1385.26    -0.24    -9999
ALMA-ATA-B 211028 300  205500-210000   00    1295.74  680.8   1390.92     0.17    -9999
ALMA-ATA-B 211028 300  210000-210500   00    1291.38  680.8   1386.40    -0.16    -9999
ALMA-ATA-B 211028 300  210500-211000   00    1298.22  680.9   1394.00     0.39    -9999
ALMA-ATA-B 211028 300  211000-211500   00    1283.78  680.9   1378.88    -0.70    -9999
ALMA-ATA-B 211028 300  211500-212000   00    1299.64  680.9   1396.02     0.53    -9999
ALMA-ATA-B 211028 300  212000-212500   00    1292.16  680.9   1388.16    -0.03    -9999
ALMA-ATA-B 211028 300  212500-213000   00    1286.46  680.9   1381.98    -0.48    -9999
ALMA-ATA-B 211028 300  213000-213500   00    1287.08  680.8   1381.72    -0.50    -9999
ALMA-ATA-B 211028 300  213500-214000   00    1295.96  680.8   1391.00     0.17    -9999
ALMA-ATA-B 211028 300  214000-214500   00    1291.88  680.9   1387.34    -0.09    -9999
ALMA-ATA-B 211028 300  214500-215000   00    1298.26  680.8   1393.52     0.35    -9999
ALMA-ATA-B 211028 300  215000-215500   00    1301.78  680.8   1397.36     0.63    -9999
ALMA-ATA-B 211028 300  215500-220000   00    1299.34  680.8   1394.96     0.46    -9999
ALMA-ATA-B 211028 300  220000-220500   00    1305.66  680.8   1401.88     0.95    -9999
ALMA-ATA-B 211028 300  220500-221000   00    1296.64  680.9   1392.46     0.28    -9999
ALMA-ATA-B 211028 300  221000-221500   00    1301.74  680.9   1397.72     0.66    -9999
ALMA-ATA-B 211028 300  221500-222000   00    1299.18  680.9   1395.08     0.47    -9999
ALMA-ATA-B 211028 300  222000-222500   00    1295.80  680.9   1391.54     0.21    -9999
ALMA-ATA-B 211028 300  222500-223000   00    1304.04  680.8   1399.64     0.79    -9999
ALMA-ATA-B 211028 300  223000-223500   00    1296.36  680.9   1392.20     0.26    -9999
ALMA-ATA-B 211028 300  223500-224000   00    1298.98  680.9   1395.26     0.48    -9999
ALMA-ATA-B 211028 300  224000-224500   00    1296.54  680.8   1391.62     0.22    -9999
ALMA-ATA-B 211028 300  224500-225000   00    1308.36  680.8   1404.02     1.11    -9999
ALMA-ATA-B 211028 300  225000-225500   00    1297.80  680.7   1392.28     0.26    -9999
ALMA-ATA-B 211028 300  225500-230000   00    1299.38  680.8   1394.40     0.42    -9999
ALMA-ATA-B 211028 300  230000-230500   00    1302.52  680.8   1397.64     0.65    -9999
ALMA-ATA-B 211028 300  230500-231000   00    1304.36  680.8   1399.70     0.80    -9999
ALMA-ATA-B 211028 300  231000-231500   00    1295.14  680.8   1390.30     0.12    -9999
ALMA-ATA-B 211028 300  231500-232000   00    1306.24  680.9   1402.76     1.02    -9999
ALMA-ATA-B 211028 300  232000-232500   00    1300.50  680.9   1396.44     0.56    -9999
ALMA-ATA-B 211028 300  232500-233000   00    1302.36  680.9   1398.92     0.74    -9999
ALMA-ATA-B 211028 300  233000-233500   00    1302.64  680.9   1398.90     0.74    -9999
ALMA-ATA-B 211028 300  233500-234000   00    1305.94  680.8   1402.26     0.98    -9999
ALMA-ATA-B 211028 300  234000-234500   00    1291.12  680.9   1386.96    -0.12    -9999
ALMA-ATA-B 211028 300  234500-235000   00    1315.30  680.8   1412.28     1.70    -9999
ALMA-ATA-B 211028 300  235000-235500   00    1296.90  680.9   1392.78     0.30    -9999
ALMA-ATA-B 211028 300  235500-000000   00    1301.54  680.9   1398.08     0.68    -9999
ALMA-ATA-B 211029 3600 000000-010000   00    1303.23  680.9   1399.88     0.81    -9999
ALMA-ATA-B 211029 3600 010000-020000   00    1303.50  680.9   1399.66     0.79    -9999
ALMA-ATA-B 211029 3600 020000-030000   00    1301.41  680.9   1397.85     0.66    -9999
ALMA-ATA-B 211029 3600 030000-040000   00    1302.38  681.0   1399.85     0.81    -9999
ALMA-ATA-B 211029 3600 040000-050000   00    1300.53  681.0   1398.05     0.68    -9999
ALMA-ATA-B 211029 3600 050000-060000   00    1303.43  681.0   1401.02     0.89    -9999
ALMA-ATA-B 211029 3600 060000-070000   00    1307.54  680.7   1402.54     1.00    -9999
ALMA-ATA-B 211029 3600 070000-080000   00    1307.95  680.6   1401.57     0.93    -9999
ALMA-ATA-B 211029 3600 080000-090000   00    1305.96  680.6   1399.80     0.81    -9999
ALMA-ATA-B 211029 3600 090000-100000   00    1302.67  680.9   1399.01     0.75    -9999
ALMA-ATA-B 211029 3600 100000-110000   00    1293.74  681.4   1394.16     0.40    -9999
ALMA-ATA-B 211029 3600 110000-120000   00    1283.72  681.9   1388.38    -0.02    -9999
ALMA-ATA-B 211029 3600 120000-130000   00    1278.29  682.4   1387.36    -0.09    -9999
ALMA-ATA-B 211029 3600 130000-140000   00    1272.45  682.8   1385.60    -0.22    -9999
ALMA-ATA-B 211029 3600 140000-150000   00    1268.53  683.1   1384.19    -0.32    -9999
ALMA-ATA-B 211029 3600 150000-160000   00    1268.65  683.2   1385.31    -0.24    -9999
ALMA-ATA-B 211029 3600 160000-170000   00    1266.63  683.3   1383.59    -0.36    -9999
ALMA-ATA-B 211029 3600 170000-180000   00    1266.88  683.3   1383.79    -0.35    -9999
ALMA-ATA-B 211029 3600 180000-190000   00    1269.97  683.2   1386.47    -0.15    -9999
ALMA-ATA-B 211029 3600 190000-200000   00    1269.06  683.2   1385.63    -0.22    -9999
ALMA-ATA-B 211029 3600 200000-210000   00    1268.70  683.4   1386.56    -0.15    -9999
ALMA-ATA-B 211029 3600 210000-220000   00    1269.23  683.4   1387.21    -0.10    -9999
ALMA-ATA-B 211029 3600 220000-230000   00    1270.31  683.3   1388.04    -0.04    -9999
ALMA-ATA-B 211029 3600 230000-000000   00    1270.69  683.4   1388.88     0.02    -9999
*
COMMENT  FILE COMPOSED BY ILYA USOSKIN OF THE UNIVERSITY OF OULU
COMMENT  DATA OBTAINED FROM NMDB (30.10.2021)
COMMENT UNIVERISTY OF OULU: FILE GENERATED FROM DATABASE AND OBTAINED FROM
COMMENT https://gle.oulu.fi at 2023-03-30 17:39:06 +00:00
COMMENT FOR HISTORICAL/ORIGINAL TEXT FILES SEE https://gle.oulu.fi/txtarchive/
COMMENT ORIGINAL AT https://gle.oulu.fi/txtarchive/GLE73/C073AATB.DAT
COMMENT DETRENDED DATA SHOW -9999 IF EQUAL TO INC% COLUMN 