MEXICOCITY LATITUDE    19.33     LONGITUDE     260.82    ALTITUDE    2274 M
MEXICOCITY INSTRUMENT   6-NM-64  NEUTRON MONITOR
MEXICOCITY STANDARD PRESSURE    779     mb     COEFFICIENT   -0.71     % / mb
MEXICOCITY PRE-INCREASE BASELINE TIME INTERVAL    211028    130000-150000   UT
MEXICOCITY PRE-INCREASE AVERAGE COUNTING RATE    228.19      COUNTS PER SECOND
MEXICOCITY TIME INTERVALS    300         3600     
MEXICOCITY SCALE FACTORS     10          10       
STATION    YYMMDD  SEC   TIME (UT)   CODE    UNCORR. PRESS.    CORR.    % INC.	DETRENDED
                         INTERVAL    TD      C/S     (mb)      C/S
MEXICOCITY 211027 3600 000000-010000   00     235.03  773.6    226.75    -0.63    -9999
MEXICOCITY 211027 3600 010000-020000   00     233.84  774.4    226.81    -0.60    -9999
MEXICOCITY 211027 3600 020000-030000   00     232.14  775.3    226.70    -0.65    -9999
MEXICOCITY 211027 3600 030000-040000   00     231.01  775.8    226.30    -0.83    -9999
MEXICOCITY 211027 3600 040000-050000   00     230.97  776.1    226.76    -0.63    -9999
MEXICOCITY 211027 3600 050000-060000   00     231.21  776.0    226.79    -0.61    -9999
MEXICOCITY 211027 3600 060000-070000   00     232.17  775.7    227.26    -0.41    -9999
MEXICOCITY 211027 3600 070000-080000   00     232.36  775.3    226.90    -0.57    -9999
MEXICOCITY 211027 3600 080000-090000   00     233.27  775.0    227.25    -0.41    -9999
MEXICOCITY 211027 3600 090000-100000   00     233.97  774.8    227.67    -0.23    -9999
MEXICOCITY 211027 3600 100000-110000   00     233.87  774.9    227.71    -0.21    -9999
MEXICOCITY 211027 3600 110000-120000   00     233.94  774.9    227.76    -0.19    -9999
MEXICOCITY 211027 3600 120000-130000   00     234.33  775.0    228.31     0.05    -9999
MEXICOCITY 211027 3600 130000-140000   00     234.24  775.4    228.77     0.25    -9999
MEXICOCITY 211027 3600 140000-150000   00     232.90  775.6    227.79    -0.18    -9999
MEXICOCITY 211027 3600 150000-160000   00     232.93  775.9    228.35     0.07    -9999
MEXICOCITY 211027 3600 160000-170000   00     233.30  775.6    228.27     0.04    -9999
MEXICOCITY 211027 3600 170000-180000   00     234.86  774.7    228.34     0.07    -9999
MEXICOCITY 211027 3600 180000-190000   00     235.47  773.9    227.56    -0.28    -9999
MEXICOCITY 211027 3600 190000-200000   00     237.44  773.0    228.03    -0.07    -9999
MEXICOCITY 211027 3600 200000-210000   00     238.49  772.2    227.69    -0.22    -9999
MEXICOCITY 211027 3600 210000-220000   00     238.55  771.9    227.34    -0.37    -9999
MEXICOCITY 211027 3600 220000-230000   00     238.55  772.1    227.64    -0.24    -9999
MEXICOCITY 211027 3600 230000-000000   00     237.97  772.6    227.90    -0.13    -9999
MEXICOCITY 211028 3600 000000-010000   00     236.24  773.1    227.12    -0.47    -9999
MEXICOCITY 211028 3600 010000-020000   00     234.83  774.0    227.15    -0.45    -9999
MEXICOCITY 211028 3600 020000-030000   00     233.69  775.1    227.83    -0.16    -9999
MEXICOCITY 211028 3600 030000-040000   00     232.58  775.5    227.39    -0.35    -9999
MEXICOCITY 211028 3600 040000-050000   00     233.16  775.7    228.23     0.02    -9999
MEXICOCITY 211028 3600 050000-060000   00     233.48  775.4    228.08    -0.05    -9999
MEXICOCITY 211028 3600 060000-070000   00     233.72  775.1    227.87    -0.14    -9999
MEXICOCITY 211028 3600 070000-080000   00     234.17  774.9    228.02    -0.07    -9999
MEXICOCITY 211028 3600 080000-090000   00     235.11  774.9    228.86     0.29    -9999
MEXICOCITY 211028 3600 090000-100000   00     235.12  775.0    229.03     0.37    -9999
MEXICOCITY 211028 3600 100000-110000   00     234.45  775.2    228.74     0.24    -9999
MEXICOCITY 211028 3600 110000-120000   00     233.67  775.5    228.45     0.12    -9999
MEXICOCITY 211028 300  120000-120500   00     234.93  775.7    230.02     0.80    -9999
MEXICOCITY 211028 300  120500-121000   00     233.54  775.8    228.82     0.28    -9999
MEXICOCITY 211028 300  121000-121500   00     235.17  775.8    230.45     0.99    -9999
MEXICOCITY 211028 300  121500-122000   00     232.72  775.9    228.18     0.00    -9999
MEXICOCITY 211028 300  122000-122500   00     232.18  775.9    227.64    -0.24    -9999
MEXICOCITY 211028 300  122500-123000   00     230.46  776.0    226.06    -0.93    -9999
MEXICOCITY 211028 300  123000-123500   00     234.48  776.0    230.06     0.82    -9999
MEXICOCITY 211028 300  123500-124000   00     234.19  776.0    229.81     0.71    -9999
MEXICOCITY 211028 300  124000-124500   00     231.46  776.1    227.24    -0.42    -9999
MEXICOCITY 211028 300  124500-125000   00     234.26  776.1    229.98     0.79    -9999
MEXICOCITY 211028 300  125000-125500   00     233.88  776.1    229.64     0.64    -9999
MEXICOCITY 211028 300  125500-130000   00     232.63  776.1    228.41     0.10    -9999
MEXICOCITY 211028 300  130000-130500   00     233.61  776.2    229.47     0.56    -9999
MEXICOCITY 211028 300  130500-131000   00     232.66  776.2    228.60     0.18    -9999
MEXICOCITY 211028 300  131000-131500   00     232.67  776.2    228.61     0.19    -9999
MEXICOCITY 211028 300  131500-132000   00     232.17  776.3    228.22     0.02    -9999
MEXICOCITY 211028 300  132000-132500   00     232.31  776.3    228.42     0.10    -9999
MEXICOCITY 211028 300  132500-133000   00     233.81  776.3    229.90     0.75    -9999
MEXICOCITY 211028 300  133000-133500   00     233.71  776.3    229.80     0.71    -9999
MEXICOCITY 211028 300  133500-134000   00     231.32  776.3    227.45    -0.33    -9999
MEXICOCITY 211028 300  134000-134500   00     232.40  776.3    228.51     0.14    -9999
MEXICOCITY 211028 300  134500-135000   00     230.26  776.3    226.41    -0.78    -9999
MEXICOCITY 211028 300  135000-135500   00     230.31  776.3    226.46    -0.76    -9999
MEXICOCITY 211028 300  135500-140000   00     230.63  776.3    226.84    -0.59    -9999
MEXICOCITY 211028 300  140000-140500   00     232.03  776.4    228.31     0.05    -9999
MEXICOCITY 211028 300  140500-141000   00     231.32  776.4    227.62    -0.25    -9999
MEXICOCITY 211028 300  141000-141500   00     229.59  776.4    225.98    -0.97    -9999
MEXICOCITY 211028 300  141500-142000   00     232.46  776.5    228.87     0.30    -9999
MEXICOCITY 211028 300  142000-142500   00     230.59  776.5    227.05    -0.50    -9999
MEXICOCITY 211028 300  142500-143000   00     232.26  776.5    228.71     0.23    -9999
MEXICOCITY 211028 300  143000-143500   00     233.48  776.6    230.07     0.82    -9999
MEXICOCITY 211028 300  143500-144000   00     231.12  776.7    227.84    -0.15    -9999
MEXICOCITY 211028 300  144000-144500   00     229.34  776.7    226.15    -0.89    -9999
MEXICOCITY 211028 300  144500-145000   00     232.00  776.7    228.77     0.25    -9999
MEXICOCITY 211028 300  145000-145500   00     233.64  776.7    230.42     0.98    -9999
MEXICOCITY 211028 300  145500-150000   00     231.12  776.8    228.04    -0.07    -9999
MEXICOCITY 211028 300  150000-150500   00     230.65  776.8    227.60    -0.26    -9999
MEXICOCITY 211028 300  150500-151000   00     233.55  776.8    230.46     1.00    -9999
MEXICOCITY 211028 300  151000-151500   00     230.60  776.8    227.56    -0.28    -9999
MEXICOCITY 211028 300  151500-152000   00     232.32  776.8    229.26     0.47    -9999
MEXICOCITY 211028 300  152000-152500   00     233.79  776.9    230.80     1.15    -9999
MEXICOCITY 211028 300  152500-153000   00     231.58  776.9    228.69     0.22    -9999
MEXICOCITY 211028 300  153000-153500   00     230.61  776.9    227.72    -0.20    -9999
MEXICOCITY 211028 300  153500-154000   00     232.12  776.9    229.22     0.45    -9999
MEXICOCITY 211028 300  154000-154500   00     228.53  776.9    225.67    -1.10    -9999
MEXICOCITY 211028 300  154500-155000   00     230.90  776.9    228.01    -0.08    -9999
MEXICOCITY 211028 300  155000-155500   00     229.40  776.9    226.53    -0.73    -9999
MEXICOCITY 211028 300  155500-160000   00     231.81  776.8    228.75     0.25    -9999
MEXICOCITY 211028 300  160000-160500   00     229.35  776.8    226.32    -0.82    -9999
MEXICOCITY 211028 300  160500-161000   00     230.82  776.8    227.78    -0.18    -9999
MEXICOCITY 211028 300  161000-161500   00     230.39  776.8    227.34    -0.37    -9999
MEXICOCITY 211028 300  161500-162000   00     231.86  776.7    228.70     0.23    -9999
MEXICOCITY 211028 300  162000-162500   00     231.34  776.7    228.12    -0.03    -9999
MEXICOCITY 211028 300  162500-163000   00     232.81  776.7    229.51     0.58    -9999
MEXICOCITY 211028 300  163000-163500   00     232.22  776.6    228.82     0.28    -9999
MEXICOCITY 211028 300  163500-164000   00     232.64  776.6    229.24     0.46    -9999
MEXICOCITY 211028 300  164000-164500   00     229.34  776.6    225.98    -0.97    -9999
MEXICOCITY 211028 300  164500-165000   00     229.20  776.6    225.86    -1.02    -9999
MEXICOCITY 211028 300  165000-165500   00     232.03  776.6    228.60     0.18    -9999
MEXICOCITY 211028 300  165500-170000   00     232.31  776.5    228.75     0.25    -9999
MEXICOCITY 211028 300  170000-170500   00     233.12  776.4    229.42     0.54    -9999
MEXICOCITY 211028 300  170500-171000   00     233.03  776.4    229.29     0.48    -9999
MEXICOCITY 211028 300  171000-171500   00     232.21  776.3    228.33     0.06    -9999
MEXICOCITY 211028 300  171500-172000   00     231.02  776.2    227.02    -0.51    -9999
MEXICOCITY 211028 300  172000-172500   00     233.47  776.1    229.30     0.49    -9999
MEXICOCITY 211028 300  172500-173000   00     235.42  776.1    231.16     1.30    -9999
MEXICOCITY 211028 300  173000-173500   00     229.59  776.0    225.33    -1.25    -9999
MEXICOCITY 211028 300  173500-174000   00     234.11  776.0    229.70     0.66    -9999
MEXICOCITY 211028 300  174000-174500   00     231.64  775.9    227.15    -0.45    -9999
MEXICOCITY 211028 300  174500-175000   00     234.63  775.9    229.98     0.78    -9999
MEXICOCITY 211028 300  175000-175500   00     233.14  775.8    228.40     0.09    -9999
MEXICOCITY 211028 300  175500-180000   00     232.59  775.7    227.72    -0.20    -9999
MEXICOCITY 211028 300  180000-180500   00     233.90  775.6    228.91     0.32    -9999
MEXICOCITY 211028 300  180500-181000   00     233.63  775.6    228.57     0.17    -9999
MEXICOCITY 211028 300  181000-181500   00     234.10  775.5    228.95     0.33    -9999
MEXICOCITY 211028 300  181500-182000   00     235.99  775.5    230.72     1.11    -9999
MEXICOCITY 211028 300  182000-182500   00     235.98  775.4    230.58     1.05    -9999
MEXICOCITY 211028 300  182500-183000   00     233.63  775.3    228.12    -0.03    -9999
MEXICOCITY 211028 300  183000-183500   00     236.91  775.2    231.16     1.30    -9999
MEXICOCITY 211028 300  183500-184000   00     232.43  775.1    226.66    -0.67    -9999
MEXICOCITY 211028 300  184000-184500   00     235.40  775.1    229.46     0.56    -9999
MEXICOCITY 211028 300  184500-185000   00     233.03  775.0    226.96    -0.54    -9999
MEXICOCITY 211028 300  185000-185500   00     235.16  774.9    228.94     0.33    -9999
MEXICOCITY 211028 300  185500-190000   00     235.14  774.8    228.72     0.23    -9999
MEXICOCITY 211028 300  190000-190500   00     234.48  774.7    227.95    -0.11    -9999
MEXICOCITY 211028 300  190500-191000   00     233.64  774.6    226.96    -0.54    -9999
MEXICOCITY 211028 300  191000-191500   00     235.62  774.6    228.89     0.31    -9999
MEXICOCITY 211028 300  191500-192000   00     235.54  774.5    228.72     0.23    -9999
MEXICOCITY 211028 300  192000-192500   00     236.93  774.4    229.83     0.72    -9999
MEXICOCITY 211028 300  192500-193000   00     234.93  774.4    227.90    -0.13    -9999
MEXICOCITY 211028 300  193000-193500   00     234.02  774.3    226.83    -0.60    -9999
MEXICOCITY 211028 300  193500-194000   00     238.16  774.2    230.63     1.07    -9999
MEXICOCITY 211028 300  194000-194500   00     236.74  774.1    229.16     0.43    -9999
MEXICOCITY 211028 300  194500-195000   00     235.84  774.1    228.29     0.05    -9999
MEXICOCITY 211028 300  195000-195500   00     233.65  774.1    226.14    -0.90    -9999
MEXICOCITY 211028 300  195500-200000   00     238.37  774.0    230.57     1.05    -9999
MEXICOCITY 211028 300  200000-200500   00     236.65  774.0    228.84     0.29    -9999
MEXICOCITY 211028 300  200500-201000   00     238.26  773.9    230.24     0.90    -9999
MEXICOCITY 211028 300  201000-201500   00     235.51  773.8    227.48    -0.31    -9999
MEXICOCITY 211028 300  201500-202000   00     237.11  773.8    228.96     0.34    -9999
MEXICOCITY 211028 300  202000-202500   00     234.21  773.7    226.06    -0.93    -9999
MEXICOCITY 211028 300  202500-203000   00     235.89  773.7    227.69    -0.22    -9999
MEXICOCITY 211028 300  203000-203500   00     236.15  773.7    227.88    -0.14    -9999
MEXICOCITY 211028 300  203500-204000   00     236.98  773.6    228.58     0.17    -9999
MEXICOCITY 211028 300  204000-204500   00     238.76  773.7    230.46     0.99    -9999
MEXICOCITY 211028 300  204500-205000   00     237.11  773.7    228.80     0.27    -9999
MEXICOCITY 211028 300  205000-205500   00     238.47  773.6    230.01     0.80    -9999
MEXICOCITY 211028 300  205500-210000   00     239.05  773.5    230.44     0.99    -9999
MEXICOCITY 211028 300  210000-210500   00     234.05  773.5    225.59    -1.14    -9999
MEXICOCITY 211028 300  210500-211000   00     238.39  773.5    229.78     0.70    -9999
MEXICOCITY 211028 300  211000-211500   00     236.45  773.5    227.90    -0.13    -9999
MEXICOCITY 211028 300  211500-212000   00     235.75  773.5    227.24    -0.42    -9999
MEXICOCITY 211028 300  212000-212500   00     235.55  773.5    227.03    -0.51    -9999
MEXICOCITY 211028 300  212500-213000   00     238.47  773.5    229.81     0.71    -9999
MEXICOCITY 211028 300  213000-213500   00     235.37  773.4    226.70    -0.65    -9999
MEXICOCITY 211028 300  213500-214000   00     237.27  773.2    228.27     0.04    -9999
MEXICOCITY 211028 300  214000-214500   00     237.92  773.1    228.70     0.22    -9999
MEXICOCITY 211028 300  214500-215000   00     237.07  773.1    227.85    -0.15    -9999
MEXICOCITY 211028 300  215000-215500   00     237.63  773.2    228.58     0.17    -9999
MEXICOCITY 211028 300  215500-220000   00     236.54  773.3    227.66    -0.23    -9999
MEXICOCITY 211028 300  220000-220500   00     237.18  773.4    228.44     0.11    -9999
MEXICOCITY 211028 300  220500-221000   00     237.89  773.4    229.17     0.43    -9999
MEXICOCITY 211028 300  221000-221500   00     237.85  773.6    229.36     0.51    -9999
MEXICOCITY 211028 300  221500-222000   00     237.34  773.7    229.12     0.41    -9999
MEXICOCITY 211028 300  222000-222500   00     234.95  773.8    226.95    -0.54    -9999
MEXICOCITY 211028 300  222500-223000   00     235.82  773.8    227.82    -0.16    -9999
MEXICOCITY 211028 300  223000-223500   00     236.35  774.0    228.59     0.18    -9999
MEXICOCITY 211028 300  223500-224000   00     236.95  774.1    229.33     0.50    -9999
MEXICOCITY 211028 300  224000-224500   00     235.38  774.1    227.84    -0.15    -9999
MEXICOCITY 211028 300  224500-225000   00     236.15  774.2    228.72     0.23    -9999
MEXICOCITY 211028 300  225000-225500   00     236.23  774.2    228.83     0.28    -9999
MEXICOCITY 211028 300  225500-230000   00     234.61  774.2    227.29    -0.39    -9999
MEXICOCITY 211028 300  230000-230500   00     236.60  774.3    229.35     0.51    -9999
MEXICOCITY 211028 300  230500-231000   00     237.59  774.2    230.18     0.87    -9999
MEXICOCITY 211028 300  231000-231500   00     233.95  774.1    226.49    -0.74    -9999
MEXICOCITY 211028 300  231500-232000   00     239.41  774.2    231.91     1.63    -9999
MEXICOCITY 211028 300  232000-232500   00     236.79  774.2    229.37     0.52    -9999
MEXICOCITY 211028 300  232500-233000   00     234.55  774.2    227.20    -0.43    -9999
MEXICOCITY 211028 300  233000-233500   00     232.84  774.3    225.70    -1.09    -9999
MEXICOCITY 211028 300  233500-234000   00     234.09  774.4    227.01    -0.52    -9999
MEXICOCITY 211028 300  234000-234500   00     232.55  774.4    225.62    -1.13    -9999
MEXICOCITY 211028 300  234500-235000   00     233.88  774.5    227.04    -0.50    -9999
MEXICOCITY 211028 300  235000-235500   00     236.17  774.5    229.26     0.47    -9999
MEXICOCITY 211028 300  235500-000000   00     234.48  774.5    227.62    -0.25    -9999
MEXICOCITY 211029 3600 000000-010000   00     233.64  775.2    227.91    -0.12    -9999
MEXICOCITY 211029 3600 010000-020000   00     230.52  776.7    227.25    -0.41    -9999
MEXICOCITY 211029 3600 020000-030000   00     229.08  777.8    227.66    -0.23    -9999
MEXICOCITY 211029 3600 030000-040000   00     228.59  778.0    227.43    -0.33    -9999
MEXICOCITY 211029 3600 040000-050000   00     229.57  777.5    227.61    -0.25    -9999
MEXICOCITY 211029 3600 050000-060000   00     231.35  776.8    228.33     0.06    -9999
MEXICOCITY 211029 3600 060000-070000   00     230.93  776.7    227.65    -0.24    -9999
MEXICOCITY 211029 3600 070000-080000   00     231.31  776.9    228.34     0.07    -9999
MEXICOCITY 211029 3600 080000-090000   00     231.69  776.9    228.77     0.26    -9999
MEXICOCITY 211029 3600 090000-100000   00     232.18  776.8    229.10     0.40    -9999
MEXICOCITY 211029 3600 100000-110000   00     232.14  776.8    229.00     0.36    -9999
MEXICOCITY 211029 3600 110000-120000   00     231.92  776.7    228.71     0.23    -9999
MEXICOCITY 211029 3600 120000-130000   00     231.25  777.1    228.70     0.23    -9999
MEXICOCITY 211029 3600 130000-140000   00     230.19  777.7    228.66     0.21    -9999
MEXICOCITY 211029 3600 140000-150000   00     229.28  778.1    228.42     0.10    -9999
MEXICOCITY 211029 3600 150000-160000   00     228.95  778.2    228.17    -0.01    -9999
MEXICOCITY 211029 3600 160000-170000   00     229.72  777.8    228.29     0.04    -9999
MEXICOCITY 211029 3600 170000-180000   00     231.67  777.0    228.88     0.30    -9999
MEXICOCITY 211029 3600 180000-190000   00     232.58  776.0    228.12    -0.03    -9999
MEXICOCITY 211029 3600 190000-200000   00     236.13  774.9    229.86     0.73    -9999
MEXICOCITY 211029 3600 200000-210000   00     236.30  774.1    228.71     0.23    -9999
MEXICOCITY 211029 3600 210000-220000   00     237.34  773.5    228.83     0.28    -9999
MEXICOCITY 211029 3600 220000-230000   00     237.26  773.6    228.76     0.25    -9999
MEXICOCITY 211029 3600 230000-000000   00     236.39  773.9    228.47     0.13    -9999
*
COMMENT  FILE COMPOSED BY ILYA USOSKIN OF THE UNIVERSITY OF OULU
COMMENT  DATA OBTAINED FROM NMDB (30.10.2021)
COMMENT UNIVERISTY OF OULU: FILE GENERATED FROM DATABASE AND OBTAINED FROM
COMMENT https://gle.oulu.fi at 2023-03-30 17:39:06 +00:00
COMMENT FOR HISTORICAL/ORIGINAL TEXT FILES SEE https://gle.oulu.fi/txtarchive/
COMMENT ORIGINAL AT https://gle.oulu.fi/txtarchive/GLE73/C073MXCO.DAT
COMMENT DETRENDED DATA SHOW -9999 IF EQUAL TO INC% COLUMN 