SOPO-6NM64 LATITUDE    -90       LONGITUDE     0         ALTITUDE    2820 M
SOPO-6NM64 INSTRUMENT   6NM64b    NEUTRON MONITOR	
SOPO-6NM64 STANDARD PRESSURE    687.7   MB     COEFFICIENT   -0.75     % / MB
SOPO-6NM64 PRE-INCREASE BASELINE TIME INTERVAL    211028    130000-150000   UT
SOPO-6NM64 PRE-INCREASE AVERAGE COUNTING RATE    160.16      COUNTS PER SECOND
SOPO-6NM64 TIME INTERVALS    300         3600     
SOPO-6NM64 SCALE FACTORS     1           1        
STATION    YYMMDD  SEC   TIME (UT)   CODE    UNCORR. PRESS.    CORR.    % INC.	DETRENDED
                         INTERVAL    TD      C/S     (MB)      C/S
SOPO-6NM64 211027 3600 000000-010000   00     168.69  671.4    158.31    -1.15    -9999
SOPO-6NM64 211027 3600 010000-020000   00     169.44  671.1    158.74    -0.89    -9999
SOPO-6NM64 211027 3600 020000-030000   00     169.36  670.9    158.37    -1.12    -9999
SOPO-6NM64 211027 3600 030000-040000   00     170.61  670.3    158.89    -0.79    -9999
SOPO-6NM64 211027 3600 040000-050000   00     171.48  669.7    158.93    -0.77    -9999
SOPO-6NM64 211027 3600 050000-060000   00     171.29  669.3    158.33    -1.14    -9999
SOPO-6NM64 211027 3600 060000-070000   00     172.21  669.1    158.94    -0.76    -9999
SOPO-6NM64 211027 3600 070000-080000   00     172.48  668.9    158.95    -0.76    -9999
SOPO-6NM64 211027 3600 080000-090000   00     172.75  668.5    158.71    -0.91    -9999
SOPO-6NM64 211027 3600 090000-100000   00     173.11  668.2    158.74    -0.89    -9999
SOPO-6NM64 211027 3600 100000-110000   00     173.23  667.9    158.48    -1.05    -9999
SOPO-6NM64 211027 3600 110000-120000   00     173.81  667.8    158.88    -0.80    -9999
SOPO-6NM64 211027 3600 120000-130000   00     174.59  667.9    159.65    -0.32    -9999
SOPO-6NM64 211027 3600 130000-140000   00     174.68  667.7    159.58    -0.36    -9999
SOPO-6NM64 211027 3600 140000-150000   00     175.11  667.5    159.65    -0.32    -9999
SOPO-6NM64 211027 3600 150000-160000   00     174.80  667.5    159.37    -0.49    -9999
SOPO-6NM64 211027 3600 160000-170000   00     175.16  667.7    159.95    -0.13    -9999
SOPO-6NM64 211027 3600 170000-180000   00     174.93  667.8    159.92    -0.15    -9999
SOPO-6NM64 211027 3600 180000-190000   00     173.91  668.1    159.33    -0.52    -9999
SOPO-6NM64 211027 3600 190000-200000   00     172.87  668.6    158.89    -0.79    -9999
SOPO-6NM64 211027 3600 200000-210000   00     172.06  669.1    158.78    -0.86    -9999
SOPO-6NM64 211027 3600 210000-220000   00     171.55  669.8    159.18    -0.61    -9999
SOPO-6NM64 211027 3600 220000-230000   00     170.43  670.7    159.12    -0.65    -9999
SOPO-6NM64 211027 3600 230000-240000   00     169.71  671.4    159.30    -0.53    -9999
SOPO-6NM64 211028 3600 000000-010000   00     168.35  672.2    158.95    -0.76    -9999
SOPO-6NM64 211028 3600 010000-020000   00     167.86  672.8    159.20    -0.60    -9999
SOPO-6NM64 211028 3600 020000-030000   00     167.13  673.1    158.89    -0.79    -9999
SOPO-6NM64 211028 3600 030000-040000   00     166.20  674.0    158.99    -0.73    -9999
SOPO-6NM64 211028 3600 040000-050000   00     165.08  674.9    158.98    -0.74    -9999
SOPO-6NM64 211028 3600 050000-060000   00     164.66  675.5    159.38    -0.49    -9999
SOPO-6NM64 211028 3600 060000-070000   00     163.95  676.4    159.66    -0.31    -9999
SOPO-6NM64 211028 3600 070000-080000   00     163.09  677.1    159.70    -0.29    -9999
SOPO-6NM64 211028 3600 080000-090000   00     162.81  677.6    160.05    -0.07    -9999
SOPO-6NM64 211028 3600 090000-100000   00     161.95  678.2    159.90    -0.16    -9999
SOPO-6NM64 211028 3600 100000-110000   00     161.63  678.9    160.43     0.17    -9999
SOPO-6NM64 211028 3600 110000-120000   00     161.02  679.6    160.57     0.25    -9999
SOPO-6NM64 211028 300  120000-120500   00     160.95  679.9    160.87     0.44    -9999
SOPO-6NM64 211028 300  120500-121000   00     160.96  679.9    160.90     0.46    -9999
SOPO-6NM64 211028 300  121000-121500   00     160.83  679.9    160.80     0.40    -9999
SOPO-6NM64 211028 300  121500-122000   00     160.75  680.0    160.78     0.39    -9999
SOPO-6NM64 211028 300  122000-122500   00     160.45  680.0    160.47     0.19    -9999
SOPO-6NM64 211028 300  122500-123000   00     159.77  680.0    159.78    -0.24    -9999
SOPO-6NM64 211028 300  123000-123500   00     158.36  680.0    158.41    -1.09    -9999
SOPO-6NM64 211028 300  123500-124000   00     160.86  680.1    161.00     0.53    -9999
SOPO-6NM64 211028 300  124000-124500   00     159.74  680.1    159.94    -0.14    -9999
SOPO-6NM64 211028 300  124500-125000   00     160.97  680.1    161.18     0.64    -9999
SOPO-6NM64 211028 300  125000-125500   00     160.45  680.1    160.66     0.31    -9999
SOPO-6NM64 211028 300  125500-130000   00     159.57  680.2    159.82    -0.21    -9999
SOPO-6NM64 211028 300  130000-130500   00     159.87  680.2    160.17     0.01    -9999
SOPO-6NM64 211028 300  130500-131000   00     158.77  680.2    159.07    -0.68    -9999
SOPO-6NM64 211028 300  131000-131500   00     159.07  680.3    159.49    -0.42    -9999
SOPO-6NM64 211028 300  131500-132000   00     158.77  680.3    159.20    -0.60    -9999
SOPO-6NM64 211028 300  132000-132500   00     160.56  680.3    161.03     0.54    -9999
SOPO-6NM64 211028 300  132500-133000   00     160.70  680.4    161.21     0.66    -9999
SOPO-6NM64 211028 300  133000-133500   00     159.87  680.4    160.44     0.17    -9999
SOPO-6NM64 211028 300  133500-134000   00     160.24  680.5    160.87     0.44    -9999
SOPO-6NM64 211028 300  134000-134500   00     159.32  680.5    159.96    -0.13    -9999
SOPO-6NM64 211028 300  134500-135000   00     160.56  680.5    161.21     0.66    -9999
SOPO-6NM64 211028 300  135000-135500   00     159.06  680.5    159.71    -0.28    -9999
SOPO-6NM64 211028 300  135500-140000   00     159.54  680.5    160.21     0.03    -9999
SOPO-6NM64 211028 300  140000-140500   00     159.00  680.5    159.70    -0.29    -9999
SOPO-6NM64 211028 300  140500-141000   00     159.55  680.6    160.27     0.07    -9999
SOPO-6NM64 211028 300  141000-141500   00     159.92  680.6    160.64     0.30    -9999
SOPO-6NM64 211028 300  141500-142000   00     159.62  680.6    160.35     0.12    -9999
SOPO-6NM64 211028 300  142000-142500   00     158.65  680.6    159.43    -0.46    -9999
SOPO-6NM64 211028 300  142500-143000   00     158.22  680.6    159.03    -0.71    -9999
SOPO-6NM64 211028 300  143000-143500   00     159.96  680.6    160.75     0.37    -9999
SOPO-6NM64 211028 300  143500-144000   00     160.16  680.7    161.01     0.53    -9999
SOPO-6NM64 211028 300  144000-144500   00     160.04  680.7    160.88     0.45    -9999
SOPO-6NM64 211028 300  144500-145000   00     159.24  680.7    160.13    -0.02    -9999
SOPO-6NM64 211028 300  145000-145500   00     158.79  680.8    159.79    -0.23    -9999
SOPO-6NM64 211028 300  145500-150000   00     158.25  680.8    159.30    -0.54    -9999
SOPO-6NM64 211028 300  150000-150500   00     159.57  680.9    160.65     0.30     0.35
SOPO-6NM64 211028 300  150500-151000   00     159.27  680.9    160.39     0.14     0.19
SOPO-6NM64 211028 300  151000-151500   00     158.30  680.9    159.46    -0.43    -0.37
SOPO-6NM64 211028 300  151500-152000   00     159.86  681.0    161.08     0.58     0.64
SOPO-6NM64 211028 300  152000-152500   00     159.18  681.0    160.40     0.15     0.21
SOPO-6NM64 211028 300  152500-153000   00     160.26  681.0    161.56     0.87     0.94
SOPO-6NM64 211028 300  153000-153500   00     158.82  681.1    160.23     0.04     0.11
SOPO-6NM64 211028 300  153500-154000   00     158.37  681.2    159.88    -0.18    -0.10
SOPO-6NM64 211028 300  154000-154500   00     158.52  681.2    160.04    -0.08     0.00
SOPO-6NM64 211028 300  154500-155000   00     159.02  681.3    160.62     0.29     0.37
SOPO-6NM64 211028 300  155000-155500   00     162.43  681.3    164.04     2.42     2.51
SOPO-6NM64 211028 300  155500-160000   00     162.38  681.3    163.98     2.39     2.48
SOPO-6NM64 211028 300  160000-160500   00     162.42  681.3    164.03     2.42     2.52
SOPO-6NM64 211028 300  160500-161000   00     165.83  681.3    167.47     4.57     4.67
SOPO-6NM64 211028 300  161000-161500   00     166.08  681.4    167.82     4.78     4.88
SOPO-6NM64 211028 300  161500-162000   00     168.40  681.4    170.23     6.28     6.39
SOPO-6NM64 211028 300  162000-162500   00     168.30  681.4    170.19     6.26     6.37
SOPO-6NM64 211028 300  162500-163000   00     168.37  681.5    170.36     6.37     6.49
SOPO-6NM64 211028 300  163000-163500   00     168.35  681.6    170.38     6.38     6.50
SOPO-6NM64 211028 300  163500-164000   00     167.51  681.5    169.49     5.83     5.95
SOPO-6NM64 211028 300  164000-164500   00     167.05  681.6    169.05     5.55     5.68
SOPO-6NM64 211028 300  164500-165000   00     168.80  681.6    170.93     6.72     6.85
SOPO-6NM64 211028 300  165000-165500   00     168.19  681.7    170.41     6.40     6.53
SOPO-6NM64 211028 300  165500-170000   00     167.29  681.8    169.54     5.85     5.99
SOPO-6NM64 211028 300  170000-170500   00     167.37  681.8    169.66     5.93     6.07
SOPO-6NM64 211028 300  170500-171000   00     166.50  681.8    168.74     5.36     5.51
SOPO-6NM64 211028 300  171000-171500   00     167.23  681.7    169.44     5.79     5.94
SOPO-6NM64 211028 300  171500-172000   00     166.61  681.7    168.82     5.41     5.56
SOPO-6NM64 211028 300  172000-172500   00     167.22  681.8    169.48     5.82     5.98
SOPO-6NM64 211028 300  172500-173000   00     168.80  681.8    171.17     6.87     7.03
SOPO-6NM64 211028 300  173000-173500   00     166.96  681.9    169.36     5.75     5.92
SOPO-6NM64 211028 300  173500-174000   00     166.37  681.9    168.78     5.38     5.55
SOPO-6NM64 211028 300  174000-174500   00     167.77  681.9    170.20     6.27     6.44
SOPO-6NM64 211028 300  174500-175000   00     167.40  681.9    169.88     6.07     6.25
SOPO-6NM64 211028 300  175000-175500   00     166.79  682.0    169.33     5.73     5.91
SOPO-6NM64 211028 300  175500-180000   00     166.19  682.0    168.71     5.34     5.53
SOPO-6NM64 211028 300  180000-180500   00     165.93  681.9    168.41     5.15     5.34
SOPO-6NM64 211028 300  180500-181000   00     166.23  681.9    168.66     5.31     5.50
SOPO-6NM64 211028 300  181000-181500   00     164.63  681.9    167.00     4.27     4.47
SOPO-6NM64 211028 300  181500-182000   00     166.40  681.9    168.83     5.41     5.61
SOPO-6NM64 211028 300  182000-182500   00     165.69  681.9    168.13     4.97     5.18
SOPO-6NM64 211028 300  182500-183000   00     163.75  681.9    166.15     3.74     3.95
SOPO-6NM64 211028 300  183000-183500   00     164.91  681.9    167.31     4.47     4.68
SOPO-6NM64 211028 300  183500-184000   00     165.27  681.9    167.72     4.72     4.94
SOPO-6NM64 211028 300  184000-184500   00     164.15  682.0    166.64     4.05     4.27
SOPO-6NM64 211028 300  184500-185000   00     165.00  682.0    167.54     4.61     4.84
SOPO-6NM64 211028 300  185000-185500   00     163.64  682.1    166.27     3.81     4.04
SOPO-6NM64 211028 300  185500-190000   00     164.01  682.1    166.65     4.05     4.28
SOPO-6NM64 211028 300  190000-190500   00     164.19  682.1    166.81     4.15     4.39
SOPO-6NM64 211028 300  190500-191000   00     164.85  682.1    167.49     4.58     4.82
SOPO-6NM64 211028 300  191000-191500   00     162.40  682.1    165.05     3.06     3.31
SOPO-6NM64 211028 300  191500-192000   00     162.71  682.2    165.42     3.28     3.53
SOPO-6NM64 211028 300  192000-192500   00     161.93  682.2    164.65     2.80     3.05
SOPO-6NM64 211028 300  192500-193000   00     163.58  682.2    166.36     3.87     4.13
SOPO-6NM64 211028 300  193000-193500   00     161.82  682.3    164.62     2.79     3.05
SOPO-6NM64 211028 300  193500-194000   00     162.82  682.4    165.75     3.49     3.76
SOPO-6NM64 211028 300  194000-194500   00     161.33  682.4    164.29     2.58     2.85
SOPO-6NM64 211028 300  194500-195000   00     161.32  682.4    164.27     2.57     2.84
SOPO-6NM64 211028 300  195000-195500   00     159.89  682.4    162.79     1.64     1.92
SOPO-6NM64 211028 300  195500-200000   00     161.26  682.4    164.21     2.53     2.81
SOPO-6NM64 211028 300  200000-200500   00     160.13  682.5    163.13     1.85     2.14
SOPO-6NM64 211028 300  200500-201000   00     161.36  682.5    164.43     2.67     2.96
SOPO-6NM64 211028 300  201000-201500   00     160.29  682.5    163.38     2.01     2.30
SOPO-6NM64 211028 300  201500-202000   00     161.45  682.6    164.61     2.78     3.08
SOPO-6NM64 211028 300  202000-202500   00     160.15  682.6    163.32     1.97     2.27
SOPO-6NM64 211028 300  202500-203000   00     161.84  682.6    165.06     3.06     3.37
SOPO-6NM64 211028 300  203000-203500   00     159.14  682.6    162.33     1.35     1.66
SOPO-6NM64 211028 300  203500-204000   00     160.46  682.7    163.74     2.23     2.54
SOPO-6NM64 211028 300  204000-204500   00     160.38  682.7    163.69     2.20     2.52
SOPO-6NM64 211028 300  204500-205000   00     161.12  682.7    164.47     2.69     3.01
SOPO-6NM64 211028 300  205000-205500   00     159.58  682.8    162.95     1.74     2.07
SOPO-6NM64 211028 300  205500-210000   00     160.31  682.8    163.70     2.21     2.54
SOPO-6NM64 211028 300  210000-210500   00     160.08  682.7    163.40     2.02     2.35
SOPO-6NM64 211028 300  210500-211000   00     159.32  682.8    162.67     1.57     1.91
SOPO-6NM64 211028 300  211000-211500   00     159.44  682.8    162.89     1.71     2.05
SOPO-6NM64 211028 300  211500-212000   00     160.22  682.9    163.71     2.22     2.57
SOPO-6NM64 211028 300  212000-212500   00     160.08  682.9    163.57     2.13     2.48
SOPO-6NM64 211028 300  212500-213000   00     160.29  682.9    163.78     2.26     2.61
SOPO-6NM64 211028 300  213000-213500   00     158.89  682.9    162.36     1.37     1.73
SOPO-6NM64 211028 300  213500-214000   00     159.12  682.9    162.64     1.55     1.91
SOPO-6NM64 211028 300  214000-214500   00     158.64  682.9    162.19     1.27     1.63
SOPO-6NM64 211028 300  214500-215000   00     159.52  683.0    163.10     1.84     2.21
SOPO-6NM64 211028 300  215000-215500   00     160.02  682.9    163.58     2.14     2.51
SOPO-6NM64 211028 300  215500-220000   00     159.62  682.9    163.14     1.86     2.24
SOPO-6NM64 211028 300  220000-220500   00     160.74  682.9    164.28     2.57     2.95
SOPO-6NM64 211028 300  220500-221000   00     159.40  682.8    162.84     1.68     2.06
SOPO-6NM64 211028 300  221000-221500   00     158.63  682.8    161.98     1.13     1.52
SOPO-6NM64 211028 300  221500-222000   00     159.16  682.8    162.51     1.47     1.86
SOPO-6NM64 211028 300  222000-222500   00     160.26  682.7    163.62     2.16     2.56
SOPO-6NM64 211028 300  222500-223000   00     158.66  682.8    162.01     1.15     1.55
SOPO-6NM64 211028 300  223000-223500   00     159.02  682.8    162.39     1.39     1.79
SOPO-6NM64 211028 300  223500-224000   00     157.70  682.8    161.08     0.58     0.99
SOPO-6NM64 211028 300  224000-224500   00     159.02  682.8    162.47     1.44     1.85
SOPO-6NM64 211028 300  224500-225000   00     158.50  682.8    161.94     1.11     1.53
SOPO-6NM64 211028 300  225000-225500   00     158.75  682.8    162.17     1.26     1.68
SOPO-6NM64 211028 300  225500-230000   00     157.85  682.8    161.23     0.67     1.09
SOPO-6NM64 211028 300  230000-230500   00     158.10  682.8    161.46     0.81     1.24
SOPO-6NM64 211028 300  230500-231000   00     158.87  682.8    162.26     1.31     1.74
SOPO-6NM64 211028 300  231000-231500   00     158.83  682.8    162.21     1.28     1.72
SOPO-6NM64 211028 300  231500-232000   00     158.10  682.7    161.36     0.75     1.19
SOPO-6NM64 211028 300  232000-232500   00     158.39  682.7    161.62     0.91     1.35
SOPO-6NM64 211028 300  232500-233000   00     159.05  682.7    162.28     1.32     1.77
SOPO-6NM64 211028 300  233000-233500   00     158.46  682.7    161.69     0.95     1.40
SOPO-6NM64 211028 300  233500-234000   00     157.72  682.7    160.95     0.49     0.95
SOPO-6NM64 211028 300  234000-234500   00     158.49  682.7    161.73     0.98     1.44
SOPO-6NM64 211028 300  234500-235000   00     157.70  682.7    160.93     0.48     0.94
SOPO-6NM64 211028 300  235000-235500   00     157.28  682.7    160.52     0.22     0.69
SOPO-6NM64 211028 300  235500-240000   00     156.53  682.7    159.80    -0.23     0.24
SOPO-6NM64 211029 3600 000000-010000   00     157.12  682.8    160.52     0.23     0.73
SOPO-6NM64 211029 3600 010000-020000   00     156.20  682.8    159.54    -0.39     0.16
SOPO-6NM64 211029 3600 020000-030000   00     155.70  682.8    158.98    -0.74    -0.15
SOPO-6NM64 211029 3600 030000-040000   00     156.15  682.5    159.10    -0.66    -9999
SOPO-6NM64 211029 3600 040000-050000   00     156.21  682.5    159.19    -0.61    -9999
SOPO-6NM64 211029 3600 050000-060000   00     155.78  682.6    158.86    -0.81    -9999
SOPO-6NM64 211029 3600 060000-070000   00     155.85  682.5    158.80    -0.85    -9999
SOPO-6NM64 211029 3600 070000-080000   00     155.48  682.5    158.51    -1.03    -9999
SOPO-6NM64 211029 3600 080000-090000   00     155.49  682.5    158.49    -1.04    -9999
SOPO-6NM64 211029 3600 090000-100000   00     155.43  682.5    158.41    -1.09    -9999
SOPO-6NM64 211029 3600 100000-110000   00     156.04  682.5    159.04    -0.70    -9999
SOPO-6NM64 211029 3600 110000-120000   00     156.09  682.2    158.76    -0.88    -9999
SOPO-6NM64 211029 3600 120000-130000   00     156.97  682.2    159.58    -0.36    -9999
SOPO-6NM64 211029 3600 130000-140000   00     156.65  682.1    159.11    -0.66    -9999
SOPO-6NM64 211029 3600 140000-150000   00     157.10  682.0    159.54    -0.39    -9999
SOPO-6NM64 211029 3600 150000-160000   00     157.33  682.1    159.89    -0.17    -9999
SOPO-6NM64 211029 3600 160000-170000   00     158.22  681.8    160.38     0.14    -9999
SOPO-6NM64 211029 3600 170000-180000   00     157.91  681.9    160.22     0.04    -9999
SOPO-6NM64 211029 3600 180000-190000   00     157.94  682.1    160.52     0.22    -9999
SOPO-6NM64 211029 3600 190000-200000   00     158.00  682.3    160.72     0.35    -9999
SOPO-6NM64 211029 3600 200000-210000   00     158.14  682.2    160.76     0.38    -9999
SOPO-6NM64 211029 3600 210000-220000   00     157.92  682.0    160.35     0.12    -9999
SOPO-6NM64 211029 3600 220000-230000   00     158.39  681.7    160.50     0.21    -9999
SOPO-6NM64 211029 3600 230000-240000   00     158.66  681.5    160.54     0.24    -9999
*
COMMENT  FILE COMPOSED BY ILYA USOSKIN OF THE UNIVERSITY OF OULU
COMMENT  DATA OBTAINED FROM NMDB (15.05.2022)
COMMENT UNIVERISTY OF OULU: FILE GENERATED FROM DATABASE AND OBTAINED FROM
COMMENT https://gle.oulu.fi at 2023-03-30 17:39:06 +00:00
COMMENT FOR HISTORICAL/ORIGINAL TEXT FILES SEE https://gle.oulu.fi/txtarchive/
COMMENT ORIGINAL AT https://gle.oulu.fi/txtarchive/GLE73/C073SOPB_cor.DAT
COMMENT DETRENDED DATA SHOW -9999 IF EQUAL TO INC% COLUMN 