DOMC       LATITUDE    75.1      LONGITUDE     -123.38   ALTITUDE    3233 M
DOMC       INSTRUMENT   MINI NEUTRON MONITOR	
DOMC       STANDARD PRESSURE    650     MB     COEFFICIENT   -0.754    % / MB
DOMC       PRE-INCREASE BASELINE TIME INTERVAL    211028    130000-150000   UT
DOMC       PRE-INCREASE AVERAGE COUNTING RATE     18.61      COUNTS PER SECOND
DOMC       TIME INTERVALS    300         3600     
DOMC       SCALE FACTORS     1           1        
STATION    YYMMDD  SEC   TIME (UT)   CODE    UNCORR. PRESS.    CORR.    % INC.	DETRENDED
                         INTERVAL    TD      C/S     (MB)      C/S
DOMC       211027 3600 000000-010000   00      22.55  642.1     18.49    -0.61    -9999
DOMC       211027 3600 010000-020000   00      22.69  641.5     18.53    -0.42    -9999
DOMC       211027 3600 020000-030000   00      22.92  641.0     18.64     0.16    -9999
DOMC       211027 3600 030000-040000   00      22.93  640.7     18.59    -0.07    -9999
DOMC       211027 3600 040000-050000   00      22.84  640.0     18.43    -0.95    -9999
DOMC       211027 3600 050000-060000   00      23.08  639.1     18.50    -0.60    -9999
DOMC       211027 3600 060000-070000   00      23.42  638.4     18.66     0.27    -9999
DOMC       211027 3600 070000-080000   00      23.36  638.0     18.55    -0.28    -9999
DOMC       211027 3600 080000-090000   00      23.39  637.3     18.49    -0.65    -9999
DOMC       211027 3600 090000-100000   00      23.58  636.7     18.55    -0.32    -9999
DOMC       211027 3600 100000-110000   00      23.74  635.9     18.57    -0.21    -9999
DOMC       211027 3600 110000-120000   00      23.90  635.3     18.60    -0.04    -9999
DOMC       211027 3600 120000-130000   00      24.06  634.6     18.62     0.07    -9999
DOMC       211027 3600 130000-140000   00      24.07  633.8     18.51    -0.54    -9999
DOMC       211027 3600 140000-150000   00      24.38  633.0     18.64     0.18    -9999
DOMC       211027 3600 150000-160000   00      24.42  632.3     18.56    -0.25    -9999
DOMC       211027 3600 160000-170000   00      24.63  631.3     18.59    -0.09    -9999
DOMC       211027 3600 170000-180000   00      24.68  630.7     18.54    -0.37    -9999
DOMC       211027 3600 180000-190000   00      24.59  629.8     18.35    -1.40    -9999
DOMC       211027 3600 190000-200000   00      24.93  629.1     18.49    -0.63    -9999
DOMC       211027 3600 200000-210000   00      25.12  628.4     18.53    -0.39    -9999
DOMC       211027 3600 210000-220000   00      25.35  627.7     18.60    -0.02    -9999
DOMC       211027 3600 220000-230000   00      25.37  627.0     18.53    -0.43    -9999
DOMC       211027 3600 230000-000000   00      25.26  626.8     18.41    -1.07    -9999
DOMC       211028 3600 000000-010000   00      25.64  626.4     18.64     0.16    -9999
DOMC       211028 3600 010000-020000   00      25.41  626.0     18.41    -1.07    -9999
DOMC       211028 3600 020000-030000   00      25.81  625.3     18.61    -0.01    -9999
DOMC       211028 3600 030000-040000   00      25.95  624.9     18.64     0.20    -9999
DOMC       211028 3600 040000-050000   00      26.04  624.7     18.67     0.36    -9999
DOMC       211028 3600 050000-060000   00      26.05  624.4     18.65     0.22    -9999
DOMC       211028 3600 060000-070000   00      26.19  624.5     18.76     0.83    -9999
DOMC       211028 3600 070000-080000   00      26.06  624.7     18.69     0.44    -9999
DOMC       211028 3600 080000-090000   00      26.08  624.6     18.69     0.45    -9999
DOMC       211028 3600 090000-100000   00      25.93  624.7     18.60    -0.03    -9999
DOMC       211028 3600 100000-110000   00      26.05  624.8     18.70     0.49    -9999
DOMC       211028 3600 110000-120000   00      25.99  624.9     18.68     0.37    -9999
DOMC       211028 300  120000-120500   00      26.19  625.0     18.84     1.23    -9999
DOMC       211028 300  120500-121000   00      26.13  625.0     18.79     0.99    -9999
DOMC       211028 300  121000-121500   00      25.64  625.1     18.44    -0.88    -9999
DOMC       211028 300  121500-122000   00      25.80  625.1     18.56    -0.25    -9999
DOMC       211028 300  122000-122500   00      25.30  625.1     18.21    -2.14    -9999
DOMC       211028 300  122500-123000   00      26.12  625.1     18.80     1.04    -9999
DOMC       211028 300  123000-123500   00      26.13  625.1     18.80     1.06    -9999
DOMC       211028 300  123500-124000   00      26.07  625.2     18.77     0.87    -9999
DOMC       211028 300  124000-124500   00      25.85  625.2     18.60    -0.02    -9999
DOMC       211028 300  124500-125000   00      25.78  625.1     18.55    -0.29    -9999
DOMC       211028 300  125000-125500   00      26.02  625.1     18.72     0.63    -9999
DOMC       211028 300  125500-130000   00      25.82  625.1     18.58    -0.13    -9999
DOMC       211028 300  130000-130500   00      26.13  625.1     18.80     1.03    -9999
DOMC       211028 300  130500-131000   00      26.58  625.1     19.13     2.80    -9999
DOMC       211028 300  131000-131500   00      25.23  625.1     18.16    -2.39    -9999
DOMC       211028 300  131500-132000   00      26.13  625.2     18.81     1.10    -9999
DOMC       211028 300  132000-132500   00      26.01  625.2     18.73     0.67    -9999
DOMC       211028 300  132500-133000   00      25.69  625.2     18.50    -0.59    -9999
DOMC       211028 300  133000-133500   00      24.91  625.2     17.94    -3.58    -9999
DOMC       211028 300  133500-134000   00      26.04  625.2     18.75     0.79    -9999
DOMC       211028 300  134000-134500   00      26.84  625.2     19.33     3.88    -9999
DOMC       211028 300  134500-135000   00      25.57  625.1     18.41    -1.08    -9999
DOMC       211028 300  135000-135500   00      25.34  625.2     18.24    -1.98    -9999
DOMC       211028 300  135500-140000   00      25.85  625.2     18.61     0.03    -9999
DOMC       211028 300  140000-140500   00      25.19  625.2     18.14    -2.52    -9999
DOMC       211028 300  140500-141000   00      25.56  625.2     18.41    -1.06    -9999
DOMC       211028 300  141000-141500   00      25.90  625.2     18.65     0.24    -9999
DOMC       211028 300  141500-142000   00      26.15  625.3     18.84     1.25    -9999
DOMC       211028 300  142000-142500   00      25.95  625.3     18.70     0.51    -9999
DOMC       211028 300  142500-143000   00      26.22  625.4     18.90     1.59    -9999
DOMC       211028 300  143000-143500   00      25.28  625.4     18.23    -2.04    -9999
DOMC       211028 300  143500-144000   00      25.66  625.4     18.51    -0.53    -9999
DOMC       211028 300  144000-144500   00      26.65  625.5     19.23     3.32    -9999
DOMC       211028 300  144500-145000   00      25.87  625.5     18.66     0.31    -9999
DOMC       211028 300  145000-145500   00      25.58  625.5     18.45    -0.82    -9999
DOMC       211028 300  145500-150000   00      25.55  625.5     18.44    -0.91    -9999
DOMC       211028 300  150000-150500   00      26.03  625.5     18.79     0.98     0.94
DOMC       211028 300  150500-151000   00      25.96  625.5     18.73     0.69     0.65
DOMC       211028 300  151000-151500   00      26.32  625.5     19.00     2.10     2.06
DOMC       211028 300  151500-152000   00      26.19  625.5     18.91     1.62     1.58
DOMC       211028 300  152000-152500   00      25.43  625.5     18.36    -1.33    -1.38
DOMC       211028 300  152500-153000   00      25.72  625.6     18.57    -0.18    -0.23
DOMC       211028 300  153000-153500   00      26.04  625.6     18.80     1.06     1.01
DOMC       211028 300  153500-154000   00      25.17  625.6     18.18    -2.32    -2.38
DOMC       211028 300  154000-154500   00      26.25  625.6     18.96     1.88     1.82
DOMC       211028 300  154500-155000   00      25.34  625.6     18.30    -1.63    -1.69
DOMC       211028 300  155000-155500   00      25.83  625.6     18.66     0.28     0.22
DOMC       211028 300  155500-160000   00      25.76  625.6     18.61     0.01    -0.06
DOMC       211028 300  160000-160500   00      26.30  625.7     19.01     2.18     2.11
DOMC       211028 300  160500-161000   00      25.87  625.7     18.70     0.52     0.45
DOMC       211028 300  161000-161500   00      26.10  625.7     18.87     1.42     1.34
DOMC       211028 300  161500-162000   00      26.22  625.8     18.96     1.90     1.82
DOMC       211028 300  162000-162500   00      26.73  625.8     19.34     3.93     3.85
DOMC       211028 300  162500-163000   00      26.41  625.8     19.11     2.69     2.61
DOMC       211028 300  163000-163500   00      26.82  625.9     19.41     4.33     4.24
DOMC       211028 300  163500-164000   00      26.68  625.9     19.32     3.84     3.75
DOMC       211028 300  164000-164500   00      27.50  626.0     19.92     7.07     6.98
DOMC       211028 300  164500-165000   00      26.35  626.0     19.10     2.65     2.55
DOMC       211028 300  165000-165500   00      26.69  626.1     19.35     3.99     3.89
DOMC       211028 300  165500-170000   00      26.71  626.1     19.36     4.07     3.97
DOMC       211028 300  170000-170500   00      27.36  626.1     19.84     6.62     6.51
DOMC       211028 300  170500-171000   00      27.55  626.1     19.98     7.41     7.30
DOMC       211028 300  171000-171500   00      27.39  626.2     19.87     6.80     6.69
DOMC       211028 300  171500-172000   00      26.99  626.2     19.59     5.28     5.17
DOMC       211028 300  172000-172500   00      26.74  626.2     19.41     4.31     4.19
DOMC       211028 300  172500-173000   00      27.05  626.2     19.63     5.51     5.39
DOMC       211028 300  173000-173500   00      27.01  626.3     19.61     5.42     5.30
DOMC       211028 300  173500-174000   00      27.19  626.4     19.76     6.20     6.07
DOMC       211028 300  174000-174500   00      27.38  626.4     19.91     6.98     6.85
DOMC       211028 300  174500-175000   00      27.03  626.5     19.66     5.64     5.51
DOMC       211028 300  175000-175500   00      26.68  626.5     19.41     4.31     4.18
DOMC       211028 300  175500-180000   00      27.39  626.5     19.93     7.08     6.94
DOMC       211028 300  180000-180500   00      27.39  626.5     19.93     7.08     6.94
DOMC       211028 300  180500-181000   00      26.52  626.6     19.30     3.70     3.56
DOMC       211028 300  181000-181500   00      27.48  626.6     20.00     7.49     7.34
DOMC       211028 300  181500-182000   00      27.36  626.6     19.92     7.06     6.91
DOMC       211028 300  182000-182500   00      26.20  626.7     19.07     2.52     2.37
DOMC       211028 300  182500-183000   00      27.39  626.7     19.95     7.22     7.06
DOMC       211028 300  183000-183500   00      26.67  626.7     19.42     4.39     4.23
DOMC       211028 300  183500-184000   00      26.57  626.7     19.35     4.02     3.86
DOMC       211028 300  184000-184500   00      26.45  626.7     19.27     3.59     3.43
DOMC       211028 300  184500-185000   00      26.36  626.8     19.21     3.26     3.09
DOMC       211028 300  185000-185500   00      27.16  626.8     19.81     6.44     6.27
DOMC       211028 300  185500-190000   00      26.72  626.8     19.48     4.71     4.54
DOMC       211028 300  190000-190500   00      26.76  626.8     19.51     4.87     4.69
DOMC       211028 300  190500-191000   00      26.16  626.9     19.08     2.53     2.35
DOMC       211028 300  191000-191500   00      26.91  626.9     19.63     5.48     5.30
DOMC       211028 300  191500-192000   00      26.35  626.9     19.23     3.35     3.17
DOMC       211028 300  192000-192500   00      26.24  627.0     19.16     2.95     2.76
DOMC       211028 300  192500-193000   00      26.56  627.0     19.39     4.22     4.03
DOMC       211028 300  193000-193500   00      26.23  627.1     19.16     2.98     2.79
DOMC       211028 300  193500-194000   00      26.50  627.1     19.36     4.03     3.83
DOMC       211028 300  194000-194500   00      26.33  627.1     19.24     3.38     3.18
DOMC       211028 300  194500-195000   00      26.70  627.1     19.51     4.88     4.68
DOMC       211028 300  195000-195500   00      26.47  627.2     19.36     4.02     3.82
DOMC       211028 300  195500-200000   00      26.75  627.2     19.56     5.14     4.93
DOMC       211028 300  200000-200500   00      26.63  627.3     19.49     4.75     4.54
DOMC       211028 300  200500-201000   00      25.77  627.4     18.87     1.40     1.19
DOMC       211028 300  201000-201500   00      25.82  627.4     18.91     1.62     1.40
DOMC       211028 300  201500-202000   00      25.50  627.4     18.68     0.39     0.17
DOMC       211028 300  202000-202500   00      26.41  627.5     19.35     4.01     3.79
DOMC       211028 300  202500-203000   00      26.07  627.5     19.11     2.69     2.46
DOMC       211028 300  203000-203500   00      25.98  627.6     19.05     2.39     2.16
DOMC       211028 300  203500-204000   00      26.12  627.6     19.16     2.96     2.73
DOMC       211028 300  204000-204500   00      25.90  627.6     19.00     2.12     1.89
DOMC       211028 300  204500-205000   00      25.81  627.7     18.94     1.79     1.55
DOMC       211028 300  205000-205500   00      26.27  627.7     19.29     3.65     3.41
DOMC       211028 300  205500-210000   00      25.98  627.8     19.08     2.55     2.31
DOMC       211028 300  210000-210500   00      26.19  627.8     19.24     3.40     3.15
DOMC       211028 300  210500-211000   00      25.90  627.8     19.03     2.28     2.03
DOMC       211028 300  211000-211500   00      25.46  627.9     18.71     0.55     0.30
DOMC       211028 300  211500-212000   00      26.17  627.9     19.23     3.38     3.13
DOMC       211028 300  212000-212500   00      25.50  627.9     18.75     0.75     0.49
DOMC       211028 300  212500-213000   00      26.13  628.0     19.22     3.29     3.03
DOMC       211028 300  213000-213500   00      25.60  628.0     18.83     1.20     0.94
DOMC       211028 300  213500-214000   00      25.11  628.0     18.47    -0.73    -1.00
DOMC       211028 300  214000-214500   00      25.69  628.0     18.91     1.61     1.34
DOMC       211028 300  214500-215000   00      25.81  628.1     19.00     2.11     1.84
DOMC       211028 300  215000-215500   00      25.17  628.1     18.53    -0.40    -0.67
DOMC       211028 300  215500-220000   00      25.50  628.1     18.78     0.92     0.64
DOMC       211028 300  220000-220500   00      25.52  628.1     18.79     0.98     0.70
DOMC       211028 300  220500-221000   00      26.01  628.1     19.15     2.94     2.66
DOMC       211028 300  221000-221500   00      25.45  628.2     18.74     0.74     0.45
DOMC       211028 300  221500-222000   00      25.36  628.2     18.68     0.41     0.12
DOMC       211028 300  222000-222500   00      26.02  628.2     19.18     3.06     2.77
DOMC       211028 300  222500-223000   00      25.02  628.2     18.44    -0.91    -1.21
DOMC       211028 300  223000-223500   00      25.61  628.3     18.88     1.45     1.15
DOMC       211028 300  223500-224000   00      24.85  628.3     18.32    -1.52    -1.82
DOMC       211028 300  224000-224500   00      24.73  628.4     18.25    -1.94    -2.24
DOMC       211028 300  224500-225000   00      25.35  628.4     18.71     0.58     0.27
DOMC       211028 300  225000-225500   00      25.49  628.4     18.82     1.15     0.84
DOMC       211028 300  225500-230000   00      25.01  628.4     18.46    -0.79    -1.10
DOMC       211028 300  230000-230500   00      25.10  628.5     18.53    -0.41    -0.73
DOMC       211028 300  230500-231000   00      25.46  628.5     18.81     1.09     0.77
DOMC       211028 300  231000-231500   00      26.43  628.5     19.52     4.91     4.59
DOMC       211028 300  231500-232000   00      25.15  628.5     18.57    -0.20    -0.52
DOMC       211028 300  232000-232500   00      24.82  628.5     18.33    -1.50    -1.83
DOMC       211028 300  232500-233000   00      25.44  628.5     18.79     0.98     0.65
DOMC       211028 300  233000-233500   00      24.73  628.5     18.27    -1.83    -2.16
DOMC       211028 300  233500-234000   00      25.08  628.5     18.52    -0.45    -0.79
DOMC       211028 300  234000-234500   00      25.36  628.5     18.73     0.66     0.32
DOMC       211028 300  234500-235000   00      24.04  628.5     17.75    -4.58    -4.92
DOMC       211028 300  235000-235500   00      25.07  628.5     18.51    -0.50    -0.85
DOMC       211028 300  235500-000000   00      25.05  628.5     18.50    -0.57    -0.92
DOMC       211029 3600 000000-010000   00      25.37  628.7     18.77     0.88    -9999
DOMC       211029 3600 010000-020000   00      25.40  629.1     18.86     1.33    -9999
DOMC       211029 3600 020000-030000   00      25.18  629.7     18.77     0.85    -9999
DOMC       211029 3600 030000-040000   00      25.13  630.0     18.77     0.90    -9999
DOMC       211029 3600 040000-050000   00      24.91  630.4     18.67     0.34    -9999
DOMC       211029 3600 050000-060000   00      24.93  630.8     18.74     0.73    -9999
DOMC       211029 3600 060000-070000   00      24.73  631.2     18.65     0.21    -9999
DOMC       211029 3600 070000-080000   00      24.83  631.7     18.79     1.01    -9999
DOMC       211029 3600 080000-090000   00      24.75  632.3     18.81     1.11    -9999
DOMC       211029 3600 090000-100000   00      24.63  632.7     18.79     0.98    -9999
DOMC       211029 3600 100000-110000   00      24.50  633.1     18.75     0.74    -9999
DOMC       211029 3600 110000-120000   00      24.49  633.4     18.78     0.91    -9999
DOMC       211029 3600 120000-130000   00      24.32  633.7     18.70     0.51    -9999
DOMC       211029 3600 130000-140000   00      24.29  634.2     18.74     0.71    -9999
DOMC       211029 3600 140000-150000   00      24.09  634.4     18.62     0.07    -9999
DOMC       211029 3600 150000-160000   00      24.13  634.8     18.70     0.52    -9999
DOMC       211029 3600 160000-170000   00      24.23  635.0     18.81     1.09    -9999
DOMC       211029 3600 170000-180000   00      24.11  635.2     18.74     0.73    -9999
DOMC       211029 3600 180000-190000   00      24.14  635.4     18.80     1.02    -9999
DOMC       211029 3600 190000-200000   00      24.05  635.7     18.77     0.90    -9999
DOMC       211029 3600 200000-210000   00      24.19  636.1     18.94     1.81    -9999
DOMC       211029 3600 210000-220000   00      23.96  636.4     18.80     1.01    -9999
DOMC       211029 3600 220000-230000   00      23.88  636.6     18.77     0.86    -9999
DOMC       211029 3600 230000-000000   00      23.89  636.6     18.77     0.90    -9999
*
COMMENT  DATA VERIFIED BY ILYA USOSKIN OF THE UNIVERSITY OF OULU
COMMENT  ORIGINAL DATA IS AVAILABLE AT http://cosmicrays.oulu.fi
COMMENT UNIVERISTY OF OULU: FILE GENERATED FROM DATABASE AND OBTAINED FROM
COMMENT https://gle.oulu.fi at 2023-03-30 17:39:06 +00:00
COMMENT FOR HISTORICAL/ORIGINAL TEXT FILES SEE https://gle.oulu.fi/txtarchive/
COMMENT ORIGINAL AT https://gle.oulu.fi/txtarchive/GLE73/C073DOMC_cor.DAT
COMMENT DETRENDED DATA SHOW -9999 IF EQUAL TO INC% COLUMN 