INUVIK     LATITUDE    68.35     LONGITUDE     -133.72   ALTITUDE    21 M
INUVIK     INSTRUMENT   18NM64    NEUTRON MONITOR     	
INUVIK     STANDARD PRESSURE    1000    MB     COEFFICIENT   -0.58     % / MB
INUVIK     PRE-INCREASE BASELINE TIME INTERVAL    211028    130000-150000   UT
INUVIK     PRE-INCREASE AVERAGE COUNTING RATE    199.33      COUNTS PER SECOND
INUVIK     TIME INTERVALS    300         3600     
INUVIK     SCALE FACTORS     1           1        
STATION    YYMMDD  SEC   TIME (UT)   CODE    UNCORR. PRESS.    CORR.    % INC.	DETRENDED
                         INTERVAL    TD      C/S     (MB)      C/S
INUVIK     211027 3600 000000-010000   00     233.68  992.9    200.67     0.67    -9999
INUVIK     211027 3600 010000-020000   00     234.05  993.2    201.34     1.00    -9999
INUVIK     211027 3600 020000-030000   00     233.99  993.1    201.23     0.95    -9999
INUVIK     211027 3600 030000-040000   00     232.08  993.3    199.92     0.29    -9999
INUVIK     211027 3600 040000-050000   00     232.36  993.4    200.33     0.50    -9999
INUVIK     211027 3600 050000-060000   00     231.04  993.7    199.56     0.11    -9999
INUVIK     211027 3600 060000-070000   00     230.41  994.1    199.56     0.11    -9999
INUVIK     211027 3600 070000-080000   00     230.01  994.2    199.44     0.05    -9999
INUVIK     211027 3600 080000-090000   00     228.93  994.6    199.09    -0.12    -9999
INUVIK     211027 3600 090000-100000   00     228.45  994.9    199.18    -0.08    -9999
INUVIK     211027 3600 100000-110000   00     227.41  995.4    198.93    -0.20    -9999
INUVIK     211027 3600 110000-120000   00     226.57  995.7    198.70    -0.32    -9999
INUVIK     211027 3600 120000-130000   00     226.04  995.9    198.48    -0.43    -9999
INUVIK     211027 3600 130000-140000   00     225.40  996.0    198.12    -0.61    -9999
INUVIK     211027 3600 140000-150000   00     225.65  996.3    198.78    -0.28    -9999
INUVIK     211027 3600 150000-160000   00     225.09  996.7    198.82    -0.26    -9999
INUVIK     211027 3600 160000-170000   00     224.30  997.0    198.67    -0.33    -9999
INUVIK     211027 3600 170000-180000   00     223.76  997.4    198.74    -0.30    -9999
INUVIK     211027 3600 180000-190000   00     223.05  998.0    199.00    -0.17    -9999
INUVIK     211027 3600 190000-200000   00     223.84  998.5    200.38     0.52    -9999
INUVIK     211027 3600 200000-210000   00     223.61  998.8    200.68     0.68    -9999
INUVIK     211027 3600 210000-220000   00     222.71  999.3    200.62     0.64    -9999
INUVIK     211027 3600 220000-230000   00     223.12  999.5    201.33     1.00    -9999
INUVIK     211027 3600 230000-240000   00     222.31  999.8    201.04     0.86    -9999
INUVIK     211028 3600 000000-010000   00     221.70 1000.2    200.99     0.83    -9999
INUVIK     211028 3600 010000-020000   00     221.64 1000.4    201.26     0.97    -9999
INUVIK     211028 3600 020000-030000   00     220.88 1000.5    200.74     0.71    -9999
INUVIK     211028 3600 030000-040000   00     219.87 1000.6    200.01     0.34    -9999
INUVIK     211028 3600 040000-050000   00     219.58 1000.9    200.12     0.40    -9999
INUVIK     211028 3600 050000-060000   00     218.60 1001.1    199.55     0.11    -9999
INUVIK     211028 3600 060000-070000   00     218.98 1001.2    200.06     0.36    -9999
INUVIK     211028 3600 070000-080000   00     218.71 1001.4    200.08     0.38    -9999
INUVIK     211028 3600 080000-090000   00     217.78 1001.4    199.35     0.01    -9999
INUVIK     211028 3600 090000-100000   00     217.69 1001.6    199.53     0.10    -9999
INUVIK     211028 3600 100000-110000   00     217.47 1001.7    199.53     0.10    -9999
INUVIK     211028 3600 110000-120000   00     216.73 1001.9    199.07    -0.13    -9999
INUVIK     211028 300  120000-120500   00     217.00 1002.0    199.40     0.03    -9999
INUVIK     211028 300  120500-121000   00     214.09 1002.0    196.77    -1.29    -9999
INUVIK     211028 300  121000-121500   00     214.45 1002.0    197.15    -1.10    -9999
INUVIK     211028 300  121500-122000   00     217.58 1002.1    200.08     0.37    -9999
INUVIK     211028 300  122000-122500   00     217.96 1002.0    200.42     0.54    -9999
INUVIK     211028 300  122500-123000   00     215.18 1002.0    197.81    -0.77    -9999
INUVIK     211028 300  123000-123500   00     215.89 1002.0    198.43    -0.45    -9999
INUVIK     211028 300  123500-124000   00     217.14 1002.0    199.60     0.13    -9999
INUVIK     211028 300  124000-124500   00     216.34 1002.0    198.89    -0.22    -9999
INUVIK     211028 300  124500-125000   00     215.31 1002.0    197.97    -0.68    -9999
INUVIK     211028 300  125000-125500   00     216.49 1002.0    199.06    -0.14    -9999
INUVIK     211028 300  125500-130000   00     217.27 1002.1    199.84     0.25    -9999
INUVIK     211028 300  130000-130500   00     215.58 1002.1    198.24    -0.55    -9999
INUVIK     211028 300  130500-131000   00     216.71 1002.0    199.26    -0.04    -9999
INUVIK     211028 300  131000-131500   00     218.06 1002.1    200.52     0.59    -9999
INUVIK     211028 300  131500-132000   00     217.34 1002.1    199.89     0.28    -9999
INUVIK     211028 300  132000-132500   00     218.89 1002.2    201.43     1.05    -9999
INUVIK     211028 300  132500-133000   00     217.93 1002.2    200.59     0.63    -9999
INUVIK     211028 300  133000-133500   00     216.00 1002.2    198.80    -0.27    -9999
INUVIK     211028 300  133500-134000   00     215.58 1002.2    198.42    -0.46    -9999
INUVIK     211028 300  134000-134500   00     216.69 1002.2    199.45     0.06    -9999
INUVIK     211028 300  134500-135000   00     215.65 1002.2    198.47    -0.43    -9999
INUVIK     211028 300  135000-135500   00     218.79 1002.1    201.33     1.00    -9999
INUVIK     211028 300  135500-140000   00     214.87 1002.2    197.75    -0.79    -9999
INUVIK     211028 300  140000-140500   00     214.07 1002.2    197.08    -1.13    -9999
INUVIK     211028 300  140500-141000   00     216.97 1002.3    199.81     0.24    -9999
INUVIK     211028 300  141000-141500   00     217.72 1002.3    200.51     0.59    -9999
INUVIK     211028 300  141500-142000   00     215.67 1002.3    198.65    -0.34    -9999
INUVIK     211028 300  142000-142500   00     215.57 1002.3    198.55    -0.39    -9999
INUVIK     211028 300  142500-143000   00     217.55 1002.3    200.40     0.53    -9999
INUVIK     211028 300  143000-143500   00     213.17 1002.3    196.41    -1.47    -9999
INUVIK     211028 300  143500-144000   00     216.28 1002.3    199.31    -0.01    -9999
INUVIK     211028 300  144000-144500   00     216.95 1002.3    199.93     0.30    -9999
INUVIK     211028 300  144500-145000   00     216.79 1002.4    199.82     0.25    -9999
INUVIK     211028 300  145000-145500   00     217.77 1002.4    200.75     0.71    -9999
INUVIK     211028 300  145500-150000   00     215.44 1002.4    198.65    -0.34    -9999
INUVIK     211028 300  150000-150500   00     214.95 1002.4    198.18    -0.58    -0.78
INUVIK     211028 300  150500-151000   00     218.81 1002.4    201.75     1.21     0.99
INUVIK     211028 300  151000-151500   00     218.07 1002.5    201.13     0.90     0.67
INUVIK     211028 300  151500-152000   00     213.11 1002.5    196.64    -1.35    -1.60
INUVIK     211028 300  152000-152500   00     216.83 1002.5    200.13     0.40     0.13
INUVIK     211028 300  152500-153000   00     216.49 1002.5    199.80     0.23    -0.05
INUVIK     211028 300  153000-153500   00     214.50 1002.5    197.93    -0.71    -1.01
INUVIK     211028 300  153500-154000   00     215.85 1002.5    199.17    -0.08    -0.39
INUVIK     211028 300  154000-154500   00     214.73 1002.5    198.13    -0.60    -0.93
INUVIK     211028 300  154500-155000   00     219.29 1002.5    202.35     1.51     1.17
INUVIK     211028 300  155000-155500   00     215.69 1002.5    199.03    -0.15    -0.50
INUVIK     211028 300  155500-160000   00     218.74 1002.5    201.79     1.23     0.86
INUVIK     211028 300  160000-160500   00     216.60 1002.5    199.82     0.25    -0.13
INUVIK     211028 300  160500-161000   00     220.53 1002.5    203.45     2.07     1.67
INUVIK     211028 300  161000-161500   00     220.52 1002.5    203.44     2.06     1.65
INUVIK     211028 300  161500-162000   00     219.25 1002.5    202.34     1.51     1.09
INUVIK     211028 300  162000-162500   00     219.78 1002.6    202.86     1.77     1.33
INUVIK     211028 300  162500-163000   00     222.96 1002.6    205.81     3.25     2.80
INUVIK     211028 300  163000-163500   00     220.67 1002.6    203.72     2.20     1.74
INUVIK     211028 300  163500-164000   00     220.55 1002.6    203.63     2.15     1.67
INUVIK     211028 300  164000-164500   00     220.69 1002.6    203.75     2.22     1.73
INUVIK     211028 300  164500-165000   00     224.45 1002.6    207.19     3.94     3.44
INUVIK     211028 300  165000-165500   00     221.93 1002.6    204.89     2.79     2.28
INUVIK     211028 300  165500-170000   00     223.16 1002.6    206.04     3.36     2.83
INUVIK     211028 300  170000-170500   00     222.82 1002.6    205.73     3.21     2.67
INUVIK     211028 300  170500-171000   00     221.84 1002.6    204.84     2.76     2.21
INUVIK     211028 300  171000-171500   00     221.94 1002.6    205.08     2.88     2.32
INUVIK     211028 300  171500-172000   00     221.10 1002.6    204.21     2.45     1.88
INUVIK     211028 300  172000-172500   00     223.42 1002.7    206.37     3.53     2.94
INUVIK     211028 300  172500-173000   00     222.85 1002.7    205.90     3.29     2.69
INUVIK     211028 300  173000-173500   00     220.15 1002.7    203.35     2.02     1.41
INUVIK     211028 300  173500-174000   00     220.78 1002.6    203.90     2.29     1.67
INUVIK     211028 300  174000-174500   00     221.98 1002.6    205.02     2.85     2.22
INUVIK     211028 300  174500-175000   00     220.94 1002.7    204.08     2.38     1.74
INUVIK     211028 300  175000-175500   00     222.31 1002.7    205.37     3.03     2.38
INUVIK     211028 300  175500-180000   00     224.97 1002.7    207.86     4.28     3.62
INUVIK     211028 300  180000-180500   00     223.81 1002.7    206.81     3.75     3.08
INUVIK     211028 300  180500-181000   00     222.07 1002.7    205.22     2.96     2.28
INUVIK     211028 300  181000-181500   00     221.23 1002.7    204.45     2.57     1.88
INUVIK     211028 300  181500-182000   00     219.81 1002.8    203.20     1.94     1.24
INUVIK     211028 300  182000-182500   00     219.33 1002.8    202.83     1.75     1.04
INUVIK     211028 300  182500-183000   00     222.34 1002.8    205.65     3.17     2.45
INUVIK     211028 300  183000-183500   00     222.37 1002.9    205.71     3.20     2.47
INUVIK     211028 300  183500-184000   00     221.49 1002.9    204.91     2.80     2.06
INUVIK     211028 300  184000-184500   00     221.76 1002.9    205.25     2.97     2.22
INUVIK     211028 300  184500-185000   00     221.59 1002.9    205.13     2.91     2.15
INUVIK     211028 300  185000-185500   00     220.93 1002.9    204.49     2.59     1.83
INUVIK     211028 300  185500-190000   00     220.93 1002.9    204.50     2.59     1.82
INUVIK     211028 300  190000-190500   00     221.83 1002.9    205.33     3.01     2.23
INUVIK     211028 300  190500-191000   00     222.62 1002.9    206.01     3.35     2.56
INUVIK     211028 300  191000-191500   00     222.97 1002.9    206.38     3.53     2.73
INUVIK     211028 300  191500-192000   00     221.11 1003.0    204.72     2.70     1.90
INUVIK     211028 300  192000-192500   00     221.34 1003.0    204.98     2.83     2.02
INUVIK     211028 300  192500-193000   00     222.28 1003.0    205.90     3.30     2.48
INUVIK     211028 300  193000-193500   00     220.87 1003.0    204.59     2.64     1.81
INUVIK     211028 300  193500-194000   00     222.06 1003.0    205.71     3.20     2.37
INUVIK     211028 300  194000-194500   00     220.37 1003.1    204.19     2.43     1.59
INUVIK     211028 300  194500-195000   00     221.09 1003.1    204.85     2.77     1.92
INUVIK     211028 300  195000-195500   00     218.98 1003.1    202.90     1.79     0.94
INUVIK     211028 300  195500-200000   00     221.87 1003.1    205.60     3.14     2.28
INUVIK     211028 300  200000-200500   00     221.36 1003.1    205.15     2.92     2.05
INUVIK     211028 300  200500-201000   00     220.90 1003.1    204.77     2.73     1.86
INUVIK     211028 300  201000-201500   00     221.50 1003.2    205.39     3.04     2.16
INUVIK     211028 300  201500-202000   00     218.89 1003.2    203.06     1.87     0.99
INUVIK     211028 300  202000-202500   00     220.25 1003.3    204.41     2.55     1.66
INUVIK     211028 300  202500-203000   00     219.02 1003.3    203.34     2.01     1.11
INUVIK     211028 300  203000-203500   00     219.75 1003.3    204.04     2.36     1.46
INUVIK     211028 300  203500-204000   00     220.46 1003.3    204.71     2.70     1.79
INUVIK     211028 300  204000-204500   00     219.06 1003.4    203.43     2.06     1.15
INUVIK     211028 300  204500-205000   00     219.75 1003.4    204.11     2.39     1.47
INUVIK     211028 300  205000-205500   00     220.61 1003.4    204.90     2.79     1.87
INUVIK     211028 300  205500-210000   00     219.10 1003.4    203.54     2.11     1.18
INUVIK     211028 300  210000-210500   00     220.43 1003.4    204.83     2.76     1.83
INUVIK     211028 300  210500-211000   00     220.84 1003.5    205.25     2.97     2.04
INUVIK     211028 300  211000-211500   00     218.54 1003.5    203.14     1.91     0.97
INUVIK     211028 300  211500-212000   00     219.21 1003.5    203.75     2.21     1.27
INUVIK     211028 300  212000-212500   00     219.57 1003.5    204.05     2.37     1.42
INUVIK     211028 300  212500-213000   00     218.37 1003.4    202.91     1.79     0.84
INUVIK     211028 300  213000-213500   00     221.66 1003.4    205.94     3.32     2.37
INUVIK     211028 300  213500-214000   00     218.30 1003.5    202.88     1.78     0.82
INUVIK     211028 300  214000-214500   00     217.58 1003.5    202.26     1.47     0.51
INUVIK     211028 300  214500-215000   00     218.19 1003.5    202.86     1.77     0.81
INUVIK     211028 300  215000-215500   00     218.32 1003.5    203.01     1.85     0.89
INUVIK     211028 300  215500-220000   00     220.18 1003.6    204.77     2.73     1.76
INUVIK     211028 300  220000-220500   00     219.08 1003.6    203.76     2.22     1.25
INUVIK     211028 300  220500-221000   00     218.12 1003.6    202.91     1.79     0.82
INUVIK     211028 300  221000-221500   00     217.03 1003.6    201.94     1.31     0.34
INUVIK     211028 300  221500-222000   00     217.41 1003.7    202.34     1.51     0.53
INUVIK     211028 300  222000-222500   00     215.75 1003.6    200.77     0.72    -0.26
INUVIK     211028 300  222500-223000   00     217.41 1003.6    202.30     1.49     0.51
INUVIK     211028 300  223000-223500   00     220.02 1003.6    204.73     2.71     1.73
INUVIK     211028 300  223500-224000   00     217.91 1003.6    202.78     1.73     0.75
INUVIK     211028 300  224000-224500   00     219.62 1003.7    204.42     2.55     1.57
INUVIK     211028 300  224500-225000   00     218.21 1003.7    203.14     1.91     0.93
INUVIK     211028 300  225000-225500   00     218.74 1003.7    203.65     2.17     1.19
INUVIK     211028 300  225500-230000   00     216.13 1003.7    201.23     0.95    -0.03
INUVIK     211028 300  230000-230500   00     216.24 1003.7    201.35     1.01     0.03
INUVIK     211028 300  230500-231000   00     216.57 1003.7    201.64     1.16     0.17
INUVIK     211028 300  231000-231500   00     220.05 1003.7    204.86     2.77     1.78
INUVIK     211028 300  231500-232000   00     219.37 1003.7    204.19     2.44     1.45
INUVIK     211028 300  232000-232500   00     216.62 1003.7    201.66     1.17     0.18
INUVIK     211028 300  232500-233000   00     218.30 1003.7    203.23     1.96     0.98
INUVIK     211028 300  233000-233500   00     218.24 1003.7    203.19     1.93     0.95
INUVIK     211028 300  233500-234000   00     216.78 1003.7    201.81     1.24     0.26
INUVIK     211028 300  234000-234500   00     218.32 1003.7    203.30     1.99     1.01
INUVIK     211028 300  234500-235000   00     216.86 1003.8    201.98     1.33     0.35
INUVIK     211028 300  235000-235500   00     216.57 1003.8    201.74     1.21     0.23
INUVIK     211028 300  235500-240000   00     216.51 1003.8    201.72     1.20     0.22
INUVIK     211029 3600 000000-010000   00     217.28 1003.9    202.64     1.66     0.69
INUVIK     211029 3600 010000-020000   00     216.22 1004.2    201.98     1.33     0.41
INUVIK     211029 3600 020000-030000   00     215.52 1004.5    201.79     1.23     0.37
INUVIK     211029 3600 030000-040000   00     215.25 1004.6    201.76     1.22     0.45
INUVIK     211029 3600 040000-050000   00     213.53 1004.8    200.41     0.54    -0.11
INUVIK     211029 3600 050000-060000   00     212.57 1005.1    199.92     0.30    -9999
INUVIK     211029 3600 060000-070000   00     212.60 1005.3    200.37     0.52    -9999
INUVIK     211029 3600 070000-080000   00     211.32 1005.5    199.44     0.05    -9999
INUVIK     211029 3600 080000-090000   00     210.39 1005.8    199.05    -0.14    -9999
INUVIK     211029 3600 090000-100000   00     210.37 1006.0    199.29    -0.02    -9999
INUVIK     211029 3600 100000-110000   00     210.24 1006.2    199.49     0.08    -9999
INUVIK     211029 3600 110000-120000   00     209.83 1006.5    199.46     0.07    -9999
INUVIK     211029 3600 120000-130000   00     209.96 1006.9    200.17     0.42    -9999
INUVIK     211029 3600 130000-140000   00     208.74 1006.9    199.05    -0.14    -9999
INUVIK     211029 3600 140000-150000   00     209.55 1007.0    200.01     0.34    -9999
INUVIK     211029 3600 150000-160000   00     208.82 1007.3    199.72     0.20    -9999
INUVIK     211029 3600 160000-170000   00     208.85 1007.5    200.08     0.38    -9999
INUVIK     211029 3600 170000-180000   00     209.18 1007.7    200.70     0.69    -9999
INUVIK     211029 3600 180000-190000   00     208.67 1008.1    200.83     0.75    -9999
INUVIK     211029 3600 190000-200000   00     209.34 1008.3    201.76     1.21    -9999
INUVIK     211029 3600 200000-210000   00     209.69 1008.5    202.39     1.53    -9999
INUVIK     211029 3600 210000-220000   00     209.45 1008.6    202.34     1.51    -9999
INUVIK     211029 3600 220000-230000   00     208.34 1008.9    201.68     1.18    -9999
INUVIK     211029 3600 230000-240000   00     208.41 1009.2    202.21     1.44    -9999
*
COMMENT  FILE COMPOSED BY ILYA USOSKIN OF THE UNIVERSITY OF OULU
COMMENT  DATA OBTAINED FROM NMDB (15.05.2022)
COMMENT UNIVERISTY OF OULU: FILE GENERATED FROM DATABASE AND OBTAINED FROM
COMMENT https://gle.oulu.fi at 2023-03-30 17:39:06 +00:00
COMMENT FOR HISTORICAL/ORIGINAL TEXT FILES SEE https://gle.oulu.fi/txtarchive/
COMMENT ORIGINAL AT https://gle.oulu.fi/txtarchive/GLE73/C073INVK_cor.DAT
COMMENT DETRENDED DATA SHOW -9999 IF EQUAL TO INC% COLUMN 