JUNGFRAU   LATITUDE    46.55     LONGITUDE     7.98      ALTITUDE    3475 M
JUNGFRAU   INSTRUMENT   3-NM-64  NEUTRON MONITOR	
JUNGFRAU   STANDARD PRESSURE    642.5   MB     COEFFICIENT   -0.72     % / MB
JUNGFRAU   PRE-INCREASE BASELINE TIME INTERVAL    211028    130000-150000   UT
JUNGFRAU   PRE-INCREASE AVERAGE COUNTING RATE    165.13      COUNTS PER SECOND
JUNGFRAU   TIME INTERVALS    300         3600     
JUNGFRAU   SCALE FACTORS     1           1        
STATION    YYMMDD  SEC   TIME (UT)   CODE    UNCORR. PRESS.    CORR.    % INC.	DETRENDED
                         INTERVAL    TD      C/S     (MB)      C/S
JUNGFRAU   211027 3600 000000-010000   00     165.87  661.9    163.87    -0.76    -9999
JUNGFRAU   211027 3600 010000-020000   00     166.21  661.9    164.18    -0.57    -9999
JUNGFRAU   211027 3600 020000-030000   00     166.05  661.9    164.00    -0.68    -9999
JUNGFRAU   211027 3600 030000-040000   00     166.81  661.8    164.62    -0.31    -9999
JUNGFRAU   211027 3600 040000-050000   00     167.37  661.9    165.31     0.11    -9999
JUNGFRAU   211027 3600 050000-060000   00     167.07  662.1    165.22     0.06    -9999
JUNGFRAU   211027 3600 060000-070000   00     167.31  662.3    165.69     0.34    -9999
JUNGFRAU   211027 3600 070000-080000   00     167.39  662.6    166.18     0.64    -9999
JUNGFRAU   211027 3600 080000-090000   00     167.56  662.8    166.60     0.89    -9999
JUNGFRAU   211027 3600 090000-100000   00     166.84  663.0    166.00     0.53    -9999
JUNGFRAU   211027 3600 100000-110000   00     166.85  663.1    166.19     0.64    -9999
JUNGFRAU   211027 3600 110000-120000   00     166.26  662.8    165.32     0.12    -9999
JUNGFRAU   211027 3600 120000-130000   00     166.67  662.6    165.40     0.17    -9999
JUNGFRAU   211027 3600 130000-140000   00     167.25  662.5    165.85     0.44    -9999
JUNGFRAU   211027 3600 140000-150000   00     166.84  662.4    165.38     0.15    -9999
JUNGFRAU   211027 3600 150000-160000   00     166.47  662.3    164.91    -0.13    -9999
JUNGFRAU   211027 3600 160000-170000   00     166.42  662.3    164.84    -0.18    -9999
JUNGFRAU   211027 3600 170000-180000   00     166.60  662.3    164.95    -0.11    -9999
JUNGFRAU   211027 3600 180000-190000   00     166.44  662.2    164.68    -0.28    -9999
JUNGFRAU   211027 3600 190000-200000   00     166.65  662.1    164.83    -0.18    -9999
JUNGFRAU   211027 3600 200000-210000   00     165.83  662.1    163.97    -0.70    -9999
JUNGFRAU   211027 3600 210000-220000   00     165.60  662.0    163.66    -0.89    -9999
JUNGFRAU   211027 3600 220000-230000   00     166.55  661.6    164.18    -0.58    -9999
JUNGFRAU   211027 3600 230000-000000   00     166.42  661.4    163.77    -0.82    -9999
JUNGFRAU   211028 3600 000000-010000   00     167.16  661.3    164.39    -0.45    -9999
JUNGFRAU   211028 3600 010000-020000   00     167.26  661.2    164.33    -0.48    -9999
JUNGFRAU   211028 3600 020000-030000   00     167.83  660.9    164.53    -0.37    -9999
JUNGFRAU   211028 3600 030000-040000   00     169.07  660.7    165.55     0.25    -9999
JUNGFRAU   211028 3600 040000-050000   00     168.98  660.7    165.48     0.21    -9999
JUNGFRAU   211028 3600 050000-060000   00     170.32  660.5    166.59     0.88    -9999
JUNGFRAU   211028 3600 060000-070000   00     170.25  660.6    166.57     0.87    -9999
JUNGFRAU   211028 3600 070000-080000   00     168.82  660.8    165.42     0.17    -9999
JUNGFRAU   211028 3600 080000-090000   00     169.31  660.7    165.82     0.42    -9999
JUNGFRAU   211028 3600 090000-100000   00     169.37  660.7    165.88     0.45    -9999
JUNGFRAU   211028 3600 100000-110000   00     169.91  660.8    166.41     0.77    -9999
JUNGFRAU   211028 3600 110000-120000   00     169.60  660.4    165.68     0.33    -9999
JUNGFRAU   211028 300  120000-120500   00     170.70  660.1    166.47     0.81    -9999
JUNGFRAU   211028 300  120500-121000   00     167.92  660.1    163.68    -0.88    -9999
JUNGFRAU   211028 300  121000-121500   00     170.50  660.0    166.05     0.55    -9999
JUNGFRAU   211028 300  121500-122000   00     168.55  659.9    164.15    -0.59    -9999
JUNGFRAU   211028 300  122000-122500   00     168.07  659.9    163.70    -0.87    -9999
JUNGFRAU   211028 300  122500-123000   00     168.49  659.9    164.05    -0.65    -9999
JUNGFRAU   211028 300  123000-123500   00     167.89  659.8    163.32    -1.10    -9999
JUNGFRAU   211028 300  123500-124000   00     169.18  659.8    164.55    -0.35    -9999
JUNGFRAU   211028 300  124000-124500   00     170.35  659.7    165.70     0.35    -9999
JUNGFRAU   211028 300  124500-125000   00     168.76  659.7    164.06    -0.65    -9999
JUNGFRAU   211028 300  125000-125500   00     168.50  659.7    163.82    -0.79    -9999
JUNGFRAU   211028 300  125500-130000   00     170.15  659.7    165.37     0.14    -9999
JUNGFRAU   211028 300  130000-130500   00     170.78  659.6    165.94     0.49    -9999
JUNGFRAU   211028 300  130500-131000   00     169.57  659.6    164.68    -0.27    -9999
JUNGFRAU   211028 300  131000-131500   00     170.96  659.6    166.02     0.54    -9999
JUNGFRAU   211028 300  131500-132000   00     168.52  659.5    163.71    -0.86    -9999
JUNGFRAU   211028 300  132000-132500   00     170.56  659.5    165.50     0.22    -9999
JUNGFRAU   211028 300  132500-133000   00     169.95  659.4    164.78    -0.21    -9999
JUNGFRAU   211028 300  133000-133500   00     170.74  659.4    165.59     0.28    -9999
JUNGFRAU   211028 300  133500-134000   00     170.96  659.4    165.88     0.45    -9999
JUNGFRAU   211028 300  134000-134500   00     170.68  659.3    165.43     0.18    -9999
JUNGFRAU   211028 300  134500-135000   00     168.59  659.3    163.48    -1.00    -9999
JUNGFRAU   211028 300  135000-135500   00     170.71  659.3    165.48     0.21    -9999
JUNGFRAU   211028 300  135500-140000   00     170.79  659.3    165.50     0.22    -9999
JUNGFRAU   211028 300  140000-140500   00     169.14  659.3    163.88    -0.76    -9999
JUNGFRAU   211028 300  140500-141000   00     172.15  659.3    166.88     1.06    -9999
JUNGFRAU   211028 300  141000-141500   00     169.18  659.2    163.83    -0.79    -9999
JUNGFRAU   211028 300  141500-142000   00     171.81  659.3    166.53     0.85    -9999
JUNGFRAU   211028 300  142000-142500   00     170.28  659.4    165.11    -0.01    -9999
JUNGFRAU   211028 300  142500-143000   00     169.66  659.2    164.39    -0.45    -9999
JUNGFRAU   211028 300  143000-143500   00     170.20  659.2    164.84    -0.18    -9999
JUNGFRAU   211028 300  143500-144000   00     170.89  659.2    165.53     0.24    -9999
JUNGFRAU   211028 300  144000-144500   00     170.95  659.2    165.48     0.21    -9999
JUNGFRAU   211028 300  144500-145000   00     170.71  659.3    165.36     0.14    -9999
JUNGFRAU   211028 300  145000-145500   00     170.14  659.2    164.77    -0.22    -9999
JUNGFRAU   211028 300  145500-150000   00     169.92  659.2    164.56    -0.35    -9999
JUNGFRAU   211028 300  150000-150500   00     171.19  659.0    165.70     0.34     0.47
JUNGFRAU   211028 300  150500-151000   00     169.99  659.0    164.47    -0.40    -0.26
JUNGFRAU   211028 300  151000-151500   00     170.17  658.9    164.45    -0.41    -0.26
JUNGFRAU   211028 300  151500-152000   00     170.90  658.9    165.15     0.01     0.18
JUNGFRAU   211028 300  152000-152500   00     171.15  658.8    165.31     0.11     0.29
JUNGFRAU   211028 300  152500-153000   00     170.19  658.9    164.53    -0.36    -0.17
JUNGFRAU   211028 300  153000-153500   00     171.84  659.0    166.17     0.63     0.83
JUNGFRAU   211028 300  153500-154000   00     171.07  659.1    165.62     0.30     0.51
JUNGFRAU   211028 300  154000-154500   00     171.85  659.0    166.31     0.72     0.94
JUNGFRAU   211028 300  154500-155000   00     170.74  659.1    165.20     0.04     0.27
JUNGFRAU   211028 300  155000-155500   00     171.51  659.0    165.82     0.42     0.66
JUNGFRAU   211028 300  155500-160000   00     172.21  659.0    166.68     0.94     1.19
JUNGFRAU   211028 300  160000-160500   00     170.84  658.9    165.06    -0.04     0.22
JUNGFRAU   211028 300  160500-161000   00     172.30  658.9    166.62     0.90     1.18
JUNGFRAU   211028 300  161000-161500   00     170.03  659.0    164.46    -0.41    -0.12
JUNGFRAU   211028 300  161500-162000   00     170.67  659.0    165.01    -0.07     0.23
JUNGFRAU   211028 300  162000-162500   00     171.69  659.0    165.98     0.51     0.82
JUNGFRAU   211028 300  162500-163000   00     169.81  659.0    164.24    -0.54    -0.22
JUNGFRAU   211028 300  163000-163500   00     169.85  658.9    164.21    -0.56    -0.23
JUNGFRAU   211028 300  163500-164000   00     169.50  659.0    163.90    -0.75    -0.41
JUNGFRAU   211028 300  164000-164500   00     170.30  659.0    164.68    -0.28     0.07
JUNGFRAU   211028 300  164500-165000   00     170.93  659.0    165.27     0.08     0.44
JUNGFRAU   211028 300  165000-165500   00     171.14  659.0    165.52     0.24     0.61
JUNGFRAU   211028 300  165500-170000   00     171.96  659.0    166.28     0.69     1.08
JUNGFRAU   211028 300  170000-170500   00     172.30  659.0    166.64     0.92     1.32
JUNGFRAU   211028 300  170500-171000   00     169.01  659.0    163.53    -0.97    -0.56
JUNGFRAU   211028 300  171000-171500   00     170.82  659.0    165.26     0.08     0.50
JUNGFRAU   211028 300  171500-172000   00     172.00  659.1    166.53     0.85     1.28
JUNGFRAU   211028 300  172000-172500   00     172.21  659.0    166.53     0.85     1.29
JUNGFRAU   211028 300  172500-173000   00     170.64  659.0    165.00    -0.08     0.37
JUNGFRAU   211028 300  173000-173500   00     168.44  659.0    162.99    -1.29    -0.83
JUNGFRAU   211028 300  173500-174000   00     171.00  659.0    165.32     0.11     0.58
JUNGFRAU   211028 300  174000-174500   00     169.42  659.0    163.82    -0.80    -0.32
JUNGFRAU   211028 300  174500-175000   00     171.56  659.0    165.97     0.51     1.01
JUNGFRAU   211028 300  175000-175500   00     170.36  658.9    164.73    -0.25     0.26
JUNGFRAU   211028 300  175500-180000   00     171.87  658.9    166.18     0.63     1.15
JUNGFRAU   211028 300  180000-180500   00     171.49  658.9    165.82     0.42     0.95
JUNGFRAU   211028 300  180500-181000   00     171.79  658.9    166.08     0.58     1.12
JUNGFRAU   211028 300  181000-181500   00     171.72  658.9    166.05     0.56     1.11
JUNGFRAU   211028 300  181500-182000   00     171.93  659.0    166.32     0.72     1.28
JUNGFRAU   211028 300  182000-182500   00     169.90  659.0    164.32    -0.49     0.08
JUNGFRAU   211028 300  182500-183000   00     172.11  658.9    166.31     0.71     1.29
JUNGFRAU   211028 300  183000-183500   00     170.39  659.0    164.75    -0.23     0.36
JUNGFRAU   211028 300  183500-184000   00     170.44  658.9    164.68    -0.28     0.33
JUNGFRAU   211028 300  184000-184500   00     170.61  658.8    164.76    -0.22     0.40
JUNGFRAU   211028 300  184500-185000   00     170.83  658.7    164.86    -0.16     0.47
JUNGFRAU   211028 300  185000-185500   00     170.32  658.7    164.34    -0.48     0.16
JUNGFRAU   211028 300  185500-190000   00     169.54  658.7    163.62    -0.91    -0.26
JUNGFRAU   211028 300  190000-190500   00     173.43  658.7    167.43     1.39     2.05
JUNGFRAU   211028 300  190500-191000   00     168.88  658.6    162.83    -1.39    -0.72
JUNGFRAU   211028 300  191000-191500   00     170.45  658.6    164.38    -0.46     0.22
JUNGFRAU   211028 300  191500-192000   00     169.68  658.7    163.79    -0.81    -0.12
JUNGFRAU   211028 300  192000-192500   00     172.21  658.6    166.06     0.57     1.27
JUNGFRAU   211028 300  192500-193000   00     169.69  658.5    163.66    -0.89    -0.18
JUNGFRAU   211028 300  193000-193500   00     171.76  658.6    165.55     0.25     0.98
JUNGFRAU   211028 300  193500-194000   00     171.14  658.4    164.81    -0.20     0.54
JUNGFRAU   211028 300  194000-194500   00     170.77  658.4    164.57    -0.34     0.41
JUNGFRAU   211028 300  194500-195000   00     169.65  658.4    163.44    -1.02    -0.26
JUNGFRAU   211028 300  195000-195500   00     168.82  658.4    162.46    -1.62    -0.85
JUNGFRAU   211028 300  195500-200000   00     168.12  658.3    161.76    -2.04    -1.26
JUNGFRAU   211028 300  200000-200500   00     170.89  658.3    164.49    -0.39    -9999
JUNGFRAU   211028 300  200500-201000   00     170.34  658.2    163.70    -0.87    -9999
JUNGFRAU   211028 300  201000-201500   00     169.15  658.1    162.49    -1.60    -9999
JUNGFRAU   211028 300  201500-202000   00     169.09  658.2    162.62    -1.52    -9999
JUNGFRAU   211028 300  202000-202500   00     170.76  658.2    164.28    -0.52    -9999
JUNGFRAU   211028 300  202500-203000   00     170.02  658.0    163.21    -1.16    -9999
JUNGFRAU   211028 300  203000-203500   00     170.21  658.0    163.45    -1.02    -9999
JUNGFRAU   211028 300  203500-204000   00     170.41  658.0    163.66    -0.89    -9999
JUNGFRAU   211028 300  204000-204500   00     171.40  658.0    164.73    -0.24    -9999
JUNGFRAU   211028 300  204500-205000   00     169.74  658.1    163.08    -1.24    -9999
JUNGFRAU   211028 300  205000-205500   00     168.02  658.1    161.40    -2.26    -9999
JUNGFRAU   211028 300  205500-210000   00     169.95  658.0    163.18    -1.18    -9999
JUNGFRAU   211028 300  210000-210500   00     170.46  658.0    163.72    -0.86    -9999
JUNGFRAU   211028 300  210500-211000   00     170.54  657.8    163.64    -0.90    -9999
JUNGFRAU   211028 300  211000-211500   00     170.12  657.8    163.23    -1.15    -9999
JUNGFRAU   211028 300  211500-212000   00     168.96  657.9    162.14    -1.81    -9999
JUNGFRAU   211028 300  212000-212500   00     170.35  657.9    163.45    -1.02    -9999
JUNGFRAU   211028 300  212500-213000   00     169.58  657.9    162.67    -1.49    -9999
JUNGFRAU   211028 300  213000-213500   00     169.20  657.8    162.27    -1.73    -9999
JUNGFRAU   211028 300  213500-214000   00     171.23  657.8    164.24    -0.54    -9999
JUNGFRAU   211028 300  214000-214500   00     169.75  657.8    162.84    -1.38    -9999
JUNGFRAU   211028 300  214500-215000   00     168.97  657.7    161.91    -1.95    -9999
JUNGFRAU   211028 300  215000-215500   00     171.55  657.7    164.39    -0.45    -9999
JUNGFRAU   211028 300  215500-220000   00     169.64  657.6    162.48    -1.60    -9999
JUNGFRAU   211028 300  220000-220500   00     170.77  657.6    163.53    -0.97    -9999
JUNGFRAU   211028 300  220500-221000   00     171.31  657.5    163.77    -0.83    -9999
JUNGFRAU   211028 300  221000-221500   00     169.92  657.5    162.68    -1.48    -9999
JUNGFRAU   211028 300  221500-222000   00     170.73  657.4    163.26    -1.13    -9999
JUNGFRAU   211028 300  222000-222500   00     172.41  657.3    164.76    -0.22    -9999
JUNGFRAU   211028 300  222500-223000   00     170.98  657.4    163.41    -1.04    -9999
JUNGFRAU   211028 300  223000-223500   00     169.71  657.4    162.26    -1.74    -9999
JUNGFRAU   211028 300  223500-224000   00     172.01  657.2    164.25    -0.54    -9999
JUNGFRAU   211028 300  224000-224500   00     171.82  657.1    163.90    -0.74    -9999
JUNGFRAU   211028 300  224500-225000   00     171.31  657.1    163.48    -1.00    -9999
JUNGFRAU   211028 300  225000-225500   00     171.93  657.1    163.89    -0.75    -9999
JUNGFRAU   211028 300  225500-230000   00     170.24  657.0    162.34    -1.69    -9999
JUNGFRAU   211028 300  230000-230500   00     172.58  657.1    164.57    -0.34    -9999
JUNGFRAU   211028 300  230500-231000   00     171.19  657.1    163.30    -1.11    -9999
JUNGFRAU   211028 300  231000-231500   00     171.38  657.1    163.51    -0.98    -9999
JUNGFRAU   211028 300  231500-232000   00     170.66  657.1    162.83    -1.39    -9999
JUNGFRAU   211028 300  232000-232500   00     170.91  657.0    162.95    -1.32    -9999
JUNGFRAU   211028 300  232500-233000   00     171.41  656.9    163.25    -1.14    -9999
JUNGFRAU   211028 300  233000-233500   00     171.82  656.9    163.58    -0.94    -9999
JUNGFRAU   211028 300  233500-234000   00     169.49  657.0    161.48    -2.21    -9999
JUNGFRAU   211028 300  234000-234500   00     170.55  656.9    162.44    -1.63    -9999
JUNGFRAU   211028 300  234500-235000   00     172.07  656.9    163.92    -0.73    -9999
JUNGFRAU   211028 300  235000-235500   00     172.59  656.9    164.42    -0.43    -9999
JUNGFRAU   211028 300  235500-000000   00     170.70  656.9    162.57    -1.55    -9999
JUNGFRAU   211029 3600 000000-010000   00     172.48  656.7    164.02    -0.67    -9999
JUNGFRAU   211029 3600 010000-020000   00     172.19  656.5    163.64    -0.91    -9999
JUNGFRAU   211029 3600 020000-030000   00     173.83  656.1    164.73    -0.24    -9999
JUNGFRAU   211029 3600 030000-040000   00     173.41  655.8    163.96    -0.71    -9999
JUNGFRAU   211029 3600 040000-050000   00     174.49  655.5    164.61    -0.31    -9999
JUNGFRAU   211029 3600 050000-060000   00     174.92  655.2    164.59    -0.33    -9999
JUNGFRAU   211029 3600 060000-070000   00     175.88  655.1    165.37     0.14    -9999
JUNGFRAU   211029 3600 070000-080000   00     175.53  655.3    165.31     0.11    -9999
JUNGFRAU   211029 3600 080000-090000   00     175.31  655.5    165.29     0.09    -9999
JUNGFRAU   211029 3600 090000-100000   00     174.60  655.6    164.75    -0.23    -9999
JUNGFRAU   211029 3600 100000-110000   00     175.24  655.4    165.17     0.03    -9999
JUNGFRAU   211029 3600 110000-120000   00     175.39  655.2    165.03    -0.06    -9999
JUNGFRAU   211029 3600 120000-130000   00     176.06  654.9    165.32     0.11    -9999
JUNGFRAU   211029 3600 130000-140000   00     176.30  654.7    165.34     0.13    -9999
JUNGFRAU   211029 3600 140000-150000   00     176.29  654.7    165.35     0.14    -9999
JUNGFRAU   211029 3600 150000-160000   00     176.51  655.0    165.88     0.45    -9999
JUNGFRAU   211029 3600 160000-170000   00     176.24  654.8    165.39     0.15    -9999
JUNGFRAU   211029 3600 170000-180000   00     176.16  654.8    165.35     0.13    -9999
JUNGFRAU   211029 3600 180000-190000   00     175.28  655.0    164.73    -0.24    -9999
JUNGFRAU   211029 3600 190000-200000   00     175.39  654.9    164.64    -0.30    -9999
JUNGFRAU   211029 3600 200000-210000   00     175.76  654.9    165.04    -0.05    -9999
JUNGFRAU   211029 3600 210000-220000   00     175.38  654.7    164.41    -0.43    -9999
JUNGFRAU   211029 3600 220000-230000   00     176.74  654.2    165.21     0.05    -9999
JUNGFRAU   211029 3600 230000-000000   00     177.65  653.4    165.07    -0.04    -9999
*
COMMENT  FILE COMPOSED BY ILYA USOSKIN OF THE UNIVERSITY OF OULU
COMMENT  DATA OBTAINED FROM NMDB (30.10.2021)
COMMENT UNIVERISTY OF OULU: FILE GENERATED FROM DATABASE AND OBTAINED FROM
COMMENT https://gle.oulu.fi at 2023-03-30 17:39:06 +00:00
COMMENT FOR HISTORICAL/ORIGINAL TEXT FILES SEE https://gle.oulu.fi/txtarchive/
COMMENT ORIGINAL AT https://gle.oulu.fi/txtarchive/GLE73/C073JUNG_cor.DAT
COMMENT DETRENDED DATA SHOW -9999 IF EQUAL TO INC% COLUMN 