DOURBES    LATITUDE    50.1      LONGITUDE     4.6       ALTITUDE    225 M
DOURBES    INSTRUMENT   9-NM-64  NEUTRON MONITOR	
DOURBES    STANDARD PRESSURE    -9999   MB     COEFFICIENT   -9999     % / MB
DOURBES    PRE-INCREASE BASELINE TIME INTERVAL    211028    130000-150000   UT
DOURBES    PRE-INCREASE AVERAGE COUNTING RATE    112.75      COUNTS PER SECOND
DOURBES    TIME INTERVALS    300         3600     
DOURBES    SCALE FACTORS     1           1        
STATION    YYMMDD  SEC   TIME (UT)   CODE    UNCORR. PRESS.    CORR.    % INC.	DETRENDED
                         INTERVAL    TD      C/S     (MB)      C/S
DOURBES    211027 3600 000000-010000   00     101.82  998.5    111.22    -1.36    -9999
DOURBES    211027 3600 010000-020000   00     101.83  998.4    111.14    -1.43    -9999
DOURBES    211027 3600 020000-030000   00     101.90  998.2    111.02    -1.54    -9999
DOURBES    211027 3600 030000-040000   00     102.04  998.1    111.14    -1.43    -9999
DOURBES    211027 3600 040000-050000   00     102.46  998.1    111.58    -1.04    -9999
DOURBES    211027 3600 050000-060000   00     102.29  998.0    111.26    -1.32    -9999
DOURBES    211027 3600 060000-070000   00     102.89  998.2    112.08    -0.59    -9999
DOURBES    211027 3600 070000-080000   00     103.01  998.7    112.67    -0.08    -9999
DOURBES    211027 3600 080000-090000   00     102.38  998.9    112.17    -0.52    -9999
DOURBES    211027 3600 090000-100000   00     103.05  998.8    112.80     0.04    -9999
DOURBES    211027 3600 100000-110000   00     102.55  999.1    112.51    -0.21    -9999
DOURBES    211027 3600 110000-120000   00     102.92  998.7    112.57    -0.16    -9999
DOURBES    211027 3600 120000-130000   00     103.40  998.2    112.70    -0.04    -9999
DOURBES    211027 3600 130000-140000   00     103.84  997.7    112.69    -0.05    -9999
DOURBES    211027 3600 140000-150000   00     104.01  997.2    112.51    -0.21    -9999
DOURBES    211027 3600 150000-160000   00     104.12  997.0    112.44    -0.28    -9999
DOURBES    211027 3600 160000-170000   00     103.63  996.8    111.73    -0.91    -9999
DOURBES    211027 3600 170000-180000   00     103.94  996.6    111.91    -0.75    -9999
DOURBES    211027 3600 180000-190000   00     104.47  996.3    112.25    -0.45    -9999
DOURBES    211027 3600 190000-200000   00     104.46  996.0    111.98    -0.68    -9999
DOURBES    211027 3600 200000-210000   00     104.21  995.9    111.60    -1.02    -9999
DOURBES    211027 3600 210000-220000   00     103.71  995.7    110.92    -1.62    -9999
DOURBES    211027 3600 220000-230000   00     104.47  995.4    111.47    -1.14    -9999
DOURBES    211027 3600 230000-000000   00     105.87  994.8    112.47    -0.25    -9999
DOURBES    211028 3600 000000-010000   00     105.40  994.4    111.65    -0.98    -9999
DOURBES    211028 3600 010000-020000   00     106.38  993.9    112.28    -0.42    -9999
DOURBES    211028 3600 020000-030000   00     106.22  993.3    111.61    -1.02    -9999
DOURBES    211028 3600 030000-040000   00     106.86  992.6    111.70    -0.93    -9999
DOURBES    211028 3600 040000-050000   00     107.57  992.2    112.17    -0.52    -9999
DOURBES    211028 3600 050000-060000   00     107.91  992.0    112.29    -0.41    -9999
DOURBES    211028 3600 060000-070000   00     108.71  991.7    112.91     0.14    -9999
DOURBES    211028 3600 070000-080000   00     108.70  991.8    113.01     0.23    -9999
DOURBES    211028 3600 080000-090000   00     109.23  991.8    113.50     0.66    -9999
DOURBES    211028 3600 090000-100000   00     109.32  991.4    113.28     0.47    -9999
DOURBES    211028 3600 100000-110000   00     109.18  990.8    112.62    -0.12    -9999
DOURBES    211028 3600 110000-120000   00     109.79  990.2    112.80     0.04    -9999
DOURBES    211028 300  120000-120500   00     110.66  989.9    113.37     0.55    -9999
DOURBES    211028 300  120500-121000   00     108.52  989.8    111.15    -1.42    -9999
DOURBES    211028 300  121000-121500   00     110.21  989.7    112.80     0.04    -9999
DOURBES    211028 300  121500-122000   00     111.55  989.6    114.05     1.15    -9999
DOURBES    211028 300  122000-122500   00     109.22  989.5    111.60    -1.02    -9999
DOURBES    211028 300  122500-123000   00     110.08  989.4    112.39    -0.32    -9999
DOURBES    211028 300  123000-123500   00     110.43  989.3    112.67    -0.07    -9999
DOURBES    211028 300  123500-124000   00     111.37  989.3    113.64     0.79    -9999
DOURBES    211028 300  124000-124500   00     109.97  989.2    112.16    -0.53    -9999
DOURBES    211028 300  124500-125000   00     113.09  989.2    115.30     2.26    -9999
DOURBES    211028 300  125000-125500   00     111.67  989.1    113.78     0.91    -9999
DOURBES    211028 300  125500-130000   00     111.10  989.1    113.15     0.35    -9999
DOURBES    211028 300  130000-130500   00     108.76  989.0    110.73    -1.79    -9999
DOURBES    211028 300  130500-131000   00     110.65  988.9    112.57    -0.16    -9999
DOURBES    211028 300  131000-131500   00     111.02  988.9    112.92     0.15    -9999
DOURBES    211028 300  131500-132000   00     111.52  988.9    113.44     0.61    -9999
DOURBES    211028 300  132000-132500   00     110.76  988.8    112.62    -0.11    -9999
DOURBES    211028 300  132500-133000   00     109.02  988.8    110.79    -1.74    -9999
DOURBES    211028 300  133000-133500   00     112.39  988.7    114.15     1.24    -9999
DOURBES    211028 300  133500-134000   00     110.45  988.6    112.12    -0.56    -9999
DOURBES    211028 300  134000-134500   00     111.37  988.6    113.01     0.23    -9999
DOURBES    211028 300  134500-135000   00     110.84  988.6    112.48    -0.25    -9999
DOURBES    211028 300  135000-135500   00     111.13  988.5    112.70    -0.04    -9999
DOURBES    211028 300  135500-140000   00     111.53  988.4    113.05     0.26    -9999
DOURBES    211028 300  140000-140500   00     110.59  988.4    112.11    -0.57    -9999
DOURBES    211028 300  140500-141000   00     113.55  988.4    115.06     2.05    -9999
DOURBES    211028 300  141000-141500   00     109.52  988.3    110.94    -1.60    -9999
DOURBES    211028 300  141500-142000   00     110.82  988.3    112.23    -0.47    -9999
DOURBES    211028 300  142000-142500   00     112.09  988.3    113.52     0.68    -9999
DOURBES    211028 300  142500-143000   00     110.58  988.3    112.01    -0.66    -9999
DOURBES    211028 300  143000-143500   00     112.63  988.3    114.06     1.16    -9999
DOURBES    211028 300  143500-144000   00     111.75  988.2    113.10     0.31    -9999
DOURBES    211028 300  144000-144500   00     111.57  988.2    112.90     0.13    -9999
DOURBES    211028 300  144500-145000   00     110.46  988.1    111.75    -0.89    -9999
DOURBES    211028 300  145000-145500   00     112.46  988.1    113.74     0.88    -9999
DOURBES    211028 300  145500-150000   00     112.71  988.2    114.06     1.16    -9999
DOURBES    211028 300  150000-150500   00     110.37  988.2    111.68    -0.95    -9999
DOURBES    211028 300  150500-151000   00     110.39  988.1    111.65    -0.98    -9999
DOURBES    211028 300  151000-151500   00     111.00  988.0    112.18    -0.51    -9999
DOURBES    211028 300  151500-152000   00     112.42  987.9    113.56     0.72    -9999
DOURBES    211028 300  152000-152500   00     109.85  987.9    110.92    -1.63    -9999
DOURBES    211028 300  152500-153000   00     113.23  987.8    114.28     1.36    -9999
DOURBES    211028 300  153000-153500   00     112.98  987.8    113.97     1.08    -9999
DOURBES    211028 300  153500-154000   00     113.58  987.8    114.59     1.63    -9999
DOURBES    211028 300  154000-154500   00     110.34  987.8    111.31    -1.28    -9999
DOURBES    211028 300  154500-155000   00     108.60  987.7    109.48    -2.90    -9999
DOURBES    211028 300  155000-155500   00     112.65  987.6    113.53     0.69    -9999
DOURBES    211028 300  155500-160000   00     110.43  987.5    111.21    -1.37    -9999
DOURBES    211028 300  160000-160500   00     112.65  987.5    113.39     0.57    -9999
DOURBES    211028 300  160500-161000   00     111.91  987.4    112.56    -0.17    -9999
DOURBES    211028 300  161000-161500   00     113.16  987.3    113.78     0.91    -9999
DOURBES    211028 300  161500-162000   00     111.85  987.3    112.45    -0.27    -9999
DOURBES    211028 300  162000-162500   00     111.95  987.2    112.50    -0.23    -9999
DOURBES    211028 300  162500-163000   00     113.65  987.2    114.18     1.27    -9999
DOURBES    211028 300  163000-163500   00     112.07  987.2    112.55    -0.18    -9999
DOURBES    211028 300  163500-164000   00     111.90  987.1    112.37    -0.34    -9999
DOURBES    211028 300  164000-164500   00     110.54  987.1    110.95    -1.59    -9999
DOURBES    211028 300  164500-165000   00     109.71  987.0    110.08    -2.37    -9999
DOURBES    211028 300  165000-165500   00     113.05  987.0    113.41     0.58    -9999
DOURBES    211028 300  165500-170000   00     113.14  986.9    113.42     0.59    -9999
DOURBES    211028 300  170000-170500   00     114.08  986.8    114.31     1.38    -9999
DOURBES    211028 300  170500-171000   00     113.65  986.7    113.79     0.92    -9999
DOURBES    211028 300  171000-171500   00     113.04  986.6    113.08     0.29    -9999
DOURBES    211028 300  171500-172000   00     113.81  986.6    113.80     0.93    -9999
DOURBES    211028 300  172000-172500   00     113.30  986.6    113.29     0.48    -9999
DOURBES    211028 300  172500-173000   00     112.95  986.6    112.95     0.17    -9999
DOURBES    211028 300  173000-173500   00     115.00  986.6    115.03     2.02    -9999
DOURBES    211028 300  173500-174000   00     112.26  986.6    112.26    -0.44    -9999
DOURBES    211028 300  174000-174500   00     112.83  986.5    112.78     0.02    -9999
DOURBES    211028 300  174500-175000   00     111.20  986.5    111.12    -1.45    -9999
DOURBES    211028 300  175000-175500   00     109.87  986.4    109.76    -2.65    -9999
DOURBES    211028 300  175500-180000   00     114.01  986.4    113.83     0.96    -9999
DOURBES    211028 300  180000-180500   00     112.60  986.4    112.41    -0.30    -9999
DOURBES    211028 300  180500-181000   00     112.98  986.4    112.80     0.04    -9999
DOURBES    211028 300  181000-181500   00     111.83  986.4    111.64    -0.98    -9999
DOURBES    211028 300  181500-182000   00     115.70  986.3    115.47     2.41    -9999
DOURBES    211028 300  182000-182500   00     113.40  986.3    113.14     0.34    -9999
DOURBES    211028 300  182500-183000   00     113.32  986.2    113.04     0.25    -9999
DOURBES    211028 300  183000-183500   00     115.53  986.2    115.19     2.16    -9999
DOURBES    211028 300  183500-184000   00     113.05  986.1    112.65    -0.09    -9999
DOURBES    211028 300  184000-184500   00     112.89  986.1    112.49    -0.24    -9999
DOURBES    211028 300  184500-185000   00     111.63  986.1    111.21    -1.37    -9999
DOURBES    211028 300  185000-185500   00     111.49  986.1    111.06    -1.50    -9999
DOURBES    211028 300  185500-190000   00     112.32  986.1    111.89    -0.76    -9999
DOURBES    211028 300  190000-190500   00     113.27  986.1    112.90     0.13    -9999
DOURBES    211028 300  190500-191000   00     112.09  986.1    111.73    -0.91    -9999
DOURBES    211028 300  191000-191500   00     113.40  986.2    113.06     0.27    -9999
DOURBES    211028 300  191500-192000   00     112.90  986.1    112.47    -0.25    -9999
DOURBES    211028 300  192000-192500   00     111.74  986.1    111.32    -1.27    -9999
DOURBES    211028 300  192500-193000   00     113.77  986.1    113.34     0.52    -9999
DOURBES    211028 300  193000-193500   00     113.86  986.0    113.36     0.54    -9999
DOURBES    211028 300  193500-194000   00     115.15  986.0    114.62     1.66    -9999
DOURBES    211028 300  194000-194500   00     115.16  986.0    114.62     1.66    -9999
DOURBES    211028 300  194500-195000   00     112.80  986.0    112.28    -0.42    -9999
DOURBES    211028 300  195000-195500   00     112.71  985.9    112.17    -0.52    -9999
DOURBES    211028 300  195500-200000   00     112.32  985.9    111.75    -0.89    -9999
DOURBES    211028 300  200000-200500   00     114.01  985.9    113.40     0.57    -9999
DOURBES    211028 300  200500-201000   00     114.95  985.9    114.35     1.42    -9999
DOURBES    211028 300  201000-201500   00     112.04  985.8    111.42    -1.18    -9999
DOURBES    211028 300  201500-202000   00     110.21  985.8    109.61    -2.78    -9999
DOURBES    211028 300  202000-202500   00     114.83  985.8    114.19     1.28    -9999
DOURBES    211028 300  202500-203000   00     114.96  985.7    114.26     1.33    -9999
DOURBES    211028 300  203000-203500   00     113.14  985.7    112.44    -0.28    -9999
DOURBES    211028 300  203500-204000   00     110.51  985.7    109.81    -2.61    -9999
DOURBES    211028 300  204000-204500   00     112.49  985.7    111.79    -0.85    -9999
DOURBES    211028 300  204500-205000   00     112.40  985.7    111.67    -0.96    -9999
DOURBES    211028 300  205000-205500   00     111.17  985.7    110.44    -2.05    -9999
DOURBES    211028 300  205500-210000   00     113.03  985.7    112.27    -0.43    -9999
DOURBES    211028 300  210000-210500   00     113.01  985.7    112.25    -0.45    -9999
DOURBES    211028 300  210500-211000   00     112.12  985.7    111.36    -1.24    -9999
DOURBES    211028 300  211000-211500   00     110.55  985.6    109.77    -2.65    -9999
DOURBES    211028 300  211500-212000   00     112.99  985.6    112.15    -0.53    -9999
DOURBES    211028 300  212000-212500   00     113.53  985.6    112.70    -0.05    -9999
DOURBES    211028 300  212500-213000   00     114.16  985.6    113.34     0.52    -9999
DOURBES    211028 300  213000-213500   00     111.86  985.7    111.09    -1.47    -9999
DOURBES    211028 300  213500-214000   00     112.61  985.7    111.86    -0.79    -9999
DOURBES    211028 300  214000-214500   00     112.75  985.7    112.01    -0.66    -9999
DOURBES    211028 300  214500-215000   00     111.18  985.7    110.46    -2.03    -9999
DOURBES    211028 300  215000-215500   00     111.99  985.7    111.24    -1.34    -9999
DOURBES    211028 300  215500-220000   00     111.60  985.6    110.80    -1.73    -9999
DOURBES    211028 300  220000-220500   00     112.62  985.6    111.83    -0.82    -9999
DOURBES    211028 300  220500-221000   00     112.17  985.6    111.38    -1.22    -9999
DOURBES    211028 300  221000-221500   00     113.48  985.6    112.63    -0.11    -9999
DOURBES    211028 300  221500-222000   00     113.31  985.5    112.40    -0.32    -9999
DOURBES    211028 300  222000-222500   00     112.80  985.4    111.84    -0.81    -9999
DOURBES    211028 300  222500-223000   00     113.40  985.4    112.44    -0.28    -9999
DOURBES    211028 300  223000-223500   00     112.21  985.4    111.21    -1.37    -9999
DOURBES    211028 300  223500-224000   00     113.05  985.3    112.01    -0.66    -9999
DOURBES    211028 300  224000-224500   00     113.45  985.3    112.36    -0.35    -9999
DOURBES    211028 300  224500-225000   00     112.56  985.2    111.45    -1.16    -9999
DOURBES    211028 300  225000-225500   00     114.33  985.2    113.18     0.38    -9999
DOURBES    211028 300  225500-230000   00     111.83  985.2    110.71    -1.81    -9999
DOURBES    211028 300  230000-230500   00     112.03  985.2    110.88    -1.66    -9999
DOURBES    211028 300  230500-231000   00     113.74  985.2    112.55    -0.18    -9999
DOURBES    211028 300  231000-231500   00     114.30  985.0    113.01     0.23    -9999
DOURBES    211028 300  231500-232000   00     112.28  985.0    111.02    -1.54    -9999
DOURBES    211028 300  232000-232500   00     113.56  985.0    112.23    -0.46    -9999
DOURBES    211028 300  232500-233000   00     113.86  984.9    112.45    -0.27    -9999
DOURBES    211028 300  233000-233500   00     114.05  984.8    112.58    -0.16    -9999
DOURBES    211028 300  233500-234000   00     111.60  984.8    110.13    -2.32    -9999
DOURBES    211028 300  234000-234500   00     112.45  984.8    110.97    -1.58    -9999
DOURBES    211028 300  234500-235000   00     110.77  984.8    109.29    -3.07    -9999
DOURBES    211028 300  235000-235500   00     112.44  984.7    110.91    -1.63    -9999
DOURBES    211028 300  235500-000000   00     113.48  984.7    111.92    -0.74    -9999
DOURBES    211029 3600 000000-010000   00     113.40  984.6    111.73    -0.91    -9999
DOURBES    211029 3600 010000-020000   00     113.94  984.2    111.96    -0.70    -9999
DOURBES    211029 3600 020000-030000   00     114.33  983.7    111.90    -0.75    -9999
DOURBES    211029 3600 030000-040000   00     115.08  983.2    112.29    -0.41    -9999
DOURBES    211029 3600 040000-050000   00     116.23  982.8    113.04     0.26    -9999
DOURBES    211029 3600 050000-060000   00     116.69  982.2    113.00     0.22    -9999
DOURBES    211029 3600 060000-070000   00     116.61  981.9    112.62    -0.12    -9999
DOURBES    211029 3600 070000-080000   00     116.50  981.9    112.50    -0.22    -9999
DOURBES    211029 3600 080000-090000   00     116.79  981.5    112.46    -0.26    -9999
DOURBES    211029 3600 090000-100000   00     117.49  981.1    112.86     0.09    -9999
DOURBES    211029 3600 100000-110000   00     117.72  980.9    112.92     0.15    -9999
DOURBES    211029 3600 110000-120000   00     118.21  980.3    112.86     0.10    -9999
DOURBES    211029 3600 120000-130000   00     118.90  980.0    113.22     0.41    -9999
DOURBES    211029 3600 130000-140000   00     118.95  979.7    113.08     0.29    -9999
DOURBES    211029 3600 140000-150000   00     119.24  979.7    113.36     0.54    -9999
DOURBES    211029 3600 150000-160000   00     119.04  980.2    113.58     0.74    -9999
DOURBES    211029 3600 160000-170000   00     118.13  980.7    113.09     0.30    -9999
DOURBES    211029 3600 170000-180000   00     117.35  981.1    112.70    -0.05    -9999
DOURBES    211029 3600 180000-190000   00     117.41  981.4    112.99     0.21    -9999
DOURBES    211029 3600 190000-200000   00     118.01  981.2    113.41     0.59    -9999
DOURBES    211029 3600 200000-210000   00     117.28  981.1    112.64    -0.10    -9999
DOURBES    211029 3600 210000-220000   00     117.46  980.9    112.68    -0.07    -9999
DOURBES    211029 3600 220000-230000   00     117.58  980.7    112.57    -0.16    -9999
DOURBES    211029 3600 230000-000000   00     118.05  979.9    112.39    -0.32    -9999
*
COMMENT  FILE COMPOSED BY ILYA USOSKIN OF THE UNIVERSITY OF OULU
COMMENT  DATA OBTAINED FROM NMDB (30.10.2021)
COMMENT UNIVERISTY OF OULU: FILE GENERATED FROM DATABASE AND OBTAINED FROM
COMMENT https://gle.oulu.fi at 2023-03-30 17:39:06 +00:00
COMMENT FOR HISTORICAL/ORIGINAL TEXT FILES SEE https://gle.oulu.fi/txtarchive/
COMMENT ORIGINAL AT https://gle.oulu.fi/txtarchive/GLE73/C073DRBS.DAT
COMMENT DETRENDED DATA SHOW -9999 IF EQUAL TO INC% COLUMN 